   0.00000000      0.10000000000000001       0.18329807108324356       0.33598182862837817       0.61584821106602639        1.1288378916846888        2.0691380811147893        3.7926901907322499        6.9519279617756053        12.742749857031335        23.357214690901213        42.813323987193911        78.475997035146065        143.84498882876630        263.66508987303581        483.29302385717523        885.86679041008233        1623.7767391887210        2976.3514416313192        5455.5947811685146        10000.000000000000     
   1.0000000000000001E-005   1.0374649932185079E-042   1.3673500753129672E-042   1.8397945395897419E-042   2.0582273027609882E-042   1.5096534694228297E-042   1.0149145701611306E-042   7.4105702137412984E-043   4.9395785948058893E-043   2.3915967005308411E-043   1.3256618731434742E-043   1.1626607960962814E-043   1.4810921551452195E-043   2.3200767634442798E-043   3.9780766706480095E-043   7.0719034236346133E-043   1.2765318064305891E-042   2.3212954008321912E-042   4.2382222505468029E-042   7.7575278313646260E-042   0.0000000000000000     
   1.4563484775012439E-005   7.8996969892718935E-043   1.0520699020986678E-042   1.4214726173686951E-042   1.5836100937396495E-042   1.1345965435441094E-042   7.5221922175195434E-043   5.5056262783866096E-043   3.6498712245640464E-043   1.7368317721491166E-043   9.4727965128747872E-044   8.2637516811125459E-044   1.0509539792091625E-043   1.6451494011003392E-043   2.8197299727253846E-043   5.0120793389859063E-043   9.0470328954210102E-043   1.6452016710998494E-042   3.0039866436327969E-042   5.4988257311127225E-042   0.0000000000000000     
   2.1209508879201909E-005   6.0290432578206509E-043   8.1482869211691937E-043   1.1039400217732201E-042   1.2223354132022847E-042   8.5528695528851103E-043   5.6030014393285809E-043   4.0934972199601419E-043   2.7148664688018352E-043   1.2609002217239839E-043   6.7770495317489687E-044   5.8786611763515029E-044   7.4634505824796877E-044   1.1674798452981921E-043   2.0001624386836600E-043   3.5548435556927831E-043   6.4166080892333022E-043   1.1669159859514324E-042   2.1308483205339347E-042   3.9009143341568313E-042   7.1436717400919779E-042
   3.0888435964774813E-005   4.6284597766917312E-043   6.3490916392500031E-043   8.6032746307750975E-043   9.4809920827748593E-043   6.4708286802586943E-043   4.1783232493737506E-043   3.0642504471398524E-043   2.0247142394097424E-043   9.1763412575517163E-044   4.8543840448753372E-044   4.1857077157767663E-044   5.3047432925995854E-044   8.2918103416632878E-044   1.4199098555654259E-043   2.5232391861334026E-043   4.5545385796548927E-043   8.2833661429033525E-043   1.5127352038132644E-042   2.7696748781024222E-042   5.0698479429847245E-042
   4.4984326689694456E-005   3.5761944573717355E-043   4.9747994055767364E-043   6.7439333921218732E-043   7.3970074906386665E-043   4.9255823805838288E-043   3.1363367816606483E-043   2.2985596286167148E-043   1.5183338027114540E-043   6.6991237098337275E-044   3.4775714476062498E-044   2.9830720132279846E-044   3.7737700973420413E-044   5.8941787208460900E-044   1.0088148405736669E-043   1.7924587579406620E-043   3.2354936491743517E-043   5.8849013209528779E-043   1.0748501374814221E-042   1.9682329136512232E-042   3.6009497565843237E-042
   6.5512855685955081E-005   2.7794876238252602E-043   3.9181406104010915E-043   5.3152947413938891E-043   5.8025709425454218E-043   3.7500957189915459E-043   2.3570236949221784E-043   1.7373105256010295E-043   1.1424117991783488E-043   4.9038458986252448E-044   2.4924433487210925E-044   2.1280494916144918E-044   2.6871653386384009E-044   4.1936584265130675E-044   7.1736192496104702E-044   1.2744233677421818E-043   2.3004635317732050E-043   4.1846433872460431E-043   7.6441655488632698E-043   1.3998603175777525E-042   2.5598157619771597E-042
   9.5409547634999408E-005   2.1675882710301055E-043   3.0994240463612726E-043   4.2108824326084182E-043   4.5751209986565860E-043   2.8722737238951966E-043   1.7822850946565236E-043   1.3144474341436920E-043   8.6564677402476800E-044   3.5871250801076669E-044   1.7884487516381287E-044   1.5196596071646168E-044   1.9153464953417780E-044   2.9866533820639558E-044   5.1058307160270597E-044   9.0693691301738277E-044   1.6371715446942312E-043   2.9784526487925732E-043   5.4417204036824698E-043   9.9584138212952355E-043   1.8213552004768291E-042
   1.3894954943731376E-004   1.6990059901774476E-043   2.4649086783680418E-043   3.3523799165186299E-043   3.6248618423077128E-043   2.2119500409585303E-043   1.3528288514254190E-043   1.0019529379989936E-043   6.5693893814881819E-044   2.6328643656738652E-044   1.2848386685634434E-044   1.0861478024673146E-044   1.3666764408491730E-044   2.1292650685794643E-044   3.6376873079119553E-044   6.4605386887650601E-044   1.1662912261581599E-043   2.1221037708470119E-043   3.8779118642049859E-043   7.0909881898980854E-043   1.2971914414587263E-042
   2.0235896477251568E-004   1.3389581596109746E-043   1.9680893873420275E-043   2.6816937374306401E-043   2.8854432868858138E-043   1.7066124538186413E-043   1.0304107615018175E-043   7.6789264901109344E-044   5.0217371745709224E-044   1.9387718364146302E-044   9.2420051447297794E-045   7.7620314753542940E-045   9.7504955202782084E-045   1.5197229066159662E-044   2.5944776347972243E-044   4.6070531877052049E-044   8.3174243773926950E-044   1.5136382954491278E-043   2.7666369693273216E-043   5.0543757061459408E-043   9.2484958177291139E-043
   2.9470517025518102E-004   1.0606166887490471E-043   1.5778133943528934E-043   2.1553913340326914E-043   2.3074549286764529E-043   1.3220811597562884E-043   7.8992967153776603E-044   5.9022193385789095E-044   3.8625747629423957E-044   1.4252522031143657E-044   6.6567357409864360E-045   5.5532309983788766E-045   6.9640867287917338E-045   1.0858075822173117E-044   1.8525954676417308E-044   3.2891278441393266E-044   5.9385511962459437E-044   1.0809333651441845E-043   1.9738569788320497E-043   3.6067067933198674E-043   6.6013900691463358E-043
   4.2919342601287761E-004   8.4423683894030423E-044   1.2700498350905613E-043   1.7407644895362471E-043   1.8538371295337615E-043   1.0292377204487745E-043   6.0814783406803880E-044   4.5661080789330255E-044   2.9769345167614732E-044   1.0514568388635295E-044   4.8014779462949643E-045   3.9778115500900373E-045   4.9799398782494902E-045   7.7580262751416399E-045   1.3245377244623895E-044   2.3511909336147750E-044   4.2455031503900938E-044   7.7293939083560021E-044   1.4098086025397972E-043   2.5768026142055470E-043   4.7178362752106794E-043
   6.2505519252739703E-004   6.7516463938735124E-044   1.0264422033023577E-043   1.4075171400717259E-043   1.4966131857223720E-043   8.0495828993850416E-044   4.6962091828315399E-044   3.5536181262890433E-044   2.3086068762756081E-044   7.7698429586410005E-045   3.4612363847270271E-045   2.8531398348759907E-045   3.5658096610544806E-045   5.5502020121408064E-045   9.4832130300346552E-045   1.6830559079201516E-044   3.0394112645128014E-044   5.5282010556716887E-044   1.0082456459668537E-043   1.8434434332229990E-043   3.3763432196214242E-043
   9.1029817799152173E-004   5.4243874388096573E-044   8.3296428084131928E-044   1.1427651322795628E-043   1.2145428008750729E-043   6.3229740394249545E-044   3.6473746871821837E-044   2.7809615056350782E-044   1.8004621731173293E-044   5.7379032712985808E-045   2.4973084635678060E-045   2.0494797552684820E-045   2.5569742022729092E-045   3.9763375303985984E-045   6.8001271802679402E-045   1.2066324584164712E-044   2.1783416426454034E-044   3.9579317816353222E-044   7.2209070344770460E-044   1.3207364380425555E-043   2.4199584484503912E-043
   1.3257113655901084E-003   4.3725073704748801E-044   6.7883335535625514E-044   9.3226020108310012E-044   9.8881884718707491E-044   4.9873954702002345E-044   2.8479413355343990E-044   2.1875153722401046E-044   1.4114432272404035E-044   4.2528838349770711E-045   1.8047482585101341E-045   1.4746116634254067E-045   1.8365312315794452E-045   2.8532607590874264E-045   4.8771426013323955E-045   8.6578722891580488E-045   1.5615439554245454E-044   2.8380500145741956E-044   5.1796787411139741E-044   9.4778281513911959E-044   1.7373920507126264E-043
   1.9306977288832499E-003   3.5314361746871269E-044   5.5423424801862631E-044   7.6473062990732183E-044   8.0742600809739885E-044   3.9497453042566303E-044   2.2348537482527130E-044   1.7290078812367425E-044   1.1117482771522967E-044   3.1471598664717158E-045   1.3066068871127881E-045   1.0629404999232315E-045   1.3214630601773273E-045   2.0509781513675117E-045   3.5021501485828181E-045   6.2158013306324260E-045   1.1212639044961907E-044   2.0385147425413385E-044   3.7220022079601262E-044   6.8137694778821464E-044   1.2474581769437342E-043
   2.8117686979742284E-003   2.8628070132400460E-044   4.5276276988588683E-044   6.2831012134318649E-044   6.6368979017056720E-044   3.1403066985411392E-044   1.7620151114218086E-044   1.3728283526307689E-044   8.7954391148652342E-045   2.3341571521462006E-045   9.4787914835104559E-046   7.6650787155873053E-046   9.5277599176619160E-046   1.4771759379332411E-045   2.5194732007061767E-045   4.4707737311818763E-045   8.0662508086546848E-045   1.4670222102540931E-044   2.6798023487162787E-044   4.9049983906091555E-044   8.9698363035308025E-044
   4.0949150623804239E-003   2.3297541668801252E-044   3.7138551669249668E-044   5.1818752616138865E-044   5.4972594052176399E-044   2.5065523703161828E-044   1.3954441858463021E-044   1.0947626278693822E-044   6.9869535710207499E-045   1.7332332565324777E-045   6.8738416535200271E-046   5.5329119247068889E-046   6.8681056920937138E-046   1.0662533999399657E-045   1.8163060561562496E-045   3.2222961939220985E-045   5.8149337336604613E-045   1.0580104271969017E-044   1.9336852450273665E-044   3.5321647216234886E-044   6.4629094727733359E-044
   5.9636233165946432E-003   1.9036799562370878E-044   3.0602454452622084E-044   4.3082951287641727E-044   4.5596172042017905E-044   2.0086772341706805E-044   1.1098971752660446E-044   8.7669632688885943E-045   5.5718194945460759E-045   1.2863043479360900E-045   4.9914652143633946E-046   4.0029711404598010E-046   4.9606881830881768E-046   7.6981451254956397E-046   1.3124660266842737E-045   2.3278748010045925E-045   4.2018713765199078E-045   7.6487833451147402E-045   1.3947872206161532E-044   2.5492302061719162E-044   4.6673340282671415E-044
   8.6851137375135203E-003   1.5569378889795573E-044   2.5152340675708259E-044   3.5856921001066372E-044   3.8269165045434527E-044   1.6163517177524558E-044   8.8648690351554009E-045   7.0498313061936445E-045   4.4597966498746743E-045   9.5804495106364236E-046   3.6338618631292702E-046   2.9036105120918242E-046   3.5920885023277687E-046   5.5679157624903818E-046   9.5091699625157919E-046   1.6861624699103358E-045   3.0434560334101123E-045   5.5286605469457792E-045   1.0085202733692679E-044   1.8444652261396068E-044   3.3793940807060010E-044
   1.2648552168552958E-002   1.2741942033961977E-044   2.0750784464531528E-044   3.0113616012840332E-044   3.2265196593859368E-044   1.3063465894559555E-044   7.1098851285419370E-045   5.6927512446628159E-045   3.5826564573003393E-045   7.1164456231317931E-046   2.6532765181367901E-046   2.1124269744108057E-046   2.6085899463034513E-046   4.0383861539150244E-046   6.8900748274322813E-046   1.2223098323955258E-045   2.2041390143366009E-045   4.0060552423283499E-045   7.3125152707263987E-045   1.3383681431411000E-044   2.4520325039829228E-044
   1.8420699693267147E-002   1.0469376777867991E-044   1.7208270133289618E-044   2.5390200277892457E-044   2.7580567845862407E-044   1.0607870525165180E-044   5.7262280722659987E-045   4.6167760378599362E-045   2.8884703369668098E-045   5.3097741583272245E-046   1.9368631275752203E-046   1.5366162794339549E-046   1.8992643593063319E-046   2.9383659353117988E-046   5.0048354508572928E-046   8.8762002754712150E-046   1.6011001772159992E-045   2.9117421960330700E-045   5.3189662920522221E-045   9.7326596260497046E-045   1.7798805243532853E-044
   2.6826957952797249E-002   8.6327798741330901E-045   1.4214789098867478E-044   2.1626315981478187E-044   2.3738066969286967E-044   8.6486414564688979E-045   4.6317536612103415E-045   3.7613403513259167E-045   2.3374756972109645E-045   3.9542753454531178E-046   1.4172559005961977E-046   1.1209492427718485E-046   1.3831070363765303E-046   2.1427508276979231E-046   3.6479779554492957E-046   6.4677857698769477E-046   1.1670807173863465E-045   2.1238724881227398E-045   3.8760313749335476E-045   7.0822255958952058E-045   1.2963301451932457E-044
   3.9069399370546133E-002   7.0968329293171164E-045   1.1802215275841533E-044   1.8428576246967290E-044   2.0653501414671883E-044   7.0561336578733598E-045   3.7635397949827428E-045   3.0716860055438193E-045   1.8990612101727956E-045   2.9562524103114609E-046   1.0410896365627900E-046   8.2093094156739497E-047   1.0110596559082704E-046   1.5641019878057031E-046   2.6695995355653342E-046   4.7315039438867557E-046   8.5366067010864666E-046   1.5505946670736542E-045   2.8284561358631437E-045   5.1729739484102164E-045   9.4782590720498102E-045
   5.6898660290182937E-002   5.8594418863652378E-045   9.8189425920639859E-045   1.5820963047865863E-044   1.8159889987795304E-044   5.7874912249258205E-045   3.0664321249626236E-045   2.5114332265767582E-045   1.5434490833217318E-045   2.2087458904870616E-046   7.6570185946101983E-047   6.0269190315615023E-047   7.4236960390728845E-047   1.1465822397042617E-046   1.9532625331613607E-046   3.4634592778348267E-046   6.2451339918013104E-046   1.1352292148148752E-045   2.0727627503071902E-045   3.7949838059617270E-045   6.9441925173010228E-045
   8.2864277285468441E-002   4.8545161358668048E-045   8.1652309818368048E-045   1.3638032828338996E-044   1.6098014460982016E-044   4.7770039071929175E-045   2.5015356222890598E-045   2.0638622562095715E-045   1.2577744632849982E-045   1.6563182020865985E-046   5.6445082097806300E-047   4.4316515769872418E-047   5.4548115854021040E-047   8.4419373499747494E-047   1.4355450755603007E-046   2.5444927479811123E-046   4.5902337611728703E-046   8.3513502859727718E-046   1.5252609692415984E-045   2.7862297428382068E-045   5.0986667149529754E-045
  0.12067926406393291        4.0110836282343424E-045   6.8363274241902855E-045   1.1697122445509126E-044   1.4353476179346059E-044   3.9455185296215285E-045   2.0507210674722844E-045   1.7057921961879315E-045   1.0296535519054937E-045   1.2418908171997310E-046   4.1833002613595545E-047   3.2763089881381958E-047   4.0247633877811858E-047   6.2177712722693796E-047   1.0607058770133393E-046   1.8795725677841968E-046   3.3896536880824834E-046   6.1566416113324690E-046   1.1230358394881233E-045   2.0539986080525768E-045   3.7637304534036755E-045
  0.17575106248547895        3.3330884340216962E-045   5.7053722527710297E-045   1.0040570262346328E-044   1.2849020508274265E-044   3.2778664381447014E-045   1.6908379183509426E-045   1.4077804126059203E-045   8.4760620497993916E-046   9.3544557398577936E-047   3.0995101101301292E-047   2.4266981775444558E-047   2.9854564259160890E-047   4.6070141634851084E-047   7.8376505895636746E-047   1.3891944216300132E-046   2.5049114808527672E-046   4.5542560128812304E-046   8.3179777248772602E-046   1.5226326374519082E-045   2.7840129422703678E-045
  0.25595479226995332        2.7721510763904348E-045   4.8097407349981646E-045   8.6213704953732472E-045   1.1538771792907002E-044   2.7412135153028388E-045   1.3934028652057613E-045   1.1708938658547282E-045   6.9725154643127416E-046   7.0413867757013649E-047   2.3102672822760477E-047   1.8053216086755903E-047   2.2164943342596936E-047   3.4237702456517536E-047   5.8300211252462808E-047   1.0328304420656401E-046   1.8635111049941924E-046   3.3892123836352469E-046   6.1787895983547973E-046   1.1294009689467148E-045   2.0682114937099911E-045
  0.37275937203149379        2.3116341440523143E-045   4.0529938110955714E-045   7.3461259540989166E-045   1.0400174114069717E-044   2.2975114405532675E-045   1.1543109773082983E-045   9.7815217766193813E-046   5.7735487513699810E-046   5.3310801822911537E-047   1.7256376497855037E-047   1.3491696655143898E-047   1.6582175415560083E-047   2.5554466590156764E-047   4.3482389468237931E-047   7.7060876424762274E-047   1.3891465019374023E-046   2.5248344597709973E-046   4.6098063907036138E-046   8.4403152287066756E-046   1.5442144156610791E-045
  0.54286754393238601        1.9386561239226827E-045   3.4575379989950878E-045   6.2712435479861642E-045   9.4234215560425324E-045   1.9414816389208380E-045   9.6221456523425541E-046   8.2186181127808530E-046   4.8153485406846636E-046   4.0355162295084434E-047   1.2960100918995445E-047   1.0119313309733802E-047   1.2415935695979043E-047   1.9166523656319486E-047   3.2618282128006097E-047   5.7772647227810798E-047   1.0422228307411560E-046   1.8959669719018749E-046   3.4560604501420021E-046   6.3165475415378573E-046   1.1566136357121826E-045
  0.79060432109076861        1.6276794834897464E-045   2.9719788750819041E-045   5.3623932404054747E-045   8.6014993115413361E-045   1.6438280305934085E-045   8.0193765181509991E-046   6.9591602268645657E-046   4.0259970367145691E-046   3.0689793168647448E-047   9.7587393333913131E-048   7.6291345006683588E-048   9.3747918317746696E-048   1.4442915147996803E-047   2.4554036591643150E-047   4.3503238465295365E-047   7.8418745947162934E-047   1.4254265553171178E-046   2.6029758785418142E-046   4.7670299842722674E-046   8.7146693136288383E-046
   1.1513953993264459        1.3766853960634870E-045   2.5841100509585105E-045   4.5742504269409528E-045   7.8387049963740280E-045   1.3977332287287791E-045   6.7491876994448088E-046   5.9537574391117329E-046   3.4034286582815153E-046   2.3455433543604042E-047   7.4038341420674302E-048   5.7844857730663047E-048   7.0910941932850519E-048   1.0932285458017111E-047   1.8625723253184506E-047   3.2975605734060506E-047   5.9484064282285395E-047   1.0800223084335614E-046   1.9695078364590583E-046   3.6013794684139485E-046   6.5981299175765701E-046
   1.6768329368110066        1.1676341931466818E-045   2.2821858097046180E-045   3.9236729138762445E-045   7.2357256551416225E-045   1.1930638237289327E-045   5.6690224122523409E-046   5.1230594460899389E-046   2.8875460368539358E-046   1.7933740836645650E-047   5.6219565914632272E-048   4.4005080490052743E-048   5.4025831951269902E-048   8.3395210526989634E-048   1.4154265428166449E-047   2.5065406124522153E-047   4.5193680414774575E-047   8.2199026867487774E-047   1.5018606901086903E-046   2.7426529860754246E-046   5.0178083081854665E-046
   2.4420530945486498        9.9403736815317550E-046   2.0492796077162636E-045   3.3730571733404054E-045   6.7256658145905742E-045   1.0146255174805430E-045   4.8086847441089093E-046   4.4602883127075791E-046   2.4709576263029504E-046   1.3790587462602837E-047   4.3000465758401361E-048   3.3728281833996119E-048   4.1460522030799134E-048   6.3776753624075756E-048   1.0840286230413945E-047   1.9200512812355076E-047   3.4599492019211672E-047   6.2871693072591264E-047   1.1477582693810366E-046   2.1014131075871834E-046   3.8452294688314772E-046
   3.5564803062231287        8.5126305440134312E-046   1.8725860500450837E-045   2.8954351302593782E-045   6.2388708045574775E-045   8.6597082220689211E-046   4.0791572001592531E-046   3.9211555884846595E-046   2.1313105777800938E-046   1.0663211367299076E-047   3.3114032821870133E-048   2.6017276777057767E-048   3.1903102476222538E-048   4.9121282852001495E-048   8.3628777044836948E-048   1.4813659068238382E-047   2.6683396940194452E-047   4.8450067228401931E-047   8.8366901925191959E-047   1.6162543968554540E-046   2.9621342740129495E-046
   5.1794746792312019        7.2497056762978578E-046   1.7384086330707216E-045   2.4910771277981177E-045   5.7718163777631726E-045   7.3770432861427202E-046   3.4830286154825360E-046   3.4723861154120374E-046   1.8373024280911758E-046   8.2857993454002104E-048   2.5586301553698782E-048   2.0142581636592740E-048   2.4734356314233735E-048   3.8110835131145790E-048   6.4801290561045292E-048   1.1467532600274404E-047   2.0680103521305052E-047   3.7602763280194650E-047   6.8533175863073528E-047   1.2524970862866480E-046   2.2935476516515186E-046
   7.5431200633546078        6.1853876402144147E-046   1.6365006914668097E-045   2.1442200572722064E-045   5.3198635423744956E-045   6.2861833165560533E-046   2.9961709286719214E-046   3.0889033366077688E-046   1.5862177762101770E-046   6.4579908579224860E-048   1.9890466599390622E-048   1.5709558725777910E-048   1.9317171488666538E-048   2.9778555890712303E-048   5.0548002821761463E-048   8.9454253080926371E-048   1.6126643035728699E-047   2.9336099786449534E-047   5.3528462889612681E-047   9.7771667154057719E-047   1.7893066930606443E-046
   10.985411419875573        5.2562210587320906E-046   1.5610951999774411E-045   1.8294953804761691E-045   4.8582482648364600E-045   5.3871449738870972E-046   2.5805528323315296E-046   2.7526194731347664E-046   1.3696360239385547E-046   5.0644220999181408E-048   1.5568783989631049E-048   1.2341942895105410E-048   1.5196804043056995E-048   2.3432656623460435E-048   3.9734863110539506E-048   7.0314919997339480E-048   1.2673493034621250E-047   2.3047848576988445E-047   4.2103897325390657E-047   7.6878124481545799E-047   1.4064483966415593E-046
   15.998587196060575        4.4444525284360963E-046   1.5047347545314232E-045   1.5608162083336284E-045   4.3871608966858214E-045   4.6161335545388737E-046   2.2453025298749856E-046   2.4517589474687979E-046   1.1796618641970030E-046   3.9966220947480037E-048   1.2269737261649037E-048   9.7690112186103092E-049   1.2045494956497352E-048   1.8573390333475609E-048   3.1484510376078737E-048   5.5707641042145123E-048   1.0039629749982984E-047   1.8256509458019026E-047   3.3357635032228295E-047   6.0902551193113054E-047   1.1140969842186650E-046
   23.299518105153673        3.7588839118449217E-046   1.4527987297495234E-045   1.3279369663465484E-045   3.9325229963120500E-045   3.9725689292557455E-046   1.9758076480538766E-046   2.1797080852019675E-046   1.0092331957592287E-046   3.1747925246769921E-048   9.7381509799210341E-049   7.7942501307287354E-049   9.6250115690645201E-049   1.4836733182642360E-048   2.5161911585547230E-048   4.4510162804234596E-048   8.0217560990849626E-048   1.4589397701994561E-047   2.6632948634210753E-047   4.8634061593806295E-047   8.8987135211524281E-047
   33.932217718953233        3.1513937614278972E-046   1.4091746801536435E-045   1.1241655813632172E-045   3.5054719273115534E-045   3.4527790547213628E-046   1.7610038294709845E-046   1.9332486329518684E-046   8.6414412105017217E-047   2.5398667778234500E-048   7.7871997611958007E-049   6.2739672394001057E-049   7.7610509118153743E-049   1.1955789894342844E-048   2.0304401697427447E-048   3.5904371721850144E-048   6.4718228066396047E-048   1.1772897109113016E-047   2.1448412250834869E-047   3.9186941053902196E-047   7.1743909923992228E-047
   49.417133613238285        2.6476881714687296E-046   1.3684995231766872E-045   9.5509659905710000E-046   3.1157008551688647E-045   3.0298524716205134E-046   1.5913183634719752E-046   1.7103025289197663E-046   7.4025567340297798E-047   2.0478594687559496E-048   6.2790317678092532E-049   5.1025687813825721E-049   6.3256381109524978E-049   9.7341759122661861E-049   1.6553338983216060E-048   2.9291962932950288E-048   5.2735027065826795E-048   9.5705257054380271E-048   1.7449745509485310E-047   3.1910941908287125E-047   5.8484069188784864E-047
   71.968567300115140        2.2101085871977951E-046   1.3209966474216262E-045   8.0594696912788168E-046   2.7679668026871548E-045   2.6734492095094848E-046   1.4625984347105822E-046   1.5085862174864459E-046   6.1433658540024670E-047   1.6623215889951302E-048   5.1112078214075817E-049   4.1858572603044308E-049   5.2161230637801531E-049   8.0277138495763004E-049   1.3610775037298846E-048   2.4075674897069017E-048   4.3352615308960009E-048   7.8751736831305394E-048   1.4376660377742746E-047   2.6329785757687409E-047   4.8136112426818001E-047
   104.81131341546853        1.8485081646821230E-046   1.2657959901618030E-045   6.8379267880824290E-046   2.4616547126812836E-045   2.3641339276949543E-046   1.3626149814583774E-046   1.3239210573908476E-046   5.3400208333298336E-047   1.3579385016893783E-048   4.1896355002452593E-049   3.4714493526673895E-049   4.3418093462510863E-049   6.6957051439771273E-049   1.1363998783170627E-048   2.0083903254397413E-048   3.6188153465225260E-048   6.5831041033000416E-048   1.1993010370934697E-047   2.1906808536201197E-047   4.0101269976342658E-047
   152.64179671752302        1.5422728545665713E-046   1.2067617187817482E-045   5.7865157309745726E-046   2.1922349167080230E-045   2.0953410863721118E-046   1.2837082811179639E-046   1.1548358302221090E-046   4.6621152860334864E-047   1.1198013187407047E-048   3.4648131530183008E-049   2.9233896453530109E-049   3.6788612382045845E-049   5.6674067069427825E-049   9.6063669355564716E-049   1.6986170742952309E-048   3.0577187538407560E-048   5.5531965745284823E-048   1.0136197052299372E-047   1.8562180324946853E-047   3.3943845586277012E-047
   222.29964825261911        1.2870354997161777E-046   1.1304007378118244E-045   4.9094430997876563E-046   1.9533515200915033E-045   1.8585631765134229E-046   1.2224974132478984E-046   1.0030691737243855E-046   4.0996930850432781E-047   9.3131063318869855E-049   2.9014868834683474E-049   2.4860985825312535E-049   3.1539140325147091E-049   4.8663945647562089E-049   8.2713512055754896E-049   1.4625104283989514E-048   2.6316045876498592E-048   4.7738115324378034E-048   8.7014470313883370E-048   1.5910132492088089E-047   2.9158082759016763E-047
   323.74575428176399        1.0760440402715338E-046   1.0497536726935194E-045   4.1736159599298576E-046   1.7387675926455812E-045   1.6496527059689934E-046   1.1724564415297824E-046   8.6833267159694804E-047   3.6430950191291465E-047   7.7670706987239461E-049   2.4366848701935243E-049   2.1459556316747505E-049   2.7510600723558239E-049   4.2555948636524315E-049   7.2277642684642750E-049   1.2760902633411951E-048   2.2983691401250908E-048   4.1756176462286609E-048   7.6050846765306557E-048   1.3893724997815101E-047   2.5440157546691442E-047
   471.48663634573904        8.9807083076409332E-047   9.6153842733277488E-046   3.5454700764494955E-046   1.5438988831145345E-045   1.4671529600892844E-046   1.1246182496288280E-046   7.5020997043957621E-047   3.2737108969017324E-047   6.5331097180465895E-049   2.0687340264741759E-049   1.8785086252879292E-049   2.4423849063707162E-049   3.7873458457149986E-049   6.4314179532400953E-049   1.1350269132316067E-048   2.0436407877047989E-048   3.7132648810977981E-048   6.7616911511429561E-048   1.2351082195086570E-047   2.2612941109459198E-047
   686.64884500429991        7.5386554507894040E-047   8.6803314416348454E-046   3.0323837680601807E-046   1.3662368852031474E-045   1.3105684662265950E-046   1.0823957586938558E-046   6.4292087474355907E-047   2.9735283825750805E-047   5.4781310767945627E-049   1.7572277391986632E-049   1.6632144597848728E-049   2.2060910505070742E-049   3.4306415790059658E-049   5.8315675692428751E-049   1.0293027469638350E-048   1.8518216297238770E-048   3.3567894133244141E-048   6.1151561926873344E-048   1.1176593125604350E-047   2.0477002930099380E-047
   999.99999999999795        6.3119033410873176E-047   7.7714195968168160E-046   2.5949771505402054E-046   1.2049693578723286E-045   1.1792695559822261E-046   1.0381933201382684E-046   5.5110104389109124E-047   2.7135809265939586E-047   4.6167708841036586E-049   1.4965481737578787E-049   1.4848569754738166E-049   2.0276073795097406E-049   3.1659763089731445E-049   5.3654498703249945E-049   9.4691390832380617E-049   1.7017016888372504E-048   3.0866830147899553E-048   5.6291942933425002E-048   1.0302597631648485E-047   1.8863244574112352E-047
