1.000000000000000021e-03 9.370496845970824324e+02
1.012757587354654694e-03 9.618986931003546488e+02
1.025677930744421868e-03 9.874152301190301841e+02
1.038763106543635299e-03 1.013617457329244644e+03
1.052015217616159145e-03 1.040524036716561113e+03
1.065436393653323164e-03 1.068154144525411311e+03
1.079028791516183647e-03 1.096527485602071692e+03
1.092794595582139826e-03 1.125664308142300570e+03
1.106736018095973379e-03 1.155585418855202533e+03
1.120855299525376535e-03 1.186312198555350051e+03
1.135154708920998925e-03 1.217866618195117553e+03
1.149636544281106183e-03 1.250271255350022557e+03
1.164303132920876775e-03 1.283549311169965222e+03
1.179156831846412930e-03 1.317724627809582671e+03
1.194200028133532475e-03 1.352821706351450530e+03
1.209435139311376911e-03 1.388865725236472827e+03
1.224864613750930708e-03 1.425882559215427136e+03
1.240490931058484776e-03 1.463898798837181857e+03
1.256316602474120232e-03 1.502941770488431303e+03
1.272344171275287912e-03 1.543039557001176036e+03
1.288576213185518111e-03 1.584221018843752972e+03
1.305015336788362254e-03 1.626515815912609924e+03
1.321664183946605082e-03 1.669954429941545641e+03
1.338525430226822181e-03 1.714568187546595709e+03
1.355601785329368925e-03 1.760389283924335814e+03
1.372895993523834011e-03 1.807450807222701087e+03
1.390410834090069709e-03 1.855786763603363852e+03
1.408149121764833275e-03 1.905432103015705707e+03
1.426113707194128248e-03 1.956422745702615430e+03
1.444307477391329085e-03 2.008795609459207981e+03
1.462733356201129922e-03 2.062588637666217437e+03
1.481394304769434326e-03 2.117840828120049537e+03
1.500293322019218348e-03 2.174592262682640012e+03
1.519433445132483329e-03 2.232884137774438386e+03
1.538817750038346368e-03 2.292758795735081549e+03
1.558449351907353680e-03 2.354259757076245023e+03
1.578331405652118108e-03 2.417431753652879706e+03
1.598467106434319808e-03 2.482320762778811059e+03
1.618859690178197632e-03 2.548974042314103826e+03
1.639512434090576723e-03 2.617440166752169716e+03
1.660428657187529473e-03 2.687769064335208895e+03
1.681611720827773078e-03 2.760012055227960445e+03
1.703065029252844422e-03 2.834221890779957448e+03
1.724792030134195001e-03 2.910452793907740215e+03
1.746796215127245774e-03 2.988760500629439775e+03
1.769081120432511658e-03 3.069202302784648964e+03
1.791650327363901278e-03 3.151837091974263785e+03
1.814507462924241834e-03 3.236725404755018644e+03
1.837656200388170478e-03 3.323929469125304877e+03
1.861100259892447054e-03 3.413513252339118026e+03
1.884843409033795311e-03 3.505542510087191658e+03
1.908889463474391012e-03 3.600084837083786624e+03
1.933242287555045260e-03 3.697209719101010251e+03
1.957905794916241140e-03 3.796988586491188471e+03
1.982883949127071596e-03 3.899494869241664674e+03
2.008180764322202352e-03 4.004804053604802903e+03
2.033800305846981960e-03 4.112993740350516418e+03
2.059746690910748204e-03 4.224143704686707679e+03
2.086024089248504979e-03 4.338335957896608306e+03
2.112636723791006498e-03 4.455654810743205417e+03
2.139588871343421454e-03 4.576186938690558236e+03
2.166884863272634364e-03 4.700021448996312756e+03
2.194529086203313769e-03 4.827249949728198771e+03
2.222525982722885207e-03 4.957966620761122613e+03
2.250880052095461867e-03 5.092268286811860889e+03
2.279595850984918962e-03 5.230254492570928960e+03
2.308677994187169520e-03 5.372027579991688981e+03
2.338131155371781216e-03 5.517692767800276670e+03
2.367960067833078681e-03 5.667358233289614873e+03
2.398169525250792855e-03 5.821135196465089393e+03
2.428764382460450386e-03 5.979138006609229706e+03
2.459749556233565941e-03 6.141484231336057746e+03
2.491130026067788373e-03 6.308294748207286830e+03
2.522910834987153808e-03 6.479693838985088405e+03
2.555097090352506824e-03 6.655809286598040671e+03
2.587693964682303074e-03 6.836772474898253677e+03
2.620706696483852353e-03 7.022718491292674116e+03
2.654140591095173387e-03 7.213786232330208804e+03
2.688001021537607393e-03 7.410118512332241153e+03
2.722293429379274085e-03 7.611862175154264150e+03
2.757023325609582638e-03 7.819168209169676629e+03
2.792196291524870044e-03 8.032191865570515802e+03
2.827817979625341181e-03 8.251092780080978628e+03
2.863894114523477148e-03 8.476035098182945148e+03
2.900430493863991651e-03 8.707187603957190731e+03
2.937432989255565289e-03 8.944723852643637656e+03
2.974907547214440586e-03 9.188822307031390665e+03
3.012860190120049929e-03 9.439666477788545308e+03
3.051297017182870702e-03 9.697445067847293103e+03
3.090224205424578312e-03 9.962352120962721528e+03
3.129648010670750373e-03 1.023458717456757222e+04
3.169574768556206613e-03 1.051435541704791467e+04
3.210010895543171858e-03 1.080186784956760675e+04
3.250962889952459852e-03 1.109734145257762793e+04
3.292437333007768984e-03 1.140099935714425737e+04
3.334440889893341455e-03 1.171307102123746154e+04
3.376980310825091272e-03 1.203379241112698946e+04
3.420062432135391028e-03 1.236340618803083453e+04
3.463694177371734288e-03 1.270216190017472400e+04
3.507882558409362514e-03 1.305031618041761249e+04
3.552634676578139260e-03 1.340813294960758503e+04
3.597957723803763604e-03 1.377588362583438720e+04
3.643858983763544404e-03 1.415384733975471318e+04
3.690345833056954405e-03 1.454231115616245188e+04
3.737425742391064371e-03 1.494157030199280416e+04
3.785106277781153002e-03 1.535192840094515122e+04
3.833395101766601514e-03 1.577369771491921711e+04
3.882299974642294035e-03 1.620719939246461581e+04
3.931828755705770589e-03 1.665276372445072047e+04
3.981989404520229828e-03 1.711073040716561081e+04
4.032789982193705006e-03 1.758144881306524621e+04
4.084238652674521651e-03 1.806527826939503211e+04
4.136343684063273698e-03 1.856258834491584639e+04
4.189113449941588713e-03 1.907375914497293343e+04
4.242556430717777174e-03 1.959918161515174143e+04
4.296681214989711041e-03 2.013925785377225111e+04
4.351496500925049540e-03 2.069440143348414858e+04
4.407011097659075012e-03 2.126503773222815653e+04
4.463233926710397266e-03 2.185160427383684873e+04
4.520174023414663504e-03 2.245455107856481482e+04
4.577840538376616412e-03 2.307434102383321442e+04
4.636242738940640068e-03 2.371145021549197554e+04
4.695390010680058207e-03 2.436636836991107702e+04
4.755291858905486696e-03 2.503959920721569506e+04
4.815957910192351227e-03 2.573166085599494545e+04
4.877397913927969224e-03 2.644308626982459464e+04
4.939621743878320863e-03 2.717442365594642979e+04
5.002639399774799767e-03 2.792623691646582665e+04
5.066461008921268640e-03 2.869910610243673000e+04
5.131096827821533465e-03 2.949362788121026824e+04
5.196557243827657803e-03 3.031041601744328364e+04
5.262852776809256831e-03 3.115010186816331043e+04
5.329994080844087725e-03 3.201333489230894338e+04
5.397991945930253818e-03 3.290078317517155665e+04
5.466857299720180412e-03 3.381313396817546163e+04
5.536601209276792446e-03 3.475109424445353943e+04
5.607234882852032802e-03 3.571539127068007656e+04
5.678769671688089875e-03 3.670677319564275967e+04
5.751217071841613696e-03 3.772600965604727389e+04
5.824588726031213783e-03 3.877389240006692853e+04
5.898896425508493718e-03 3.985123592915289919e+04
5.974152111952984144e-03 4.095887815865321318e+04
6.050367879391223974e-03 4.209768109779330553e+04
6.127555976140354119e-03 4.326853154958848609e+04
6.205728806776500406e-03 4.447234183127901633e+04
6.284898934128248411e-03 4.571005051589382492e+04
6.365079081295571019e-03 4.698262319557003502e+04
6.446282133694490601e-03 4.829105326726647036e+04
6.528521141127847059e-03 4.963636274154069542e+04
6.611809319882495234e-03 5.101960307506719255e+04
6.696160054853222271e-03 5.244185602759654284e+04
6.781586901693760494e-03 5.390423454408899124e+04
6.868103588995307790e-03 5.540788366275456792e+04
6.955724020492731578e-03 5.695398144978058554e+04
7.044462277299036630e-03 5.854373996152381005e+04
7.134332620168255465e-03 6.017840623499036155e+04
7.225349491787214085e-03 6.185926330743653671e+04
7.317527519096605863e-03 6.358763126595707581e+04
7.410881515641569613e-03 6.536486832794152724e+04
7.505426483952362497e-03 6.719237195332784904e+04
7.601177617955329896e-03 6.907157998957893869e+04
7.698150305414640585e-03 7.100397185036752489e+04
7.796360130405236531e-03 7.299106972895711078e+04
7.895822875817228026e-03 7.503443984732004174e+04
7.996554525892346499e-03 7.713569374203987536e+04
8.098571268792684880e-03 7.929648958809758187e+04
8.201889499202202546e-03 8.151853356166665617e+04
8.306525820961507475e-03 8.380358124307205435e+04
8.412497049736117685e-03 8.615343906110199168e+04
8.519820215718900205e-03 8.856996577990734659e+04
8.628512566366895731e-03 9.105507402975004516e+04
8.738591569173056323e-03 9.361073188290279359e+04
8.850074914473439122e-03 9.623896447603616980e+04
8.962980518290071183e-03 9.894185568048790446e+04
9.077326525210224414e-03 1.017215498218208086e+05
9.193131311302326150e-03 1.045802534501468181e+05
9.310413487069076066e-03 1.075202371627166576e+05
9.429191900438322824e-03 1.105438374803368206e+05
9.549485639791965852e-03 1.136534587792050443e+05
9.671314037033631669e-03 1.168515752798256581e+05
9.794696670695395360e-03 1.201407330946836155e+05
9.919653369084137015e-03 1.235235523364401015e+05
1.004620421346812641e-02 1.270027292884495400e+05
1.017436954130414989e-02 1.305810386394400557e+05
1.030416994950588035e-02 1.342613357842715341e+05
1.043562629775391347e-02 1.380465591927526111e+05
1.056875971184803933e-02 1.419397328485181497e+05
1.070359158710230095e-02 1.459439687600623292e+05
1.084014359178330986e-02 1.500624695460869989e+05
1.097843767059249014e-02 1.542985310973560845e+05
1.111849604819271052e-02 1.586555453173547285e+05
1.126034123277991003e-02 1.631370029440792277e+05
1.140399601970032428e-02 1.677464964553905593e+05
1.154948349511379126e-02 1.724877230604255165e+05
1.169682703970385297e-02 1.773644877795900684e+05
1.184605033243516653e-02 1.823807066158255329e+05
1.199717735435884385e-02 1.875404098198401043e+05
1.215023239246636536e-02 1.928477452520941151e+05
1.230524004359261590e-02 1.983069818444479606e+05
1.246222521836874882e-02 2.039225131644239009e+05
1.262121314522547319e-02 2.096988610851554549e+05
1.278222937444740970e-02 2.156406795641583158e+05
1.294529978227915330e-02 2.217527585341639642e+05
1.311045057508377840e-02 2.280400279093959543e+05
1.327770829355429810e-02 2.345075617106594145e+05
1.344709981697894512e-02 2.411605823128697812e+05
1.361865236756082051e-02 2.480044648185892729e+05
1.379239351479265123e-02 2.550447415614009078e+05
1.396835117988739702e-02 2.622871067429382820e+05
1.414655364026531047e-02 2.697374212075817632e+05
1.432702953409830879e-02 2.774017173589191516e+05
1.450980786491229239e-02 2.852862042222151067e+05
1.469491800624816470e-02 2.933972726572043030e+05
1.488238970638237034e-02 3.017415007257595425e+05
1.507225309310756232e-02 3.103256592189501389e+05
1.526453867857435406e-02 3.191567173483738443e+05
1.545927736419477720e-02 3.282418486065632314e+05
1.565650044560832829e-02 3.375884368015273940e+05
1.585623961771137277e-02 3.472040822706783656e+05
1.605852697975066606e-02 3.570966082794169779e+05
1.626339504048192330e-02 3.672740676099550328e+05
1.647087672339413514e-02 3.777447493459957186e+05
1.668100537200059227e-02 3.885171858591361088e+05
1.689381475519735262e-02 3.996001600030430709e+05
1.710933907269014329e-02 4.110027125215220149e+05
1.732761296049040167e-02 4.227341496769500664e+05
1.754867149648151048e-02 4.348040511055632960e+05
1.777255020605602101e-02 4.472222779064429924e+05
1.799928506782476345e-02 4.599989809711025446e+05
1.822891251939887797e-02 4.731446095609201584e+05
1.846146946324547441e-02 4.866699201397459256e+05
1.869699327261812802e-02 5.005859854693294619e+05
1.893552179756295348e-02 5.149042039754069410e+05
1.917709337100132611e-02 5.296363093925390858e+05
1.942174681489025612e-02 5.447943806959348731e+05
1.966952144646121059e-02 5.603908523289421573e+05
1.992045708453870148e-02 5.764385247348955600e+05
2.017459405593936481e-02 5.929505752024886897e+05
2.043197320195270367e-02 6.099405690340164583e+05
2.069263588490458800e-02 6.274224710460274946e+05
2.095662399480432980e-02 6.454106574124014005e+05
2.122397995607670784e-02 6.639199278600013349e+05
2.149474673437980557e-02 6.829655182274186518e+05
2.176896784350983161e-02 7.025631133976783603e+05
2.204668735239408844e-02 7.227288606159298215e+05
2.232794989217302267e-02 7.434793832037770189e+05
2.261280066337278266e-02 7.648317946819184581e+05
2.290128544316916495e-02 7.868037133132918971e+05
2.319345059274428855e-02 8.094132770793283125e+05
2.348934306473708655e-02 8.326791591021097265e+05
2.378901041078893344e-02 8.566205835257999133e+05
2.409250078918537263e-02 8.812573418709877878e+05
2.439986297259550199e-02 9.066098098759623244e+05
2.471114635591000266e-02 9.326989648395786062e+05
2.502640096417918167e-02 9.595464034804750700e+05
2.534567746065232233e-02 9.871743603281260002e+05
2.566902715491950482e-02 1.015605726661432069e+06
2.599650201115740605e-02 1.044864070011352538e+06
2.632815465648021339e-02 1.074973654244106729e+06
2.666403838939711626e-02 1.105959460242369212e+06
2.700420718837772543e-02 1.137847207202207530e+06
2.734871572052666178e-02 1.170663374564076308e+06
2.769761935036891068e-02 1.204435224596689455e+06
2.805097414874722569e-02 1.239190825653117849e+06
2.840883690183302474e-02 1.274959076119343983e+06
2.877126512025231231e-02 1.311769729075375479e+06
2.913831704832786987e-02 1.349653417690622387e+06
2.951005167343954960e-02 1.388641681374919601e+06
2.988652873550384087e-02 1.428766992707791273e+06
3.026780873657444054e-02 1.470062785169116221e+06
3.065395295056526706e-02 1.512563481694820337e+06
3.104502343309759049e-02 1.556304524082169868e+06
3.144108303147264555e-02 1.601322403269829694e+06
3.184219539477162880e-02 1.647654690518607851e+06
3.224842498408442282e-02 1.695340069519652054e+06
3.265983708286890330e-02 1.744418369457413442e+06
3.307649780744240792e-02 1.794930599055803381e+06
3.349847411760691063e-02 1.846918981636636425e+06
3.392583382740993470e-02 1.900426991220217664e+06
3.435864561604263373e-02 1.955499389699118212e+06
3.479697903887691429e-02 2.012182265116521623e+06
3.524090453864348743e-02 2.070523071082267677e+06
3.569049345675229939e-02 2.130570667359737214e+06
3.614581804475756194e-02 2.192375361658721231e+06
3.660695147596902677e-02 2.255988952669233549e+06
3.707396785721130128e-02 2.321464774373477791e+06
3.754694224073334974e-02 2.388857741673377808e+06
3.802595063626969252e-02 2.458224397372679785e+06
3.851107002325571127e-02 2.529622960553197656e+06
3.900237836319863510e-02 2.603113376386820804e+06
3.949995461220642823e-02 2.678757367425201461e+06
4.000387873367656361e-02 2.756618486410635523e+06
4.051423171114647281e-02 2.836762170653152280e+06
4.103109556130816321e-02 2.919255798019794747e+06
4.155455334718875099e-02 3.004168744583248161e+06
4.208468919149918608e-02 3.091572443978902884e+06
4.262158829015322975e-02 3.181540448520608246e+06
4.316533692595900251e-02 3.274148492126211524e+06
4.371602248248504519e-02 3.369474555106666870e+06
4.427373345810341199e-02 3.467598930872915313e+06
4.483855948021188420e-02 3.568604294616804924e+06
4.541059131963756657e-02 3.672575774024202488e+06
4.598992090522438514e-02 3.779601022079323418e+06
4.657664133860646427e-02 3.889770292021757457e+06
4.717084690917017209e-02 4.003176514519334305e+06
4.777263310920697864e-02 4.119915377120788209e+06
4.838209664925954834e-02 4.240085406056041829e+06
4.899933547366384229e-02 4.363788050451410003e+06
4.962444877628915951e-02 4.491127769030956551e+06
5.025753701647927424e-02 4.622212119376131333e+06
5.089870193519682035e-02 4.757151849818317220e+06
5.154804657137362217e-02 4.896060994040906429e+06
5.220567527846975420e-02 5.039056968469634652e+06
5.287169374124359167e-02 5.186260672532265075e+06
5.354620899273607876e-02 5.337796591871214099e+06
5.422932943147152490e-02 5.493792904594128951e+06
5.492116483887789224e-02 5.654381590651524253e+06
5.562182639692925951e-02 5.819698544430885464e+06
5.633142670601355012e-02 5.989883690661440603e+06
5.705007980302786996e-02 6.165081103724993765e+06
5.777790117970504208e-02 6.345439130470443517e+06
5.851500780117376010e-02 6.531110516634905711e+06
5.926151812475552449e-02 6.722252536973822862e+06
6.001755211900157427e-02 6.919027129207683727e+06
6.078323128297229844e-02 7.121601031895693392e+06
6.155867866576302666e-02 7.330145926348084584e+06
6.234401888627864180e-02 7.544838582694873214e+06
6.313937815326058078e-02 7.765861010228917003e+06
6.394488428556939497e-02 7.993400612146688625e+06
6.476066673272586061e-02 8.227650344812491909e+06
6.558685659571432403e-02 8.468808881675887853e+06
6.642358664805138313e-02 8.717080781975019723e+06
6.727099135712336087e-02 8.972676664362961426e+06
6.812920690579611638e-02 9.235813385597154498e+06
6.899837121430017761e-02 9.506714224436566234e+06
6.987862396239553908e-02 9.785609070894442499e+06
7.077010661181890039e-02 1.007273462100004032e+07
7.167296242901739778e-02 1.036833457722344063e+07
7.258733650817249250e-02 1.067265985472752154e+07
7.351337579451724946e-02 1.098596879360837862e+07
7.445122910795139159e-02 1.130852737729700282e+07
7.540104716695752995e-02 1.164060945729412884e+07
7.636298261282245536e-02 1.198249698441779986e+07
7.733719003416750226e-02 1.233448024674729817e+07
7.832382599179196769e-02 1.269685811445125751e+07
7.932304904383305488e-02 1.306993829169477895e+07
8.033501977124735127e-02 1.345403757582189143e+07
8.135990080361697740e-02 1.384948212402063981e+07
8.239785684528515286e-02 1.425660772767617553e+07
8.344905470182524543e-02 1.467576009462995455e+07
8.451366330684717543e-02 1.510729513956417888e+07
8.559185374914618505e-02 1.555157928273713216e+07
8.668379930019778912e-02 1.600898975730350241e+07
8.778967544200340367e-02 1.647991492545606941e+07
8.890965989529157898e-02 1.696475460363436118e+07
9.004393264807844521e-02 1.746392039705086872e+07
9.119267598459297741e-02 1.797783604379200935e+07
9.235607451457118755e-02 1.850693776875815541e+07
9.353431520292380952e-02 1.905167464771264791e+07
9.472758739978295872e-02 1.961250898171914741e+07
9.593608287093141618e-02 2.018991668224935979e+07
9.715999582862075434e-02 2.078438766725640744e+07
9.839952296278231536e-02 2.139642626851093769e+07
9.965486347263639855e-02 2.202655165050731972e+07
1.009262190987047364e-01 2.267529824125500023e+07
1.022137941552315743e-01 2.334321617527839541e+07
1.035177955630176283e-01 2.403087174915320426e+07
1.048384328826740958e-01 2.473884788992206752e+07
1.061759183483000080e-01 2.546774463673249260e+07
1.075304669015891279e-01 2.621817963605475798e+07
1.089022962263730548e-01 2.699078865084629506e+07
1.102916267836034775e-01 2.778622608403167129e+07
1.116986818467822634e-01 2.860516551668247953e+07
1.131236875378424656e-01 2.944830026129201800e+07
1.145668728634871431e-01 3.031634393053916097e+07
1.160284697519928104e-01 3.121003102195816115e+07
1.175087130904807486e-01 3.213011751893122494e+07
1.190078407626656010e-01 3.307738150843646377e+07
1.205260936870842653e-01 3.405262381598952413e+07
1.220637158558125213e-01 3.505666865823157132e+07
1.236209543736769140e-01 3.609036431362535059e+07
1.251980594979648642e-01 3.715458381172625721e+07
1.267952846786433996e-01 3.825022564152102172e+07
1.284128865990896151e-01 3.937821447931703925e+07
1.300511252173408572e-01 4.053950193669435382e+07
1.317102638078723464e-01 4.173506732903595269e+07
1.333905690039058622e-01 4.296591846516037732e+07
1.350923108402602713e-01 4.423309245860065520e+07
1.368157627967472034e-01 4.553765656108056009e+07
1.385612018421203961e-01 4.688070901874814928e+07
1.403289084785873109e-01 4.826337995174933970e+07
1.421191667868862141e-01 4.968683225772131979e+07
1.439322644719406574e-01 5.115226253981448710e+07
1.457684929090948267e-01 5.266090205985015631e+07
1.476281471909389464e-01 5.421401771724742651e+07
1.495115261747333169e-01 5.581291305435034633e+07
1.514189325304352018e-01 5.745892928881666064e+07
1.533506727893409471e-01 5.915344637372487783e+07
1.553070573933459930e-01 6.089788408608826995e+07
1.572884007448359656e-01 6.269370314446175843e+07
1.592950212572122881e-01 6.454240635635334253e+07
1.613272414060627491e-01 6.644553979615318775e+07
1.633853877809862132e-01 6.840469401432457566e+07
1.654697911380762498e-01 7.042150527859655023e+07
1.675807864530766966e-01 7.249765684792330861e+07
1.697187129752137091e-01 7.463488027999152243e+07
1.718839142817145671e-01 7.683495677305004001e+07
1.740767383330236728e-01 7.909971854289488494e+07
1.762975375287205715e-01 8.143105023579610884e+07
1.785466687641537320e-01 8.383089037822243571e+07
1.808244934877951682e-01 8.630123286420774460e+07
1.831313777593268910e-01 8.884412848120856285e+07
1.854676923084699336e-01 9.146168647534361482e+07
1.878338125945614445e-01 9.415607615689928830e+07
1.902301188668943932e-01 9.692952854700213671e+07
1.926569962258252999e-01 9.978433806638623774e+07
1.951148346846616477e-01 1.027228642671710402e+08
1.976040292323404113e-01 1.057475336086206734e+08
2.001249798969036986e-01 1.088608412778170705e+08
2.026780918097869366e-01 1.120653530562371910e+08
2.052637752709252084e-01 1.153637072332218885e+08
2.078824458146902310e-01 1.187586165673190206e+08
2.105345242766706038e-01 1.222528702965365648e+08
2.132204368613008771e-01 1.258493361985058188e+08
2.159406152103565402e-01 1.295509627016122639e+08
2.186954964723207273e-01 1.333607810481356382e+08
2.214855233726359396e-01 1.372819075104349256e+08
2.243111442848539361e-01 1.413175456613093019e+08
2.271728133026905128e-01 1.454709886995381415e+08
2.300709903130022105e-01 1.497456218317555487e+08
2.330061410696924740e-01 1.541449247117284834e+08
2.359787372685600293e-01 1.586724739381480515e+08
2.389892566231050230e-01 1.633319456120680571e+08
2.420381829412982522e-01 1.681271179550843537e+08
2.451260062033337184e-01 1.730618739894360900e+08
2.482532226403706133e-01 1.781402042811051905e+08
2.514203348142796668e-01 1.833662097471024990e+08
2.546278516984096241e-01 1.887441045280703306e+08
2.578762887593800679e-01 1.942782189273357391e+08
2.611661680399220420e-01 1.999730024176040590e+08
2.644980182427719706e-01 2.058330267163900137e+08
2.678723748156371931e-01 2.118629889313903451e+08
2.712897800372467416e-01 2.180677147769133747e+08
2.747507831044969095e-01 2.244521618625197411e+08
2.782559402207125943e-01 2.310214230550307035e+08
2.818058146850298540e-01 2.377807299150102139e+08
2.854009769829237708e-01 2.447354562088864744e+08
2.890420048778874484e-01 2.518911214977936149e+08
2.927294835042815735e-01 2.592533948042823374e+08
2.964640054613706943e-01 2.668280983579505086e+08
3.002461709085549324e-01 2.746212114211112261e+08
3.040765876618213848e-01 2.826388741955465078e+08
3.079558712914226559e-01 2.908873918113898039e+08
3.118846452208017261e-01 2.993732383991547227e+08
3.158635408267819189e-01 3.081030612459388971e+08
3.198931975410300721e-01 3.170836850367273092e+08
3.239742629528195583e-01 3.263221161817959547e+08
3.281073929131003153e-01 3.358255472310727239e+08
3.322932516398971470e-01 3.456013613763713837e+08
3.365325118250557246e-01 3.556571370423350334e+08
3.408258547423451690e-01 3.660006525668718815e+08
3.451739703569454698e-01 3.766398909718456864e+08
3.495775574363275129e-01 3.875830448247503638e+08
3.540373236625482534e-01 3.988385211919929981e+08
3.585539857459816848e-01 4.104149466843984127e+08
3.631282695404956518e-01 4.223211725955195427e+08
3.677609101601030939e-01 4.345662801331471205e+08
3.724526520970982135e-01 4.471595857445547581e+08
3.772042493416997710e-01 4.601106465356850624e+08
3.820164655032237677e-01 4.734292657846783400e+08
3.868900739327975624e-01 4.871254985498230457e+08
3.918258578476440102e-01 5.012096573721239567e+08
3.968246104569481680e-01 5.156923180724047422e+08
4.018871350893294947e-01 5.305843256429415941e+08
4.070142453219439127e-01 5.458968002334271669e+08
4.122067651112273912e-01 5.616411432309210300e+08
4.174655289253134671e-01 5.778290434334537983e+08
4.227913818781356969e-01 5.944724833167194128e+08
4.281851798652411278e-01 6.115837453932349682e+08
4.336477897013408800e-01 6.291754186631824970e+08
4.391800892596086081e-01 6.472604051559956074e+08
4.447829676127630361e-01 6.658519265616737604e+08
4.504573251759458330e-01 6.849635309505851269e+08
4.562040738514220317e-01 7.046090995804026127e+08
4.620241371751312998e-01 7.248028537886310816e+08
4.679184504651019427e-01 7.455593619689993858e+08
4.738879609717651098e-01 7.668935466299289465e+08
4.799336280301820246e-01 7.888206915327818394e+08
4.860564232142133845e-01 8.113564489078722000e+08
4.922573304926601834e-01 8.345168467455930710e+08
4.985373463873893907e-01 8.583182961599626541e+08
5.048974801334846774e-01 8.827775988217885494e+08
5.113387538414325695e-01 9.079119544581235647e+08
5.178622026613849405e-01 9.337389684147650003e+08
5.244688749495118874e-01 9.602766592780716419e+08
5.311598324364776857e-01 9.875434665521925688e+08
5.379361503980703008e-01 1.015558258387599230e+09
5.447989178280002731e-01 1.044340339356289029e+09
5.517492376129122800e-01 1.073909458269080162e+09
5.587882267096236921e-01 1.104285816029944420e+09
5.659170163246242113e-01 1.135490073521784782e+09
5.731367520958716710e-01 1.167543359518246651e+09
5.804485942768977669e-01 1.200467278615359545e+09
5.878537179232717902e-01 1.234283919176677465e+09
5.953533130814370189e-01 1.269015861285318136e+09
6.029485849799565145e-01 1.304686184695443630e+09
6.106407542232042962e-01 1.341318476776266575e+09
6.184310569875189900e-01 1.378936840440175056e+09
6.263207452198685798e-01 1.417565902046996355e+09
6.343110868390440249e-01 1.457230819275806427e+09
6.424033659394190465e-01 1.497957288954810858e+09
6.505988829973160525e-01 1.539771554840176105e+09
6.588989550799949635e-01 1.582700415333579063e+09
6.673049160573186755e-01 1.626771231128058672e+09
6.758181168161110364e-01 1.672011932771303892e+09
6.844399254772507435e-01 1.718451028134966612e+09
6.931717276155406893e-01 1.766117609778057337e+09
7.020149264823728474e-01 1.815041362192086697e+09
7.109709432312431021e-01 1.865252568914924622e+09
7.200412171461376687e-01 1.916782119500145912e+09
7.292272058728312967e-01 1.969661516327611446e+09
7.385303856531453270e-01 2.023922881240973711e+09
7.479522515621821466e-01 2.079598961996822834e+09
7.574943177485972123e-01 2.136723138510065556e+09
7.671581176779301847e-01 2.195329428878955841e+09
7.769452043790388007e-01 2.255452495173311234e+09
7.868571506936851145e-01 2.317127648968134403e+09
7.968955495292944224e-01 2.380390856604945183e+09
8.070620141149499327e-01 2.445278744161858082e+09
8.173581782606457180e-01 2.511828602113390446e+09
8.277856966198472444e-01 2.580078389659877300e+09
8.383462449554093254e-01 2.650066738706158638e+09
8.490415204088747059e-01 2.721832957468185425e+09
8.598732417732196653e-01 2.795417033685757160e+09
8.708431497690723999e-01 2.870859637419004440e+09
8.819530073244539192e-01 2.948202123405312538e+09
8.932045998580968593e-01 3.027486532952909946e+09
9.045997355663658590e-01 3.108755595346859932e+09
9.161402457138521083e-01 3.192052728741780758e+09
9.278279849276612756e-01 3.277422040516316414e+09
9.396648314954690884e-01 3.364908327061943054e+09
9.516526876673703228e-01 3.454557072979643822e+09
9.637934799615786030e-01 3.546414449656278133e+09
9.760891594740359611e-01 3.640527313192413330e+09
9.885417021919573610e-01 3.736943201652147293e+09
1.001153109311390121e+00 3.835710331605284214e+09
1.013925407558815328e+00 3.936877593931599617e+09
1.026860649516850632e+00 4.040494548855587006e+09
1.039960913954120381e+00 4.146611420180345535e+09
1.053228306159316396e+00 4.255279088688013077e+09
1.066664958279538888e+00 4.366549084673851013e+09
1.080273029662940143e+00 4.480473579579954147e+09
1.094054707205742494e+00 4.597105376695132256e+09
1.108012205703691855e+00 4.716497900884941101e+09
1.122147768207980123e+00 4.838705187317644119e+09
1.136463666385724158e+00 4.963781869149187088e+09
1.150962200885032205e+00 5.091783164131233215e+09
1.165645701704728587e+00 5.222764860104389191e+09
1.180516528568805512e+00 5.356783299340269089e+09
1.195577071305635730e+00 5.493895361692497253e+09
1.210829750232039315e+00 5.634158446519821167e+09
1.226277016542240528e+00 5.777630453340777397e+09
1.241921352701783388e+00 5.924369761181280136e+09
1.257765272846488536e+00 6.074435206574542999e+09
1.273811323186478495e+00 6.227886060173099518e+09
1.290062082415378120e+00 6.384782001932515144e+09
1.306520162124721329e+00 6.545183094824814796e+09
1.323188207223644941e+00 6.709149757040300369e+09
1.340068896363950657e+00 6.876742732636932373e+09
1.357164942370569394e+00 7.048023060592952728e+09
1.374479092677536762e+00 7.223052042222553253e+09
1.392014129769518105e+00 7.401891206910315514e+09
1.409772871628966362e+00 7.584602276121774673e+09
1.427758172188996477e+00 7.771247125647491455e+09
1.445972921792019639e+00 7.961887746036482811e+09
1.464420047654246382e+00 8.156586201175885201e+09
1.483102514336104516e+00 8.355404584972875595e+09
1.502023324218655143e+00 8.558404976095306396e+09
1.521185517986104907e+00 8.765649390727188110e+09
1.540592175114448015e+00 8.977199733294338226e+09
1.560246414366367906e+00 9.193117745116996765e+09
1.580151394292435008e+00 9.413464950945600510e+09
1.600310313738700030e+00 9.638302603333642960e+09
1.620726412360777857e+00 9.867691624807014465e+09
1.641402971144466427e+00 1.010169254778275490e+10
1.662343312933033390e+00 1.034036545219541168e+10
1.683550802961202297e+00 1.058376990078642464e+10
1.705028849395978874e+00 1.083196487201373291e+10
1.726780903884356011e+00 1.108500869053827095e+10
1.748810462108010055e+00 1.134295895524309540e+10
1.771121064345088758e+00 1.160587246474559402e+10
1.793716296039139957e+00 1.187380514035717392e+10
1.816599788375326652e+00 1.214681194645104599e+10
1.839775218863973993e+00 1.242494680819582939e+10
1.863246311931559873e+00 1.270826252661481094e+10
1.887016839519266576e+00 1.299681069092989731e+10
1.911090621689137903e+00 1.329064158815349197e+10
1.935471527237998091e+00 1.358980410988680077e+10
1.960163474319185584e+00 1.389434565629040718e+10
1.985170431072216024e+00 1.420431203718820000e+10
2.010496416260499242e+00 1.451974737027268219e+10
2.036145499917162205e+00 1.484069397637595940e+10
2.062121803999142244e+00 1.516719227177581787e+10
2.088429503049601621e+00 1.549928065750734138e+10
2.115072824868794665e+00 1.583699540565163422e+10
2.142056051193516719e+00 1.618037054257669830e+10
2.169383518385184395e+00 1.652943772910768509e+10
2.197059618126731451e+00 1.688422613760616302e+10
2.225088798128369572e+00 1.724476232594400406e+10
2.253475562842355284e+00 1.761107010835480118e+10
2.282224474186898444e+00 1.798317042315968323e+10
2.311340152279268700e+00 1.836108119735756683e+10
2.340827276178291783e+00 1.874481720808557892e+10
2.370690584636296894e+00 1.913438994095139313e+10
2.400934876860651990e+00 1.952980744525403595e+10
2.431565013285041044e+00 1.993107418610892487e+10
2.462585916350546800e+00 2.033819089350470352e+10
2.494002571296730864e+00 2.075115440832757950e+10
2.525820026962784848e+00 2.116995752539448929e+10
2.558043396598898234e+00 2.159458883354898453e+10
2.590677858688009039e+00 2.202503255288302994e+10
2.623728657777990581e+00 2.246126836916104507e+10
2.657201105324503931e+00 2.290327126552999496e+10
2.691100580544568910e+00 2.335101135162016678e+10
2.725432531281027693e+00 2.380445369014790344e+10
2.760202474878065804e+00 2.426355812115352249e+10
2.795415999067856649e+00 2.472827908402072906e+10
2.831078762868563636e+00 2.519856543744078064e+10
2.867196497493769591e+00 2.567436027750878906e+10
2.903775007273506237e+00 2.615560075415306854e+10
2.940820170587063576e+00 2.664221788612691498e+10
2.978337940807658235e+00 2.713413637480700302e+10
3.016334347259197468e+00 2.763127441707876205e+10
3.054815496185201429e+00 2.813354351759770203e+10
3.093787571730136854e+00 2.864084830076177979e+10
3.133256836933231870e+00 2.915308632274042130e+10
3.173229634734976212e+00 2.967014788394967651e+10
3.213712388996489810e+00 3.019191584238067245e+10
3.254711605531848129e+00 3.071826542823164749e+10
3.296233873153628924e+00 3.124906406032088852e+10
3.338285864731760810e+00 3.178417116478742981e+10
3.380874338265885015e+00 3.232343799663362122e+10
3.424006137971425723e+00 3.286670746468915176e+10
3.467688195379469818e+00 3.341381396060868454e+10
3.511927530450727808e+00 3.396458319256931686e+10
3.556731252703672741e+00 3.451883202435047913e+10
3.602106562357069830e+00 3.507636832052796173e+10
3.648060751487118836e+00 3.563699079854974365e+10
3.694601205199302463e+00 3.620048888849257660e+10
3.741735402815244527e+00 3.676664260133882141e+10
3.789470919074667599e+00 3.733522240664486694e+10
3.837815425352685939e+00 3.790598912050758362e+10
3.886776690892667752e+00 3.847869380476823425e+10
3.936362584054766245e+00 3.905307767841767120e+10
3.986581073580438783e+00 3.962887204220167542e+10
4.037440229873057618e+00 4.020579821744584656e+10
4.088948226294860433e+00 4.078356750013763428e+10
4.141113340480480964e+00 4.136188113133211517e+10
4.193943955667186252e+00 4.194043028494963837e+10
4.247448562042135833e+00 4.251889607404910278e+10
4.301635758106795215e+00 4.309694957666986847e+10
4.356514252058747871e+00 4.367425188232203674e+10
4.412092863191189984e+00 4.425045416021495819e+10
4.468380523310199415e+00 4.482519775028380585e+10
4.525386278170167031e+00 4.539811427807271576e+10
4.583119288927482771e+00 4.596882579449244690e+10
4.641588833612777520e+00 4.653694494144480896e+10
4.700804308621986394e+00 4.710207514426345825e+10
4.760775230226368393e+00 4.766381083187591553e+10
4.821511236101856390e+00 4.822173768552005005e+10
4.883022086877879531e+00 4.877543291680885315e+10
4.945317667705932507e+00 4.932446557583534241e+10
5.008407989848212338e+00 4.986839688994718933e+10
5.072303192286450546e+00 5.040678063371870422e+10
5.137013543351338640e+00 5.093916353055846405e+10
5.202549442372692567e+00 5.146508568626708984e+10
5.268921421350671430e+00 5.198408105476368713e+10
5.336140146648369331e+00 5.249567793606125641e+10
5.404216420705915347e+00 5.299939950644086456e+10
5.473161183776535488e+00 5.349476438065052032e+10
5.542985515684669018e+00 5.398128720578990936e+10
5.613700637606600985e+00 5.445847928640805054e+10
5.685317913873753071e+00 5.492584924018487549e+10
5.757848853798980038e+00 5.538290368339112854e+10
5.831305113526224382e+00 5.582914794519477081e+10
5.905698497903679289e+00 5.626408680968367004e+10
5.981040962380937742e+00 5.668722528432130432e+10
6.057344614930286752e+00 5.709806939341299438e+10
6.134621717992506440e+00 5.749612699495065308e+10
6.212884690447562974e+00 5.788090861909465790e+10
6.292146109610343707e+00 5.825192832636300659e+10
6.372418713251947864e+00 5.860870458346362305e+10
6.453715401646701544e+00 5.895076115456753540e+10
6.536049239645289610e+00 5.927762800567193604e+10
6.619433458774394374e+00 5.958884221960473633e+10
6.703881459363032036e+00 5.988394891908220673e+10
6.789406812696105575e+00 6.016250219515841675e+10
6.876023263195370383e+00 6.042406603829598999e+10
6.963744730628222079e+00 6.066821526924199677e+10
7.052585312344734625e+00 6.089453646681391144e+10
7.142559285543126357e+00 6.110262888967913055e+10
7.233681109564241929e+00 6.129210538918441772e+10
7.325965428215230446e+00 6.146259331028796387e+10
7.419427072122865674e+00 6.161373537766027832e+10
7.514081061116970162e+00 6.174519056405172729e+10
7.609942606644125362e+00 6.185663493809004211e+10
7.707027114212295693e+00 6.194776248871073914e+10
7.805350185866558377e+00 6.201828592353424072e+10
7.904927622696420464e+00 6.206793743859742737e+10
8.005775427375199982e+00 6.209646945696464539e+10
8.107909806731687041e+00 6.210365533385893250e+10
8.211347174354726164e+00 6.208929002614651489e+10
8.316104153230961415e+00 6.205319072409510803e+10
8.422197578416211527e+00 6.199519744355553436e+10
8.529644499741024788e+00 6.191517357685121155e+10
8.638462184550620648e+00 6.181300640085671997e+10
8.748668120479905497e+00 6.168860754091744232e+10
8.860280018263818391e+00 6.154191338946585083e+10
8.973315814583520122e+00 6.137288547835241699e+10
9.087793674948981604e+00 6.118151080410861969e+10
9.203731996618220279e+00 6.096780210552243805e+10
9.321149411553907527e+00 6.073179809308860779e+10
9.440064789417602853e+00 6.047356363005033875e+10
9.560497240602197522e+00 6.019318986489677429e+10
9.682466119303123619e+00 5.989079431532744598e+10
9.805991026628616325e+00 5.956652090381642151e+10
9.931091813749800323e+00 5.922053994501479340e+10
1.005778858509080820e+01 5.885304808533579254e+10
1.018610170155975325e+01 5.846426819513729858e+10
1.031605178382079657e+01 5.805444921398825073e+10
1.044765971560805262e+01 5.762386594954763794e+10
1.058094664708162824e+01 5.717281883062686157e+10
1.071593399822671167e+01 5.670163361501581573e+10
1.085264346229580212e+01 5.621066105267372131e+10
1.099109700929496114e+01 5.570027650486728668e+10
1.113131688951454734e+01 5.517087951982991791e+10
1.127332563710487179e+01 5.462289336550806427e+10
1.141714607369770285e+01 5.405676451990853882e+10
1.156280131207375383e+01 5.347296211955509949e+10
1.171031475987704873e+01 5.287197736652036285e+10
1.185971012337670594e+01 5.225432289448399353e+10
1.201101141127656646e+01 5.162053209422853851e+10
1.216424293857367900e+01 5.097115839899684906e+10
1.231942933046577338e+01 5.030677453010156250e+10
1.247659552630868518e+01 4.962797170321924591e+10
1.263576678362428574e+01 4.893535879579786682e+10
1.279696868215941663e+01 4.822956147606538391e+10
1.296022712799684307e+01 4.751122129417230225e+10
1.312556835771842678e+01 4.678099473609686279e+10
1.329301894262150974e+01 4.603955224101874542e+10
1.346260579298911075e+01 4.528757718299713898e+10
1.363435616241444848e+01 4.452576481792857361e+10
1.380829765218092398e+01 4.375482119690356445e+10
1.398445821569769265e+01 4.297546204727113342e+10
1.416286616299197298e+01 4.218841162289942169e+10
1.434355016525865523e+01 4.139440152533493042e+10
1.452653925946781222e+01 4.059416949777371979e+10
1.471186285303129182e+01 3.978845819398587036e+10
1.489955072852853668e+01 3.897801392457299042e+10
1.508963304849284626e+01 3.816358538316410828e+10
1.528214036025870826e+01 3.734592235540085602e+10
1.547710360087080161e+01 3.652577441378451538e+10
1.567455410205595001e+01 3.570388960168416595e+10
1.587452359525818757e+01 3.488101311001191711e+10
1.607704421673821926e+01 3.405788595027556610e+10
1.628214851273793684e+01 3.323524362787868500e+10
1.648986944471064930e+01 3.241381481971377563e+10
1.670024039461839394e+01 3.159432006019940567e+10
1.691329517029647178e+01 3.077747044004030991e+10
1.712906801088658426e+01 2.996396632203863525e+10
1.734759359233932585e+01 2.915449607834348679e+10
1.756890703298664036e+01 2.834973485352446747e+10
1.779304389918577201e+01 2.755034335783671188e+10
1.802004021103483922e+01 2.675696669498874283e+10
1.824993244816150550e+01 2.597023322862469482e+10
1.848275755558550770e+01 2.519075349162811279e+10
1.871855294965579120e+01 2.441911914218210983e+10
1.895735652406375493e+01 2.365590197034690475e+10
1.919920665593282649e+01 2.290165295871340942e+10
1.944414221198595527e+01 2.215690140043439865e+10
1.969220255479173431e+01 2.142215407770223999e+10
1.994342754909004256e+01 2.069789450344475174e+10
2.019785756819878486e+01 1.998458222872663879e+10
2.045553350050195007e+01 1.928265221803394318e+10
2.071649675602066765e+01 1.859251429429928589e+10
2.098078927306806207e+01 1.791455265520246887e+10
2.124845352498882889e+01 1.724912546194805908e+10
2.151953252698519137e+01 1.659656450139327431e+10
2.179406984302953632e+01 1.595717492207016182e+10
2.207210959286543073e+01 1.533123504431917191e+10
2.235369645909796432e+01 1.471899624443099594e+10
2.263887569437434166e+01 1.412068291238954544e+10
2.292769312865648601e+01 1.353649248250114059e+10
2.322019517658603505e+01 1.296659553591292191e+10
2.351642884494350838e+01 1.241113597374785995e+10
2.381644174020239646e+01 1.187023125932175827e+10
2.412028207618006803e+01 1.134397272766313744e+10
2.442799868178584788e+01 1.083242596033027267e+10
2.473964100886811579e+01 1.033563122330145645e+10
2.505525914016159916e+01 9.853603965518697739e+09
2.537490379733571544e+01 9.386335375483783722e+09
2.569862634914618482e+01 8.933792993136175156e+09
2.602647881969004473e+01 8.495921374094499588e+09
2.635851389676630774e+01 8.072642803203212738e+09
2.669478494034323646e+01 7.663858054205624580e+09
2.703534599113338288e+01 7.269447192256303787e+09
2.738025177927857712e+01 6.889270415888383865e+09
2.772955773314516037e+01 6.523168934972660065e+09
2.808331998823169684e+01 6.170965881134107590e+09
2.844159539619033694e+01 5.832467247032540321e+09
2.880444153396297935e+01 5.507462850873457909e+09
2.917191671303455180e+01 5.195727322476727486e+09
2.954407998880379793e+01 4.897021107214264870e+09
2.992099117007386511e+01 4.611091484114891052e+09
3.030271082866399368e+01 4.337673594437927246e+09
3.068930030914351192e+01 4.076491477033455849e+09
3.108082173869063780e+01 3.827259106830176353e+09
3.147733803707643219e+01 3.589681432835761070e+09
3.187891292677642596e+01 3.363455412082420349e+09
3.228561094321126745e+01 3.148271036018136978e+09
3.269749744511767631e+01 2.943812345921477318e+09
3.311463862505236477e+01 2.749758434008388996e+09
3.353710152002928879e+01 2.565784427006546497e+09
3.396495402229297866e+01 2.391562449088978767e+09
3.439826489022927802e+01 2.226762561191916466e+09
3.483710375941492998e+01 2.071053673885819912e+09
3.528154115380883127e+01 1.924104431126981735e+09
3.573164849708538782e+01 1.785584062385857344e+09
3.618749812411276423e+01 1.655163200831275940e+09
3.664916329257761163e+01 1.532514665440946102e+09
3.711671819475766654e+01 1.417314205111582041e+09
3.759023796944538987e+01 1.309241203053385973e+09
3.806979871402283777e+01 1.207979339972445488e+09
3.855547749669110402e+01 1.113217214770192623e+09
3.904735236885564120e+01 1.024648921719071388e+09
3.954550237766929399e+01 9.419745833076086044e+08
4.005000757873611406e+01 8.649008381836082935e+08
4.056094904897641840e+01 7.931412838596620560e+08
4.107840889965642361e+01 7.264168740796003342e+08
4.160247028958409743e+01 6.644562709750933647e+08
4.213321743847289014e+01 6.069961523678454161e+08
4.267073564047686318e+01 5.537814747917428017e+08
4.321511127789761986e+01 5.045656930207407475e+08
4.376643183506651980e+01 4.591109370892640352e+08
4.432478591240400334e+01 4.171881479819616079e+08
4.489026324065785900e+01 3.785771733473763466e+08
4.546295469532399380e+01 3.430668247533710599e+08
4.604295231125029630e+01 3.104548981516765356e+08
4.663034929742726575e+01 2.805481593516989946e+08
4.722524005196734720e+01 2.531622964207732677e+08
4.782772017727485547e+01 2.281218410280378461e+08
4.843788649541041025e+01 2.052600608313558400e+08
4.905583706365045771e+01 1.844188250721194446e+08
4.968167119024568024e+01 1.654484455899735391e+08
5.031548945038056786e+01 1.482074954998224974e+08
5.095739370233599885e+01 1.325626077865484655e+08
5.160748710385907856e+01 1.183882560694572031e+08
5.226587412874076932e+01 1.055665197693031281e+08
5.293266058360556059e+01 9.398683587629972398e+07
5.360795362491529659e+01 8.354573946913683414e+07
5.429186177618942821e+01 7.414659507338449359e+07
5.498449494544599503e+01 6.569932087410062551e+07
5.568596444286409053e+01 5.812010771310547739e+07
5.639638299867211657e+01 5.133113470751094818e+07
5.711586478126434940e+01 4.526028322399571538e+07
5.784452541554797023e+01 3.984085083444968611e+07
5.858248200152535645e+01 3.501126676408842206e+07
5.932985313311230158e+01 3.071481022459143028e+07
6.008675891719680351e+01 2.689933290329005197e+07
6.085332099294114272e+01 2.351698675637999922e+07
6.162966255132942450e+01 2.052395813071762770e+07
6.241590835496589307e+01 1.788020911609448493e+07
6.321218475812448645e+01 1.554922690915786102e+07
6.401861972705482628e+01 1.349778185223426670e+07
6.483534286054727147e+01 1.169569469619677961e+07
6.566248541075968603e+01 1.011561352697871439e+07
6.650018030431118632e+01 8.732800691062474623e+06
6.734856216364372017e+01 7.524929956877706572e+06
6.820776732865678582e+01 6.471894056989688426e+06
6.907793387861822509e+01 5.555622670656497590e+06
6.995920165435374827e+01 4.759910828039591201e+06
7.085171228072105976e+01 4.070257646252172999e+06
7.175560918936920984e+01 3.473715243607841898e+06
7.267103764178904157e+01 2.958747621878662147e+06
7.359814475265771705e+01 2.515099256999407895e+06
7.453707951348025063e+01 2.133673096305707470e+06
7.548799281653431592e+01 1.806417624825913692e+06
7.645103747911878145e+01 1.526222634087954415e+06
7.742636826811278183e+01 1.286823304000645643e+06
7.841414192484688783e+01 1.082712191255731974e+06
7.941451719029339529e+01 9.090587059586961986e+05
8.042765483057628728e+01 7.616356513997517759e+05
8.145371766280736381e+01 6.367523995710611343e+05
8.249287058125217698e+01 5.311942767669124296e+05
8.354528058382871336e+01 4.421677389112829696e+05
8.461111679894604265e+01 3.672509246868547052e+05
8.569055051268347256e+01 3.043491856535782572e+05
8.678375519631747181e+01 2.516552059123209328e+05
8.789090653419962962e+01 2.076133390883020475e+05
8.901218245198947443e+01 1.708878070954379800e+05
9.014776314524917211e+01 1.403344229410730186e+05
9.129783110840139670e+01 1.149755184139739576e+05
9.246257116405733711e+01 9.397777656801519333e+04
9.364217049271896087e+01 7.663268820340008824e+04
9.483681866285927242e+01 6.233937081889134424e+04
9.604670766138823979e+01 5.058950755617504183e+04
9.727203192450537017e+01 4.095418230391354155e+04
9.851298836894700628e+01 3.307240522512602911e+04
9.976977642363210919e+01 2.664114039531885282e+04
1.010425980617109616e+02 2.140666389302938114e+04
1.023316578330244937e+02 1.715709649508123402e+04
1.036371628969759229e+02 1.371597004308984106e+04
1.049593230558226651e+02 1.093670053141789867e+04
1.062983507883929519e+02 8.697854002920710627e+03
1.076544612842315871e+02 6.899103424817159066e+03
1.090278724781834541e+02 5.457785863102242729e+03
1.104188050854160252e+02 4.305979500888292023e+03
1.118274826368897976e+02 3.388029383412494099e+03
1.132541315152812587e+02 2.658459256792329143e+03
1.146989809913630012e+02 2.080214540857635711e+03
1.161622632608501817e+02 1.623188384435165517e+03
1.176442134817148713e+02 1.262988942838663434e+03
1.191450698119774785e+02 9.799115420294541536e+02
1.206650734479804470e+02 7.580843024887061574e+02
1.222044686631488730e+02 5.847601384614570179e+02
1.237635028472481338e+02 4.497318740340668910e+02
1.253424265461399472e+02 3.448505740359356651e+02
1.269414935020467112e+02 2.636301204876913857e+02
1.285609606943296512e+02 2.009236173555968890e+02
1.302010883807858761e+02 1.526594181767550538e+02
1.318621401394748602e+02 1.156264803805231907e+02
1.335443829110758998e+02 8.730039167677196588e+01
1.352480870417873859e+02 6.570281966376256833e+01
1.369735263267731966e+02 4.928833494756166544e+01
1.387209780541620887e+02 3.685357692028860299e+01
1.404907230496112049e+02 2.746459363353032757e+01
1.422830457214352009e+02 2.039891413572156154e+01
1.440982341063127024e+02 1.509952207635360111e+01
1.459365799155757770e+02 1.113840998963276441e+01
1.477983785820882474e+02 8.187819117138436908e+00
1.496839293077255491e+02 5.997622737103634805e+00
1.515935351114568164e+02 4.377602895212005407e+00
1.535275028780421280e+02 3.183610837172795804e+00
1.554861434073510509e+02 2.306798646323719115e+00
1.574697714643086783e+02 1.665270720238701818e+00
1.594787058294820952e+02 1.197634860046101313e+00
1.615132693503089740e+02 8.580390564753239691e-01
1.635737889929813775e+02 6.123658977152890426e-01
1.656605958949915305e+02 4.353255618079132638e-01
1.677740254183460138e+02 3.082436581097632855e-01
1.699144172034625910e+02 2.173843034178140343e-01
1.720821152237510034e+02 1.526838770259211220e-01
1.742774678408917453e+02 1.067986434428603026e-01
1.765008278608202659e+02 7.439129786074304140e-02
1.787525525904235337e+02 5.159865203318409616e-02
1.810330038949633717e+02 3.563609288353585675e-02
1.833425482562288948e+02 2.450488743103450273e-02
1.856815568314326867e+02 1.677650019272452706e-02
1.880504055128583332e+02 1.143433464628000260e-02
1.904494749882668430e+02 7.758109461152789578e-03
1.928791508020777599e+02 5.239751896524072819e-03
1.953398234173268690e+02 3.522487521526165063e-03
1.978318882784162156e+02 2.356926245151399254e-03
2.003557458746647910e+02 1.569545669696596670e-03
2.029118018046678174e+02 1.040175899594480893e-03
2.055004668414812272e+02 6.859898730333256669e-04
2.081221569986337272e+02 4.501732965916026784e-04
2.107772935969829291e+02 2.939447383898078779e-04
2.134663033324245589e+02 1.909625594793951369e-04
2.161896183444631561e+02 1.234240512466189168e-04
2.189476762856620837e+02 7.935836036869280781e-05
2.217409203919750382e+02 5.075735779742706439e-05
2.245697995539771625e+02 3.229168492427684709e-05
2.274347683890047733e+02 2.043334989137547480e-05
2.303362873142131377e+02 1.285929710796088736e-05
2.332748226205710296e+02 8.048133196033722714e-06
2.362508465477945094e+02 5.008926566223714567e-06
2.392648373602390848e+02 3.099823209180154769e-06
2.423172794237600556e+02 1.907405160687544502e-06
2.454086632835509363e+02 1.166899924235152588e-06
2.485394857429798492e+02 7.097078548084956658e-07
2.517102499434268452e+02 4.290930804259495645e-07
2.549214654451425588e+02 2.578812161470759894e-07
2.581736483091355581e+02 1.540474264082792639e-07
2.614673211801091952e+02 9.145886310508794126e-08
2.648030133704519926e+02 5.396394211393311205e-08
2.681812609453012897e+02 3.164155232381386240e-08
2.716026068086929399e+02 1.843561720048445405e-08
2.750676007908067504e+02 1.067266100517602824e-08
2.785767997363307131e+02 6.138638008742226215e-09
2.821307675939470982e+02 3.507716891026293700e-09
2.857300755069626348e+02 1.991126904513476864e-09
2.893753019050953412e+02 1.122699927845420489e-09
2.930670325974291472e+02 6.287630121739796209e-10
2.968058608665602378e+02 3.497330894087969594e-10
3.005923875639388143e+02 1.931881668105901823e-10
3.044272212064299765e+02 1.059706670057614688e-10
3.083109780741064014e+02 5.771904149688985386e-11
3.122442823092857793e+02 3.121385629031977139e-11
3.162277660168379612e+02 1.675856381533087521e-11
