1.000000000000000021e-03 1.337633418344080098e+02
1.012757587354654694e-03 1.376689054518988655e+02
1.025677930744421868e-03 1.416888410531700799e+02
1.038763106543635299e-03 1.458265073318920599e+02
1.052015217616159145e-03 1.500853619090949849e+02
1.065436393653323164e-03 1.544689642565255099e+02
1.079028791516183647e-03 1.589809787067215439e+02
1.092794595582139826e-03 1.636251775523484753e+02
1.106736018095973379e-03 1.684054442374955443e+02
1.120855299525376535e-03 1.733257766436323095e+02
1.135154708920998925e-03 1.783902904730734349e+02
1.149636544281106183e-03 1.836032227328477120e+02
1.164303132920876775e-03 1.889689353219533245e+02
1.179156831846412930e-03 1.944919187250906134e+02
1.194200028133532475e-03 2.001767958160523904e+02
1.209435139311376911e-03 2.060283257740167642e+02
1.224864613750930708e-03 2.120514081161303466e+02
1.240490931058484776e-03 2.182510868498476952e+02
1.256316602474120232e-03 2.246325547485675429e+02
1.272344171275287912e-03 2.312011577542967871e+02
1.288576213185518111e-03 2.379623995110786439e+02
1.305015336788362254e-03 2.449219460331089522e+02
1.321664183946605082e-03 2.520856305115775626e+02
1.338525430226822181e-03 2.594594582643148897e+02
1.355601785329368925e-03 2.670496118325906423e+02
1.372895993523834011e-03 2.748624562293615554e+02
1.390410834090069709e-03 2.829045443435860534e+02
1.408149121764833275e-03 2.911826225051692063e+02
1.426113707194128248e-03 2.997036362154060498e+02
1.444307477391329085e-03 3.084747360478435780e+02
1.462733356201129922e-03 3.175032837246262147e+02
1.481394304769434326e-03 3.267968583736051187e+02
1.500293322019218348e-03 3.363632629715814915e+02
1.519433445132483329e-03 3.462105309792638650e+02
1.538817750038346368e-03 3.563469331736606023e+02
1.558449351907353680e-03 3.667809846837938039e+02
1.578331405652118108e-03 3.775214522358537579e+02
1.598467106434319808e-03 3.885773616139993010e+02
1.618859690178197632e-03 3.999580053432867430e+02
1.639512434090576723e-03 4.116729506013867308e+02
1.660428657187529473e-03 4.237320473658563742e+02
1.681611720827773078e-03 4.361454368041100906e+02
1.703065029252844422e-03 4.489235599132717880e+02
1.724792030134195001e-03 4.620771664174278612e+02
1.746796215127245774e-03 4.756173239299570241e+02
1.769081120432511658e-03 4.895554273888964190e+02
1.791650327363901278e-03 5.039032087734750576e+02
1.814507462924241834e-03 5.186727471102999516e+02
1.837656200388170478e-03 5.338764787777680567e+02
1.861100259892447054e-03 5.495272081177535028e+02
1.884843409033795311e-03 5.656381183636445940e+02
1.908889463474391012e-03 5.822227828943226768e+02
1.933242287555045260e-03 5.992951768237575152e+02
1.957905794916241140e-03 6.168696889363366154e+02
1.982883949127071596e-03 6.349611339782443338e+02
2.008180764322202352e-03 6.535847653155849457e+02
2.033800305846981960e-03 6.727562879702468308e+02
2.059746690910748204e-03 6.924918720447942633e+02
2.086024089248504979e-03 7.128081665481167875e+02
2.112636723791006498e-03 7.337223136337581764e+02
2.139588871343421454e-03 7.552519632634323443e+02
2.166884863272634364e-03 7.774152883083309007e+02
2.194529086203313769e-03 8.002310001014548106e+02
2.222525982722885207e-03 8.237183644544979870e+02
2.250880052095461867e-03 8.478972181531806882e+02
2.279595850984918962e-03 8.727879859454042162e+02
2.308677994187169520e-03 8.984116980370658894e+02
2.338131155371781216e-03 9.247900081106520247e+02
2.367960067833078681e-03 9.519452118825365687e+02
2.398169525250792855e-03 9.799002662148191121e+02
2.428764382460450386e-03 1.008678808798769410e+03
2.459749556233565941e-03 1.038305178426664725e+03
2.491130026067788373e-03 1.068804435869918734e+03
2.522910834987153808e-03 1.100202385381735894e+03
2.555097090352506824e-03 1.132525596842868254e+03
2.587693964682303074e-03 1.165801428570020107e+03
2.620706696483852353e-03 1.200058050806693245e+03
2.654140591095173387e-03 1.235324469917002261e+03
2.688001021537607393e-03 1.271630553303691158e+03
2.722293429379274085e-03 1.309007055071957893e+03
2.757023325609582638e-03 1.347485642461691668e+03
2.792196291524870044e-03 1.387098923071157969e+03
2.827817979625341181e-03 1.427880472895944195e+03
2.863894114523477148e-03 1.469864865207721323e+03
2.900430493863991651e-03 1.513087700298053733e+03
2.937432989255565289e-03 1.557585636113398323e+03
2.974907547214440586e-03 1.603396419807985239e+03
3.012860190120049929e-03 1.650558920242293880e+03
3.051297017182870702e-03 1.699113161455677528e+03
3.090224205424578312e-03 1.749100357142252733e+03
3.129648010670750373e-03 1.800562946160559932e+03
3.169574768556206613e-03 1.853544629107918809e+03
3.210010895543171858e-03 1.908090405991649959e+03
3.250962889952459852e-03 1.964246615030212070e+03
3.292437333007768984e-03 2.022060972618402047e+03
3.334440889893341455e-03 2.081582614491456297e+03
3.376980310825091272e-03 2.142862138124544799e+03
3.420062432135391028e-03 2.205951646404585972e+03
3.463694177371734288e-03 2.270904792613086101e+03
3.507882558409362514e-03 2.337776826759174128e+03
3.552634676578139260e-03 2.406624643303932316e+03
3.597957723803763604e-03 2.477506830317826825e+03
3.643858983763544404e-03 2.550483720114359585e+03
3.690345833056954405e-03 2.625617441404899182e+03
3.737425742391064371e-03 2.702971973020067708e+03
3.785106277781153002e-03 2.782613199245598935e+03
3.833395101766601514e-03 2.864608966820807836e+03
3.882299974642294035e-03 2.949029143650427613e+03
3.931828755705770589e-03 3.035945679281145203e+03
3.981989404520229828e-03 3.125432667196491366e+03
4.032789982193705006e-03 3.217566408984735062e+03
4.084238652674521651e-03 3.312425480436661474e+03
4.136343684063273698e-03 3.410090799631362643e+03
4.189113449941588713e-03 3.510645697070246115e+03
4.242556430717777174e-03 3.614175987921079468e+03
4.296681214989711041e-03 3.720770046436228768e+03
4.351496500925049540e-03 3.830518882610208038e+03
4.407011097659075012e-03 3.943516221144970586e+03
4.463233926710397266e-03 4.059858582792444395e+03
4.520174023414663504e-03 4.179645368145913380e+03
4.577840538376616412e-03 4.302978943955277828e+03
4.636242738940640068e-03 4.429964732041506977e+03
4.695390010680058207e-03 4.560711300889696759e+03
4.755291858905486696e-03 4.695330460001812753e+03
4.815957910192351227e-03 4.833937357092081584e+03
4.877397913927969224e-03 4.976650578212062101e+03
4.939621743878320863e-03 5.123592250893151686e+03
5.002639399774799767e-03 5.274888150398923244e+03
5.066461008921268640e-03 5.430667809180738914e+03
5.131096827821533465e-03 5.591064629634003722e+03
5.196557243827657803e-03 5.756216000255468316e+03
5.262852776809256831e-03 5.926263415304181763e+03
5.329994080844087725e-03 6.101352598072362525e+03
5.397991945930253818e-03 6.281633627876238279e+03
5.466857299720180412e-03 6.467261070878864302e+03
5.536601209276792446e-03 6.658394114861792332e+03
5.607234882852032802e-03 6.855196708065337589e+03
5.678769671688089875e-03 7.057837702220385836e+03
5.751217071841613696e-03 7.266490999899702729e+03
5.824588726031213783e-03 7.481335706319468045e+03
5.898896425508493718e-03 7.702556285725914677e+03
5.974152111952984144e-03 7.930342722506844439e+03
6.050367879391223974e-03 8.164890687171205172e+03
6.127555976140354119e-03 8.406401707344608440e+03
6.205728806776500406e-03 8.655083343933127253e+03
6.284898934128248411e-03 8.911149372612586376e+03
6.365079081295571019e-03 9.174819970804968762e+03
6.446282133694490601e-03 9.446321910309026862e+03
6.528521141127847059e-03 9.725888755756488536e+03
6.611809319882495234e-03 1.001376106907150825e+04
6.696160054853222271e-03 1.031018662011553533e+04
6.781586901693760494e-03 1.061542060370584659e+04
6.868103588995307790e-03 1.092972586320163464e+04
6.955724020492731578e-03 1.125337312085750091e+04
7.044462277299036630e-03 1.158664121514991712e+04
7.134332620168255465e-03 1.192981734528976449e+04
7.225349491787214085e-03 1.228319732313803797e+04
7.317527519096605863e-03 1.264708583275194906e+04
7.410881515641569613e-03 1.302179669779233882e+04
7.505426483952362497e-03 1.340765315703304441e+04
7.601177617955329896e-03 1.380498814821698761e+04
7.698150305414640585e-03 1.421414460051526657e+04
7.796360130405236531e-03 1.463547573585076861e+04
7.895822875817228026e-03 1.506934537935570552e+04
7.996554525892346499e-03 1.551612827924155681e+04
8.098571268792684880e-03 1.597621043636926333e+04
8.201889499202202546e-03 1.644998944381425827e+04
8.306525820961507475e-03 1.693787483673213137e+04
8.412497049736117685e-03 1.744028845283686314e+04
8.519820215718900205e-03 1.795766480381894507e+04
8.628512566366895731e-03 1.849045145803270134e+04
8.738591569173056323e-03 1.903910943480049536e+04
8.850074914473439122e-03 1.960411361068539554e+04
8.962980518290071183e-03 2.018595313809944491e+04
9.077326525210224414e-03 2.078513187662226846e+04
9.193131311302326150e-03 2.140216883742015852e+04
9.310413487069076066e-03 2.203759864116316749e+04
9.429191900438322824e-03 2.269197198985392970e+04
9.549485639791965852e-03 2.336585615299291385e+04
9.671314037033631669e-03 2.405983546851715073e+04
9.794696670695395360e-03 2.477451185896425886e+04
9.919653369084137015e-03 2.551050536332709453e+04
1.004620421346812641e-02 2.626845468507716578e+04
1.017436954130414989e-02 2.704901775685435132e+04
1.030416994950588035e-02 2.785287232232618408e+04
1.043562629775391347e-02 2.868071653574835727e+04
1.056875971184803933e-02 2.953326957976273115e+04
1.070359158710230095e-02 3.041127230199246696e+04
1.084014359178330986e-02 3.131548787100934715e+04
1.097843767059249014e-02 3.224670245226354382e+04
1.111849604819271052e-02 3.320572590459114872e+04
1.126034123277991003e-02 3.419339249792154442e+04
1.140399601970032428e-02 3.521056165284169401e+04
1.154948349511379126e-02 3.625811870267966879e+04
1.169682703970385297e-02 3.733697567880011047e+04
1.184605033243516653e-02 3.844807211982009176e+04
1.199717735435884385e-02 3.959237590548026492e+04
1.215023239246636536e-02 4.077088411592065677e+04
1.230524004359261590e-02 4.198462391714835394e+04
1.246222521836874882e-02 4.323465347348882642e+04
1.262121314522547319e-02 4.452206288785501965e+04
1.278222937444740970e-02 4.584797517068000889e+04
1.294529978227915330e-02 4.721354723839992948e+04
1.311045057508377840e-02 4.861997094238238060e+04
1.327770829355429810e-02 5.006847412924079981e+04
1.344709981697894512e-02 5.156032173349428922e+04
1.361865236756082051e-02 5.309681690356241597e+04
1.379239351479265123e-02 5.467930216212126834e+04
1.396835117988739702e-02 5.630916060186771938e+04
1.414655364026531047e-02 5.798781711778487079e+04
1.432702953409830879e-02 5.971673967702253140e+04
1.450980786491229239e-02 6.149744062754957849e+04
1.469491800624816470e-02 6.333147804676218948e+04
1.488238970638237034e-02 6.522045713128351781e+04
1.507225309310756232e-02 6.716603162920827162e+04
1.526453867857435406e-02 6.916990531609673053e+04
1.545927736419477720e-02 7.123383351607000805e+04
1.565650044560832829e-02 7.335962466937230784e+04
1.585623961771137277e-02 7.554914194784799474e+04
1.605852697975066606e-02 7.780430491978417558e+04
1.626339504048192330e-02 8.012709126564963663e+04
1.647087672339413514e-02 8.251953854628262343e+04
1.668100537200059227e-02 8.498374602514356957e+04
1.689381475519735262e-02 8.752187654628748714e+04
1.710933907269014329e-02 9.013615846977400361e+04
1.732761296049040167e-02 9.282888766627566656e+04
1.754867149648151048e-02 9.560242957269671024e+04
1.777255020605602101e-02 9.845922131068946328e+04
1.799928506782476345e-02 1.014017738699887705e+05
1.822891251939887797e-02 1.044326743585607328e+05
1.846146946324547441e-02 1.075545883216190123e+05
1.869699327261812802e-02 1.107702621316259319e+05
1.893552179756295348e-02 1.140825254514498520e+05
1.917709337100132611e-02 1.174942937729452970e+05
1.942174681489025612e-02 1.210085710332583694e+05
1.966952144646121059e-02 1.246284523112453462e+05
1.992045708453870148e-02 1.283571266064860974e+05
2.017459405593936481e-02 1.321978797034086019e+05
2.043197320195270367e-02 1.361540971231531585e+05
2.069263588490458800e-02 1.402292671658719773e+05
2.095662399480432980e-02 1.444269840462427819e+05
2.122397995607670784e-02 1.487509511250705691e+05
2.149474673437980557e-02 1.532049842399092740e+05
2.176896784350983161e-02 1.577930151377847651e+05
2.204668735239408844e-02 1.625190950131232967e+05
2.232794989217302267e-02 1.673873981541450485e+05
2.261280066337278266e-02 1.724022257010414323e+05
2.290128544316916495e-02 1.775680095193980378e+05
2.319345059274428855e-02 1.828893161923678708e+05
2.348934306473708655e-02 1.883708511352985515e+05
2.378901041078893344e-02 1.940174628365385288e+05
2.409250078918537263e-02 1.998341472283187904e+05
2.439986297259550199e-02 2.058260521917179576e+05
2.471114635591000266e-02 2.119984821998279658e+05
2.502640096417918167e-02 2.183569031033617212e+05
2.534567746065232233e-02 2.249069470631171134e+05
2.566902715491950482e-02 2.316544176337711397e+05
2.599650201115740605e-02 2.386052950036989932e+05
2.632815465648021339e-02 2.457657413955891388e+05
2.666403838939711626e-02 2.531421066328263551e+05
2.700420718837772543e-02 2.607409338767178124e+05
2.734871572052666178e-02 2.685689655398461618e+05
2.769761935036891068e-02 2.766331493809256935e+05
2.805097414874722569e-02 2.849406447867953684e+05
2.840883690183302474e-02 2.934988292472811881e+05
2.877126512025231231e-02 3.023153050288400846e+05
2.913831704832786987e-02 3.113979060531520518e+05
2.951005167343954960e-02 3.207547049869134789e+05
2.988652873550384087e-02 3.303940205493507092e+05
3.026780873657444054e-02 3.403244250441695331e+05
3.065395295056526706e-02 3.505547521228089463e+05
3.104502343309759049e-02 3.610941047861223342e+05
3.144108303147264555e-02 3.719518636318531353e+05
3.184219539477162880e-02 3.831376953554093488e+05
3.224842498408442282e-02 3.946615615117750131e+05
3.265983708286890330e-02 4.065337275465484709e+05
3.307649780744240792e-02 4.187647721044387436e+05
3.349847411760691063e-02 4.313655966236616950e+05
3.392583382740993470e-02 4.443474352251294767e+05
3.435864561604263373e-02 4.577218649054197012e+05
3.479697903887691429e-02 4.715008160429113777e+05
3.524090453864348743e-02 4.856965832266488578e+05
3.569049345675229939e-02 5.003218364179484779e+05
3.614581804475756194e-02 5.153896324548851699e+05
3.660695147596902677e-02 5.309134269102390390e+05
3.707396785721130128e-02 5.469070863137637498e+05
3.754694224073334974e-02 5.633849007499401923e+05
3.802595063626969252e-02 5.803615968428058550e+05
3.851107002325571127e-02 5.978523511396487011e+05
3.900237836319863510e-02 6.158728039059559815e+05
3.949995461220642823e-02 6.344390733441072516e+05
4.000387873367656361e-02 6.535677702489218209e+05
4.051423171114647281e-02 6.732760131134055555e+05
4.103109556130816321e-02 6.935814436985524371e+05
4.155455334718875099e-02 7.145022430814658292e+05
4.208468919149918608e-02 7.360571481963512488e+05
4.262158829015322975e-02 7.582654688837074209e+05
4.316533692595900251e-02 7.811471054631145671e+05
4.371602248248504519e-02 8.047225668457422871e+05
4.427373345810341199e-02 8.290129892031990457e+05
4.483855948021188420e-02 8.540401552096474916e+05
4.541059131963756657e-02 8.798265138748533791e+05
4.598992090522438514e-02 9.063952009862551931e+05
4.657664133860646427e-02 9.337700601786565967e+05
4.717084690917017209e-02 9.619756646508697886e+05
4.777263310920697864e-02 9.910373395490144612e+05
4.838209664925954834e-02 1.020981185036942945e+06
4.899933547366384229e-02 1.051834100074826740e+06
4.962444877628915951e-02 1.083623806927523576e+06
5.025753701647927424e-02 1.116378876425107708e+06
5.089870193519682035e-02 1.150128753998562926e+06
5.154804657137362217e-02 1.184903786514218198e+06
5.220567527846975420e-02 1.220735249931578292e+06
5.287169374124359167e-02 1.257655377809489612e+06
5.354620899273607876e-02 1.295697390686640749e+06
5.422932943147152490e-02 1.334895526363106910e+06
5.492116483887789224e-02 1.375285071110437158e+06
5.562182639692925951e-02 1.416902391838650685e+06
5.633142670601355012e-02 1.459784969249219634e+06
5.705007980302786996e-02 1.503971432004294824e+06
5.777790117970504208e-02 1.549501591942979256e+06
5.851500780117376010e-02 1.596416480376689229e+06
5.926151812475552449e-02 1.644758385496346978e+06
6.001755211900157427e-02 1.694570890925450716e+06
6.078323128297229844e-02 1.745898915453670546e+06
6.155867866576302666e-02 1.798788753987089265e+06
6.234401888627864180e-02 1.853288119751972146e+06
6.313937815326058078e-02 1.909446187790244352e+06
6.394488428556939497e-02 1.967313639785878826e+06
6.476066673272586061e-02 2.026942710262650158e+06
6.558685659571432403e-02 2.088387234194866149e+06
6.642358664805138313e-02 2.151702696074019186e+06
6.727099135712336087e-02 2.216946280475361738e+06
6.812920690579611638e-02 2.284176924170235172e+06
6.899837121430017761e-02 2.353455369830409065e+06
6.987862396239553908e-02 2.424844221373177134e+06
7.077010661181890039e-02 2.498408000996742398e+06
7.167296242901739778e-02 2.574213207956717350e+06
7.258733650817249250e-02 2.652328379136979580e+06
7.351337579451724946e-02 2.732824151468347292e+06
7.445122910795139159e-02 2.815773326251632068e+06
7.540104716695752995e-02 2.901250935442024376e+06
7.636298261282245536e-02 2.989334309954210185e+06
7.733719003416750226e-02 3.080103150049066637e+06
7.832382599179196769e-02 3.173639597864669748e+06
7.932304904383305488e-02 3.270028312156124040e+06
8.033501977124735127e-02 3.369356545310776681e+06
8.135990080361697740e-02 3.471714222707082052e+06
8.239785684528515286e-02 3.577194024487699382e+06
8.344905470182524543e-02 3.685891469819009770e+06
8.451366330684717543e-02 3.797905003712126985e+06
8.559185374914618505e-02 3.913336086481699720e+06
8.668379930019778912e-02 4.032289285921748262e+06
8.778967544200340367e-02 4.154872372280002572e+06
8.890965989529157898e-02 4.281196416114095598e+06
9.004393264807844521e-02 4.411375889115978032e+06
9.119267598459297741e-02 4.545528767993178219e+06
9.235607451457118755e-02 4.683776641497943550e+06
9.353431520292380952e-02 4.826244820698304102e+06
9.472758739978295872e-02 4.973062452587260865e+06
9.593608287093141618e-02 5.124362637129994109e+06
9.715999582862075434e-02 5.280282547850464471e+06
9.839952296278231536e-02 5.440963556063577533e+06
9.965486347263639855e-02 5.606551358859850094e+06
1.009262190987047364e-01 5.777196110954787582e+06
1.022137941552315743e-01 5.953052560517121106e+06
1.035177955630176283e-01 6.134280189092978835e+06
1.048384328826740958e-01 6.321043355748219416e+06
1.061759183483000080e-01 6.513511445552024990e+06
1.075304669015891279e-01 6.711859022531061433e+06
1.089022962263730548e-01 6.916265987224839628e+06
1.102916267836034775e-01 7.126917738978084177e+06
1.116986818467822634e-01 7.344005343109261245e+06
1.131236875378424656e-01 7.567725703098312020e+06
1.145668728634871431e-01 7.798281737940581515e+06
1.160284697519928104e-01 8.035882564818356186e+06
1.175087130904807486e-01 8.280743687245082110e+06
1.190078407626656010e-01 8.533087188842682168e+06
1.205260936870842653e-01 8.793141932915847749e+06
1.220637158558125213e-01 9.061143767991382629e+06
1.236209543736769140e-01 9.337335739497765899e+06
1.251980594979648642e-01 9.621968307761173695e+06
1.267952846786433996e-01 9.915299572503039613e+06
1.284128865990896151e-01 1.021759550402527303e+07
1.300511252173408572e-01 1.052913018127861992e+07
1.317102638078723464e-01 1.085018603701113164e+07
1.333905690039058622e-01 1.118105411020144075e+07
1.350923108402602713e-01 1.152203430598643422e+07
1.368157627967472034e-01 1.187343566329844669e+07
1.385612018421203961e-01 1.223557663043271005e+07
1.403289084785873109e-01 1.260878534877270833e+07
1.421191667868862141e-01 1.299339994490573928e+07
1.439322644719406574e-01 1.338976883136878535e+07
1.457684929090948267e-01 1.379825101626953483e+07
1.476281471909389464e-01 1.421921642203504592e+07
1.495115261747333169e-01 1.465304621354741044e+07
1.514189325304352018e-01 1.510013313593097776e+07
1.533506727893409471e-01 1.556088186226533353e+07
1.553070573933459930e-01 1.603570935150157660e+07
1.572884007448359656e-01 1.652504521687139198e+07
1.592950212572122881e-01 1.702933210508190468e+07
1.613272414060627491e-01 1.754902608659772947e+07
1.633853877809862132e-01 1.808459705732262507e+07
1.654697911380762498e-01 1.863652915199610218e+07
1.675807864530766966e-01 1.920532116963101551e+07
1.697187129752137091e-01 1.979148701132868975e+07
1.718839142817145671e-01 2.039555613081034273e+07
1.740767383330236728e-01 2.101807399801947922e+07
1.762975375287205715e-01 2.165960257615328208e+07
1.785466687641537320e-01 2.232072081249164790e+07
1.808244934877951682e-01 2.300202514340351894e+07
1.831313777593268910e-01 2.370413001391643286e+07
1.854676923084699336e-01 2.442766841224579141e+07
1.878338125945614445e-01 2.517329241969129816e+07
1.902301188668943932e-01 2.594167377631694078e+07
1.926569962258252999e-01 2.673350446283885464e+07
1.951148346846616477e-01 2.754949729915873706e+07
1.976040292323404113e-01 2.839038655999074131e+07
2.001249798969036986e-01 2.925692860803616419e+07
2.026780918097869366e-01 3.014990254517637193e+07
2.052637752709252084e-01 3.107011088216067851e+07
2.078824458146902310e-01 3.201838022728069127e+07
2.105345242766706038e-01 3.299556199453122914e+07
2.132204368613008771e-01 3.400253313177014142e+07
2.159406152103565402e-01 3.504019686939997226e+07
2.186954964723207273e-01 3.610948349010979384e+07
2.214855233726359396e-01 3.721135112022019178e+07
2.243111442848539361e-01 3.834678654319503158e+07
2.271728133026905128e-01 3.951680603588801622e+07
2.300709903130022105e-01 4.072245622811022401e+07
2.330061410696924740e-01 4.196481498611268401e+07
2.359787372685600293e-01 4.324499232059322298e+07
2.389892566231050230e-01 4.456413131985097378e+07
2.420381829412982522e-01 4.592340910871772468e+07
2.451260062033337184e-01 4.732403783391859382e+07
2.482532226403706133e-01 4.876726567651717365e+07
2.514203348142796668e-01 5.025437789212023467e+07
2.546278516984096241e-01 5.178669787953048944e+07
2.578762887593800679e-01 5.336558827853827924e+07
2.611661680399220420e-01 5.499245209757714719e+07
2.644980182427719706e-01 5.666873387195752561e+07
2.678723748156371931e-01 5.839592085342326760e+07
2.712897800372467416e-01 6.017554423178452253e+07
2.747507831044969095e-01 6.200918038938941061e+07
2.782559402207125943e-01 6.389845218921454251e+07
2.818058146850298540e-01 6.584503029736974835e+07
2.854009769829237708e-01 6.785063454081885517e+07
2.890420048778874484e-01 6.991703530113591254e+07
2.927294835042815735e-01 7.204605494513277709e+07
2.964640054613706943e-01 7.423956929319718480e+07
3.002461709085549324e-01 7.649950912620428205e+07
3.040765876618213848e-01 7.882786173186594248e+07
3.079558712914226559e-01 8.122667249140983820e+07
3.118846452208017261e-01 8.369804650747033954e+07
3.158635408267819189e-01 8.624415027411392331e+07
3.198931975410300721e-01 8.886721338990081847e+07
3.239742629528195583e-01 9.156953031492896378e+07
3.281073929131003153e-01 9.435346217279112339e+07
3.322932516398971470e-01 9.722143859839642048e+07
3.365325118250557246e-01 1.001759596326280534e+08
3.408258547423451690e-01 1.032195976647980660e+08
3.451739703569454698e-01 1.063549994238854349e+08
3.495775574363275129e-01 1.095848880195451677e+08
3.540373236625482534e-01 1.129120650338874459e+08
3.585539857459816848e-01 1.163394126650320143e+08
3.631282695404956518e-01 1.198698959234478176e+08
3.677609101601030939e-01 1.235065648820949495e+08
3.724526520970982135e-01 1.272525569813948572e+08
3.772042493416997710e-01 1.311110993900533617e+08
3.820164655032237677e-01 1.350855114227643907e+08
3.868900739327975624e-01 1.391792070158348083e+08
3.918258578476440102e-01 1.433956972617538273e+08
3.968246104569481680e-01 1.477385930037499666e+08
4.018871350893294947e-01 1.522116074913535118e+08
4.070142453219439127e-01 1.568185590980234742e+08
4.122067651112273912e-01 1.615633741018257141e+08
4.174655289253134671e-01 1.664500895302136540e+08
4.227913818781356969e-01 1.714828560699201226e+08
4.281851798652411278e-01 1.766659410429401994e+08
4.336477897013408800e-01 1.820037314496521354e+08
4.391800892596086081e-01 1.875007370799936056e+08
4.447829676127630361e-01 1.931615936937180758e+08
4.504573251759458330e-01 1.989910662706521749e+08
4.562040738514220317e-01 2.049940523318985701e+08
4.620241371751312998e-01 2.111755853328949511e+08
4.679184504651019427e-01 2.175408381292209625e+08
4.738879609717651098e-01 2.240951265160202980e+08
4.799336280301820246e-01 2.308439128418683112e+08
4.860564232142133845e-01 2.377928096978893876e+08
4.922573304926601834e-01 2.449475836829131842e+08
4.985373463873893907e-01 2.523141592453733087e+08
5.048974801334846774e-01 2.598986226026794314e+08
5.113387538414325695e-01 2.677072257386697829e+08
5.178622026613849405e-01 2.757463904797970057e+08
5.244688749495118874e-01 2.840227126505476832e+08
5.311598324364776857e-01 2.925429663086377978e+08
5.379361503980703008e-01 3.013141080603964329e+08
5.447989178280002731e-01 3.103432814567062855e+08
5.517492376129122800e-01 3.196378214698513150e+08
5.587882267096236921e-01 3.292052590514469147e+08
5.659170163246242113e-01 3.390533257716523409e+08
5.731367520958716710e-01 3.491899585397378206e+08
5.804485942768977669e-01 3.596233044059784412e+08
5.878537179232717902e-01 3.703617254447789788e+08
5.953533130814370189e-01 3.814138037188498378e+08
6.029485849799565145e-01 3.927883463240621090e+08
6.106407542232042962e-01 4.044943905146563649e+08
6.184310569875189900e-01 4.165412089082072973e+08
6.263207452198685798e-01 4.289383147696880102e+08
6.343110868390440249e-01 4.416954673738838434e+08
6.424033659394190465e-01 4.548226774451828003e+08
6.505988829973160525e-01 4.683302126737338901e+08
6.588989550799949635e-01 4.822286033066612482e+08
6.673049160573186755e-01 4.965286478130576611e+08
6.758181168161110364e-01 5.112414186210875511e+08
6.844399254772507435e-01 5.263782679255823493e+08
6.931717276155406893e-01 5.419508335641179085e+08
7.020149264823728474e-01 5.579710449595110416e+08
7.109709432312431021e-01 5.744511291263998747e+08
7.200412171461376687e-01 5.914036167393730879e+08
7.292272058728312967e-01 6.088413482598973513e+08
7.385303856531453270e-01 6.267774801190237999e+08
7.479522515621821466e-01 6.452254909526563883e+08
7.574943177485972123e-01 6.641991878858474493e+08
7.671581176779301847e-01 6.837127128624050617e+08
7.769452043790388007e-01 7.037805490156449080e+08
7.868571506936851145e-01 7.244175270760940313e+08
7.968955495292944224e-01 7.456388318113260269e+08
8.070620141149499327e-01 7.674600084930629730e+08
8.173581782606457180e-01 7.898969693861985207e+08
8.277856966198472444e-01 8.129660002539658546e+08
8.383462449554093254e-01 8.366837668735129833e+08
8.490415204088747059e-01 8.610673215550618172e+08
8.598732417732196653e-01 8.861341096582298279e+08
8.708431497690723999e-01 9.119019760980857611e+08
8.819530073244539192e-01 9.383891718332942724e+08
8.932045998580968593e-01 9.656143603284424543e+08
9.045997355663658590e-01 9.935966239817483425e+08
9.161402457138521083e-01 1.022355470509310126e+09
9.278279849276612756e-01 1.051910839276255846e+09
9.396648314954690884e-01 1.082283107564821482e+09
9.516526876673703228e-01 1.113493096768701792e+09
9.637934799615786030e-01 1.145562078502521515e+09
9.760891594740359611e-01 1.178511780614791632e+09
9.885417021919573610e-01 1.212364393091833115e+09
1.001153109311390121e+00 1.247142573839928150e+09
1.013925407558815328e+00 1.282869454331851959e+09
1.026860649516850632e+00 1.319568645103709221e+09
1.039960913954120381e+00 1.357264241086953163e+09
1.053228306159316396e+00 1.395980826759894133e+09
1.066664958279538888e+00 1.435743481102344990e+09
1.080273029662940143e+00 1.476577782335987091e+09
1.094054707205742494e+00 1.518509812432570696e+09
1.108012205703691855e+00 1.561566161371048927e+09
1.122147768207980123e+00 1.605773931123733997e+09
1.136463666385724158e+00 1.651160739351178646e+09
1.150962200885032205e+00 1.697754722783863306e+09
1.165645701704728587e+00 1.745584540268401146e+09
1.180516528568805512e+00 1.794679375454665661e+09
1.195577071305635730e+00 1.845068939099406958e+09
1.210829750232039315e+00 1.896783470960577965e+09
1.226277016542240528e+00 1.949853741255929947e+09
1.241921352701783388e+00 2.004311051657845259e+09
1.257765272846488536e+00 2.060187235795555353e+09
1.273811323186478495e+00 2.117514659234576702e+09
1.290062082415378120e+00 2.176326218901752949e+09
1.306520162124721329e+00 2.236655341923511982e+09
1.323188207223644941e+00 2.298535983842920303e+09
1.340068896363950657e+00 2.362002626180343628e+09
1.357164942370569394e+00 2.427090273300991058e+09
1.374479092677536762e+00 2.493834448550855637e+09
1.392014129769518105e+00 2.562271189621407509e+09
1.409772871628966362e+00 2.632437043101758957e+09
1.427758172188996477e+00 2.704369058175505638e+09
1.445972921792019639e+00 2.778104779417608261e+09
1.464420047654246382e+00 2.853682238645244122e+09
1.483102514336104516e+00 2.931139945774960518e+09
1.502023324218655143e+00 3.010516878636159897e+09
1.521185517986104907e+00 3.091852471690090656e+09
1.540592175114448015e+00 3.175186603600453377e+09
1.560246414366367906e+00 3.260559583601464272e+09
1.580151394292435008e+00 3.348012136605473518e+09
1.600310313738700030e+00 3.437585386992197037e+09
1.620726412360777857e+00 3.529320841018092155e+09
1.641402971144466427e+00 3.623260367783334732e+09
1.662343312933033390e+00 3.719446178691802025e+09
1.683550802961202297e+00 3.817920805336921215e+09
1.705028849395978874e+00 3.918727075744800091e+09
1.726780903884356011e+00 4.021908088903853416e+09
1.748810462108010055e+00 4.127507187507734299e+09
1.771121064345088758e+00 4.235567928837199211e+09
1.793716296039139957e+00 4.346134053703560829e+09
1.816599788375326652e+00 4.459249453375313759e+09
1.839775218863973993e+00 4.574958134406837463e+09
1.863246311931559873e+00 4.693304181286993027e+09
1.887016839519266576e+00 4.814331716822921753e+09
1.911090621689137903e+00 4.938084860172952652e+09
1.935471527237998091e+00 5.064607682441328049e+09
1.960163474319185584e+00 5.193944159745308876e+09
1.985170431072216024e+00 5.326138123663700104e+09
2.010496416260499242e+00 5.461233208976446152e+09
2.036145499917162205e+00 5.599272798601045609e+09
2.062121803999142244e+00 5.740299965633618355e+09
2.088429503049601621e+00 5.884357412399859428e+09
2.115072824868794665e+00 6.031487406422042847e+09
2.142056051193516719e+00 6.181731713207933426e+09
2.169383518385184395e+00 6.335131525767300606e+09
2.197059618126731451e+00 6.491727390763648033e+09
2.225088798128369572e+00 6.651559131208593369e+09
2.253475562842355284e+00 6.814665765608875275e+09
2.282224474186898444e+00 6.981085423477996826e+09
2.311340152279268700e+00 7.150855257126485825e+09
2.340827276178291783e+00 7.324011349648485184e+09
2.370690584636296894e+00 7.500588619026508331e+09
2.400934876860651990e+00 7.680620718280039787e+09
2.431565013285041044e+00 7.864139931589324951e+09
2.462585916350546800e+00 8.051177066331886292e+09
2.494002571296730864e+00 8.241761340975647926e+09
2.525820026962784848e+00 8.435920268781574249e+09
2.558043396598898234e+00 8.633679537275382996e+09
2.590677858688009039e+00 8.835062883460048676e+09
2.623728657777990581e+00 9.040091964750125885e+09
2.657201105324503931e+00 9.248786225621038437e+09
2.691100580544568910e+00 9.461162759980583191e+09
2.725432531281027693e+00 9.677236169282810211e+09
2.760202474878065804e+00 9.897018416421440125e+09
2.795415999067856649e+00 1.012051867545656204e+10
2.831078762868563636e+00 1.034774317724567795e+10
2.867196497493769591e+00 1.057869505107205009e+10
2.903775007273506237e+00 1.081337416238288879e+10
2.940820170587063576e+00 1.105177694677271271e+10
2.978337940807658235e+00 1.129389624037264633e+10
3.016334347259197468e+00 1.153972110683108330e+10
3.054815496185201429e+00 1.178923666109789085e+10
3.093787571730136854e+00 1.204242389025587845e+10
3.133256836933231870e+00 1.229925947166884804e+10
3.173229634734976212e+00 1.255971558875230789e+10
3.213712388996489810e+00 1.282375974470219421e+10
3.254711605531848129e+00 1.309135457455354691e+10
3.296233873153628924e+00 1.336245765597577095e+10
3.338285864731760810e+00 1.363702131924894524e+10
3.380874338265885015e+00 1.391499245690252686e+10
3.424006137971425723e+00 1.419631233353762817e+10
3.467688195379469818e+00 1.448091639639403534e+10
3.511927530450727808e+00 1.476873408726181221e+10
3.556731252703672741e+00 1.505968865638018227e+10
3.602106562357069830e+00 1.535369697900574303e+10
3.648060751487118836e+00 1.565066937537451553e+10
3.694601205199302463e+00 1.595050943482068253e+10
3.741735402815244527e+00 1.625311384485801125e+10
3.789470919074667599e+00 1.655837222606573677e+10
3.837815425352685939e+00 1.686616697366173172e+10
3.886776690892667752e+00 1.717637310667961884e+10
3.936362584054766245e+00 1.748885812570313263e+10
3.986581073580438783e+00 1.780348188014062500e+10
4.037440229873057618e+00 1.812009644605424500e+10
4.088948226294860433e+00 1.843854601558366394e+10
4.141113340480480964e+00 1.875866679902583313e+10
4.193943955667186252e+00 1.908028694065292740e+10
4.247448562042135833e+00 1.940322644936096954e+10
4.301635758106795215e+00 1.972729714525753021e+10
4.356514252058747871e+00 2.005230262329063034e+10
4.412092863191189984e+00 2.037803823502990723e+10
4.468380523310199415e+00 2.070429108969259262e+10
4.525386278170167031e+00 2.103084007550090790e+10
4.583119288927482771e+00 2.135745590242616272e+10
4.641588833612777520e+00 2.168390116735572052e+10
4.700804308621986394e+00 2.200993044267025375e+10
4.760775230226368393e+00 2.233529038918428040e+10
4.821511236101856390e+00 2.265971989434108734e+10
4.883022086877879531e+00 2.298295023649583817e+10
4.945317667705932507e+00 2.330470527604681396e+10
5.008407989848212338e+00 2.362470167410187912e+10
5.072303192286450546e+00 2.394264913926757050e+10
5.137013543351338640e+00 2.425825070306420898e+10
5.202549442372692567e+00 2.457120302435990143e+10
5.268921421350671430e+00 2.488119672309976959e+10
5.336140146648369331e+00 2.518791674349636078e+10
5.404216420705915347e+00 2.549104274670649719e+10
5.473161183776535488e+00 2.579024953289661407e+10
5.542985515684669018e+00 2.608520749245034790e+10
5.613700637606600985e+00 2.637558308592913818e+10
5.685317913873753071e+00 2.666103935224414825e+10
5.757848853798980038e+00 2.694123644434651947e+10
5.831305113526224382e+00 2.721583219158056641e+10
5.905698497903679289e+00 2.748448268769247055e+10
5.981040962380937742e+00 2.774684290332254410e+10
6.057344614930286752e+00 2.800256732165382385e+10
6.134621717992506440e+00 2.825131059573379898e+10
6.212884690447562974e+00 2.849272822583367920e+10
6.292146109610343707e+00 2.872647725505882263e+10
6.372418713251947864e+00 2.895221698128952789e+10
6.453715401646701544e+00 2.916960968338999939e+10
6.536049239645289610e+00 2.937832135950224686e+10
6.619433458774394374e+00 2.957802247512990952e+10
6.703881459363032036e+00 2.976838871860457611e+10
6.789406812696105575e+00 2.994910176145057678e+10
6.876023263195370383e+00 3.011985002107269287e+10
6.963744730628222079e+00 3.028032942314390564e+10
7.052585312344734625e+00 3.043024416101099777e+10
7.142559285543126357e+00 3.056930744941824341e+10
7.233681109564241929e+00 3.069724226982559967e+10
7.325965428215230446e+00 3.081378210461385345e+10
7.419427072122865674e+00 3.091867165747871399e+10
7.514081061116970162e+00 3.101166755736678696e+10
7.609942606644125362e+00 3.109253904335624695e+10
7.707027114212295693e+00 3.116106862796123505e+10
7.805350185866558377e+00 3.121705273642557144e+10
7.904927622696420464e+00 3.126030231968403625e+10
8.005775427375199982e+00 3.129064343877963257e+10
8.107909806731687041e+00 3.130791781866177368e+10
8.211347174354726164e+00 3.131198336943791199e+10
8.316104153230961415e+00 3.130271467329666519e+10
8.422197578416211527e+00 3.128000343548954773e+10
8.529644499741024788e+00 3.124375889792517853e+10
8.638462184550620648e+00 3.119390821409893799e+10
8.748668120479905497e+00 3.113039678426367950e+10
8.860280018263818391e+00 3.105318854991310120e+10
8.973315814583520122e+00 3.096226624683503342e+10
9.087793674948981604e+00 3.085763161614928436e+10
9.203731996618220279e+00 3.073930557292210770e+10
9.321149411553907527e+00 3.060732833209658051e+10
9.440064789417602853e+00 3.046175949163423157e+10
9.560497240602197522e+00 3.030267807289692688e+10
9.682466119303123619e+00 3.013018251842437744e+10
9.805991026628616325e+00 2.994439064738478088e+10
9.931091813749800323e+00 2.974543956905990601e+10
1.005778858509080820e+01 2.953348555483324432e+10
1.018610170155975325e+01 2.930870386920544815e+10
1.031605178382079657e+01 2.907128856043330383e+10
1.044765971560805262e+01 2.882145221142396164e+10
1.058094664708162824e+01 2.855942565155942535e+10
1.071593399822671167e+01 2.828545763014184189e+10
1.085264346229580212e+01 2.799981445216529083e+10
1.099109700929496114e+01 2.770277957712539291e+10
1.113131688951454734e+01 2.739465318157117462e+10
1.127332563710487179e+01 2.707575168610387039e+10
1.141714607369770285e+01 2.674640724750991821e+10
1.156280131207375383e+01 2.640696721671465302e+10
1.171031475987704873e+01 2.605779356323202515e+10
1.185971012337670594e+01 2.569926226678289795e+10
1.201101141127656646e+01 2.533176267676319885e+10
1.216424293857367900e+01 2.495569684025332642e+10
1.231942933046577338e+01 2.457147879928807068e+10
1.247659552630868518e+01 2.417953385813953781e+10
1.263576678362428574e+01 2.378029782142162704e+10
1.279696868215941663e+01 2.337421620388838577e+10
1.296022712799684307e+01 2.296174341288002777e+10
1.312556835771842678e+01 2.254334190447146988e+10
1.329301894262150974e+01 2.211948131449572372e+10
1.346260579298911075e+01 2.169063756573571014e+10
1.363435616241444848e+01 2.125729195273815918e+10
1.380829765218092398e+01 2.081993020585027695e+10
1.398445821569769265e+01 2.037904153626102448e+10
1.416286616299197298e+01 1.993511766400518417e+10
1.434355016525865523e+01 1.948865183108028030e+10
1.452653925946781222e+01 1.904013780202218628e+10
1.471186285303129182e+01 1.859006885447714233e+10
1.489955072852853668e+01 1.813893676250981140e+10
1.508963304849284626e+01 1.768723077557004166e+10
1.528214036025870826e+01 1.723543659623070908e+10
1.547710360087080161e+01 1.678403535997385025e+10
1.567455410205595001e+01 1.633350262046147919e+10
1.587452359525818757e+01 1.588430734386665916e+10
1.607704421673821926e+01 1.543691091595232773e+10
1.628214851273793684e+01 1.499176616568179703e+10
1.648986944471064930e+01 1.454931640920937538e+10
1.670024039461839394e+01 1.410999451813237190e+10
1.691329517029647178e+01 1.367422201589854622e+10
1.712906801088658426e+01 1.324240820622701836e+10
1.734759359233932585e+01 1.281494933734806442e+10
1.756890703298664036e+01 1.239222780576911545e+10
1.779304389918577201e+01 1.197461140314605522e+10
1.802004021103483922e+01 1.156245260968042755e+10
1.824993244816150550e+01 1.115608793726638412e+10
1.848275755558550770e+01 1.075583732538777161e+10
1.871855294965579120e+01 1.036200359251189423e+10
1.895735652406375493e+01 9.974871945444589615e+09
1.919920665593282649e+01 9.594709548806831360e+09
1.944414221198595527e+01 9.221765156468133926e+09
1.969220255479173431e+01 8.856268806422443390e+09
1.994342754909004256e+01 8.498431580240100861e+09
2.019785756819878486e+01 8.148445427852365494e+09
2.045553350050195007e+01 7.806483058052673340e+09
2.071649675602066765e+01 7.472697894715349197e+09
2.098078927306806207e+01 7.147224098351806641e+09
2.124845352498882889e+01 6.830176652248391151e+09
2.151953252698519137e+01 6.521651512062185287e+09
2.179406984302953632e+01 6.221725817390268326e+09
2.207210959286543073e+01 5.930458163489002228e+09
2.235369645909796432e+01 5.647888930989871979e+09
2.263887569437434166e+01 5.374040671157659531e+09
2.292769312865648601e+01 5.108918543949486732e+09
2.322019517658603505e+01 4.852510805879795074e+09
2.351642884494350838e+01 4.604789344463232994e+09
2.381644174020239646e+01 4.365710255805795670e+09
2.412028207618006803e+01 4.135214461740716934e+09
2.442799868178584788e+01 3.913228362764276028e+09
2.473964100886811579e+01 3.699664522911988258e+09
2.505525914016159916e+01 3.494422382635835648e+09
2.537490379733571544e+01 3.297388995690444469e+09
2.569862634914618482e+01 3.108439786014540195e+09
2.602647881969004473e+01 2.927439320601858139e+09
2.635851389676630774e+01 2.754242094389039993e+09
2.669478494034323646e+01 2.588693323250693321e+09
2.703534599113338288e+01 2.430629741276796341e+09
2.738025177927857712e+01 2.279880398616233826e+09
2.772955773314516037e+01 2.136267456301503897e+09
2.808331998823169684e+01 1.999606974616952896e+09
2.844159539619033694e+01 1.869709691740210533e+09
2.880444153396297935e+01 1.746381789566306353e+09
2.917191671303455180e+01 1.629425643817328453e+09
2.954407998880379793e+01 1.518640555744707108e+09
2.992099117007386511e+01 1.413823462942295551e+09
3.030271082866399368e+01 1.314769627006762981e+09
3.068930030914351192e+01 1.221273296004225731e+09
3.108082173869063780e+01 1.133128339925506353e+09
3.147733803707643219e+01 1.050128857538300157e+09
3.187891292677642596e+01 9.720697532666506767e+08
3.228561094321126745e+01 8.987472829494366646e+08
3.269749744511767631e+01 8.299595675455130339e+08
3.311463862505236477e+01 7.655070740634820461e+08
3.353710152002928879e+01 7.051930631984992027e+08
3.396495402229297866e+01 6.488240033543277979e+08
3.439826489022927802e+01 5.962099509167084694e+08
3.483710375941492998e+01 5.471648968227045536e+08
3.528154115380883127e+01 5.015070796391484141e+08
3.573164849708538782e+01 4.590592655220804811e+08
3.618749812411276423e+01 4.196489955766642690e+08
3.664916329257761163e+01 3.831088012743152380e+08
3.711671819475766654e+01 3.492763887098278999e+08
3.759023796944538987e+01 3.179947925962702036e+08
3.806979871402283777e+01 2.891125009997754693e+08
3.855547749669110402e+01 2.624835519092048407e+08
3.904735236885564120e+01 2.379676028182462454e+08
3.954550237766929399e+01 2.154299745691676140e+08
4.005000757873611406e+01 1.947416707687839270e+08
4.056094904897641840e+01 1.757793741384221315e+08
4.107840889965642361e+01 1.584254212009330988e+08
4.160247028958409743e+01 1.425677567394686043e+08
4.213321743847289014e+01 1.280998694852724969e+08
4.267073564047686318e+01 1.149207105051037967e+08
4.321511127789761986e+01 1.029345957639226913e+08
4.376643183506651980e+01 9.205109433506463468e+07
4.432478591240400334e+01 8.218490371898700297e+07
4.489026324065785900e+01 7.325571371306340396e+07
4.546295469532399380e+01 6.518806024919704348e+07
4.604295231125029630e+01 5.791117058381139487e+07
4.663034929742726575e+01 5.135880118627978861e+07
4.722524005196734720e+01 4.546906962775277346e+07
4.782772017727485547e+01 4.018428172297082096e+07
4.843788649541041025e+01 3.545075512353999168e+07
4.905583706365045771e+01 3.121864050288226455e+07
4.968167119024568024e+01 2.744174141106279194e+07
5.031548945038056786e+01 2.407733381256469339e+07
5.095739370233599885e+01 2.108598625238687173e+07
5.160748710385907856e+01 1.843138152604434267e+07
5.226587412874076932e+01 1.608014065785217471e+07
5.293266058360556059e+01 1.400164991969295591e+07
5.360795362491529659e+01 1.216789154995558411e+07
5.429186177618942821e+01 1.055327875998734310e+07
5.498449494544599503e+01 9.134495543741161004e+06
5.568596444286409053e+01 7.890341735860127024e+06
5.639638299867211657e+01 6.801583694661507383e+06
5.711586478126434940e+01 5.850810919839122333e+06
5.784452541554797023e+01 5.022298850594027899e+06
5.858248200152535645e+01 4.301878028694273904e+06
5.932985313311230158e+01 3.676809753006364219e+06
6.008675891719680351e+01 3.135668297588697635e+06
6.085332099294114272e+01 2.668229714754290413e+06
6.162966255132942450e+01 2.265367197763755918e+06
6.241590835496589307e+01 1.918952935149687808e+06
6.321218475812448645e+01 1.621766350184714654e+06
6.401861972705482628e+01 1.367408584726043744e+06
6.483534286054727147e+01 1.150223056595434668e+06
6.566248541075968603e+01 9.652218937354779337e+05
6.650018030431118632e+01 8.080180265221125446e+05
6.734856216364372017e+01 6.747627016867881175e+05
6.820776732865678582e+01 5.620881671378491446e+05
6.907793387861822509e+01 4.670552663792078965e+05
6.995920165435374827e+01 3.871056739830448641e+05
7.085171228072105976e+01 3.200184994410922518e+05
7.175560918936920984e+01 2.638709854406268569e+05
7.267103764178904157e+01 2.170030279160083155e+05
7.359814475265771705e+01 1.779852488416894048e+05
7.453707951348025063e+01 1.455903583793595317e+05
7.548799281653431592e+01 1.187675503949300910e+05
7.645103747911878145e+01 9.661968425078126893e+04
7.742636826811278183e+01 7.838301589264624636e+04
7.841414192484688783e+01 6.340925234042161173e+04
7.941451719029339529e+01 5.114971552154640085e+04
8.042765483057628728e+01 4.114141373637608194e+04
8.145371766280736381e+01 3.299483171520854376e+04
8.249287058125217698e+01 2.638326303465758610e+04
8.354528058382871336e+01 2.103352144405150466e+04
8.461111679894604265e+01 1.671788026786256160e+04
8.569055051268347256e+01 1.324710137507960098e+04
8.678375519631747181e+01 1.046442713721340988e+04
8.789090653419962962e+01 8.240420248665646795e+03
8.901218245198947443e+01 6.468547189030583468e+03
9.014776314524917211e+01 5.061411416004005332e+03
9.129783110840139670e+01 3.947552054205449167e+03
9.246257116405733711e+01 3.068732867625192284e+03
9.364217049271896087e+01 2.377654661868783023e+03
9.483681866285927242e+01 1.836031957950398919e+03
9.604670766138823979e+01 1.412981822289170395e+03
9.727203192450537017e+01 1.083679145663080590e+03
9.851298836894700628e+01 8.282384613404623224e+02
9.976977642363210919e+01 6.307876085236587187e+02
1.010425980617109616e+02 4.787032143965813589e+02
1.023316578330244937e+02 3.619821218448091145e+02
1.036371628969759229e+02 2.727265672803670213e+02
1.049593230558226651e+02 2.047241516262908760e+02
1.062983507883929519e+02 1.531064850451025734e+02
1.076544612842315871e+02 1.140728594016496515e+02
1.090278724781834541e+02 8.466744753258609535e+01
1.104188050854160252e+02 6.260037936445839080e+01
1.118274826368897976e+02 4.610463410188523881e+01
1.132541315152812587e+02 3.382204531492569544e+01
1.146989809913630012e+02 2.471286976413847114e+01
1.161622632608501817e+02 1.798434687715068847e+01
1.176442134817148713e+02 1.303449727408837866e+01
1.191450698119774785e+02 9.408096689457195794e+00
1.206650734479804470e+02 6.762334905877936286e+00
1.222044686631488730e+02 4.840144648517461512e+00
1.237635028472481338e+02 3.449577560805641596e+00
1.253424265461399472e+02 2.447926330855351384e+00
1.269414935020467112e+02 1.729555018891260287e+00
1.285609606943296512e+02 1.216613373941434428e+00
1.302010883807858761e+02 8.519837708033137780e-01
1.318621401394748602e+02 5.939484652765989470e-01
1.335443829110758998e+02 4.121761900507288079e-01
1.352480870417873859e+02 2.847157760116399428e-01
1.369735263267731966e+02 1.957547358834857698e-01
1.387209780541620887e+02 1.339561252984373119e-01
1.404907230496112049e+02 9.123042374258033549e-02
1.422830457214352009e+02 6.183305599115226925e-02
1.440982341063127024e+02 4.170446482705709307e-02
1.459365799155757770e+02 2.798993990967588164e-02
1.477983785820882474e+02 1.869198993636897108e-02
1.496839293077255491e+02 1.241994565247085507e-02
1.515935351114568164e+02 8.210520790574446851e-03
1.535275028780421280e+02 5.399887126072403301e-03
1.554861434073510509e+02 3.532950795821165457e-03
1.574697714643086783e+02 2.299350841318382934e-03
1.594787058294820952e+02 1.488549607437228374e-03
1.615132693503089740e+02 9.584894327814329554e-04
1.635737889929813775e+02 6.138364621729019283e-04
1.656605958949915305e+02 3.909620691573024043e-04
1.677740254183460138e+02 2.476328606433377010e-04
1.699144172034625910e+02 1.559727099242454651e-04
1.720821152237510034e+02 9.768559083870119030e-05
1.742774678408917453e+02 6.083151979607901680e-05
1.765008278608202659e+02 3.766324089093753627e-05
1.787525525904235337e+02 2.318312798415498319e-05
1.810330038949633717e+02 1.418619848426729884e-05
1.833425482562288948e+02 8.629266536503312336e-06
1.856815568314326867e+02 5.217586416187845318e-06
1.880504055128583332e+02 3.135647681607819146e-06
1.904494749882668430e+02 1.872925469205356419e-06
1.928791508020777599e+02 1.111790598261049285e-06
1.953398234173268690e+02 6.558556335539584213e-07
1.978318882784162156e+02 3.844586134618061091e-07
2.003557458746647910e+02 2.239340785380592208e-07
2.029118018046678174e+02 1.295964279527557931e-07
2.055004668414812272e+02 7.451452385755570971e-08
2.081221569986337272e+02 4.256341902679756142e-08
2.107772935969829291e+02 2.415194842418289345e-08
2.134663033324245589e+02 1.361319683246800941e-08
2.161896183444631561e+02 7.621357321903170834e-09
2.189476762856620837e+02 4.237800287619819878e-09
2.217409203919750382e+02 2.340216624052473883e-09
2.245697995539771625e+02 1.283365056500914755e-09
2.274347683890047733e+02 6.988658128762868346e-10
2.303362873142131377e+02 3.778829975986368482e-10
2.332748226205710296e+02 2.028668383231154525e-10
2.362508465477945094e+02 1.081246543414901507e-10
2.392648373602390848e+02 5.720945005781480133e-11
2.423172794237600556e+02 3.004755650263900711e-11
2.454086632835509363e+02 1.566453152160353034e-11
2.485394857429798492e+02 8.105140505653323306e-12
2.517102499434268452e+02 4.162038255597509096e-12
2.549214654451425588e+02 2.120903476020148326e-12
2.581736483091355581e+02 1.072436011442052700e-12
2.614673211801091952e+02 5.380507164003285693e-13
2.648030133704519926e+02 2.678190027024297494e-13
2.681812609453012897e+02 1.322483295609967375e-13
2.716026068086929399e+02 6.477883678484414937e-14
2.750676007908067504e+02 3.147262243214458481e-14
2.785767997363307131e+02 1.516531307295659362e-14
2.821307675939470982e+02 7.246852138401921850e-15
2.857300755069626348e+02 3.433894378660774381e-15
2.893753019050953412e+02 1.613328848750616828e-15
2.930670325974291472e+02 7.514760620513758429e-16
2.968058608665602378e+02 3.469927587068054678e-16
3.005923875639388143e+02 1.588159917227029002e-16
3.044272212064299765e+02 7.204285720675866979e-17
3.083109780741064014e+02 3.238646489455214577e-17
3.122442823092857793e+02 1.442659351765428725e-17
3.162277660168379612e+02 6.367105049177224895e-18
