0.005995,0.00032302
0.0071832,0.00051319
0.0083714,0.00070335
0.0095596,0.00089352
0.010748,0.0010837
0.011936,0.0012739
0.013124,0.0015817
0.014312,0.0018952
0.015501,0.0022087
0.016689,0.0025221
0.017877,0.0028356
0.019065,0.0032586
0.020253,0.0036926
0.021442,0.0041265
0.02263,0.0045605
0.023818,0.0049945
0.025006,0.0055301
0.026194,0.0060818
0.027382,0.0066334
0.028571,0.0071851
0.029759,0.0077368
0.030947,0.0083824
0.032135,0.0090489
0.033323,0.0097154
0.034512,0.010382
0.0357,0.011048
0.036888,0.011802
0.038076,0.012581
0.039264,0.01336
0.040453,0.014139
0.041641,0.014917
0.042829,0.015776
0.044017,0.016664
0.045205,0.017552
0.046394,0.01844
0.047582,0.019328
0.04877,0.020289
0.049958,0.021284
0.051146,0.022279
0.052335,0.023274
0.053523,0.024269
0.054711,0.02533
0.055899,0.026429
0.057087,0.027528
0.058276,0.028627
0.059464,0.029726
0.060652,0.030885
0.06184,0.032085
0.063028,0.033286
0.064216,0.034486
0.065405,0.035686
0.066593,0.03694
0.067781,0.038239
0.068969,0.039538
0.070157,0.040837
0.071346,0.042136
0.072534,0.043483
0.073722,0.044878
0.07491,0.046273
0.076098,0.047669
0.077287,0.049064
0.078475,0.050501
0.079663,0.05199
0.080851,0.053478
0.082039,0.054967
0.083228,0.056455
0.084416,0.057981
0.085604,0.05956
0.086792,0.06114
0.08798,0.062719
0.089169,0.064298
0.090357,0.06591
0.091545,0.067578
0.092733,0.069245
0.093921,0.070913
0.095109,0.07258
0.096298,0.074275
0.097486,0.076027
0.098674,0.077779
0.099862,0.079531
0.10105,0.081283
0.10224,0.083058
0.10343,0.084896
0.10462,0.086734
0.1058,0.088573
0.10699,0.090411
0.10818,0.092267
0.10937,0.094183
0.11056,0.0961
0.11174,0.098017
0.11293,0.099933
0.11412,0.10186
0.11531,0.10386
0.1165,0.10585
0.11769,0.10785
0.11887,0.10985
0.12006,0.11185
0.12125,0.11392
0.12244,0.11599
0.12363,0.11806
0.12481,0.12013
0.126,0.12221
0.12719,0.12435
0.12838,0.1265
0.12957,0.12864
0.13076,0.13079
0.13194,0.13294
0.13313,0.13515
0.13432,0.13737
0.13551,0.13958
0.1367,0.1418
0.13788,0.14401
0.13907,0.14629
0.14026,0.14858
0.14145,0.15086
0.14264,0.15315
0.14383,0.15544
0.14501,0.15778
0.1462,0.16013
0.14739,0.16248
0.14858,0.16483
0.14977,0.16718
0.15095,0.16958
0.15214,0.172
0.15333,0.17441
0.15452,0.17683
0.15571,0.17924
0.1569,0.1817
0.15808,0.18418
0.15927,0.18665
0.16046,0.18913
0.16165,0.1916
0.16284,0.19412
0.16402,0.19666
0.16521,0.19919
0.1664,0.20173
0.16759,0.20426
0.16878,0.20684
0.16997,0.20943
0.17115,0.21202
0.17234,0.2146
0.17353,0.21719
0.17472,0.21982
0.17591,0.22247
0.17709,0.22511
0.17828,0.22776
0.17947,0.23041
0.18066,0.23309
0.18185,0.23578
0.18304,0.23848
0.18422,0.24117
0.18541,0.24387
0.1866,0.24659
0.18779,0.24934
0.18898,0.25209
0.19016,0.25484
0.19135,0.25758
0.19254,0.26036
0.19373,0.26315
0.19492,0.26594
0.19611,0.26873
0.19729,0.27153
0.19848,0.27435
0.19967,0.27719
0.20086,0.28003
0.20205,0.28287
0.20324,0.28571
0.20442,0.28857
0.20561,0.29145
0.2068,0.29433
0.20799,0.29721
0.20918,0.30009
0.21036,0.30299
0.21155,0.30591
0.21274,0.30884
0.21393,0.31176
0.21512,0.31469
0.21631,0.31763
0.21749,0.32059
0.21868,0.32355
0.21987,0.32651
0.22106,0.32947
0.22225,0.33245
0.22343,0.33545
0.22462,0.33845
0.22581,0.34145
0.227,0.34445
0.22819,0.34746
0.22938,0.35049
0.23056,0.35352
0.23175,0.35655
0.23294,0.35958
0.23413,0.36262
0.23532,0.36569
0.2365,0.36876
0.23769,0.37183
0.23888,0.3749
0.24007,0.37797
0.24126,0.38107
0.24245,0.38417
0.24363,0.38727
0.24482,0.39037
0.24601,0.39347
0.2472,0.39659
0.24839,0.39971
0.24957,0.40283
0.25076,0.40595
0.25195,0.40908
0.25314,0.41223
0.25433,0.41537
0.25552,0.41852
0.2567,0.42167
0.25789,0.42482
0.25908,0.428
0.26027,0.43118
0.26146,0.43436
0.26264,0.43753
0.26383,0.44071
0.26502,0.44391
0.26621,0.4471
0.2674,0.4503
0.26859,0.45349
0.26977,0.45668
0.27096,0.4599
0.27215,0.46312
0.27334,0.46634
0.27453,0.46956
0.27571,0.47278
0.2769,0.47601
0.27809,0.47925
0.27928,0.48248
0.28047,0.48572
0.28166,0.48895
0.28284,0.4922
0.28403,0.49546
0.28522,0.49871
0.28641,0.50197
0.2876,0.50522
0.28878,0.50849
0.28997,0.51175
0.29116,0.51501
0.29235,0.51828
0.29354,0.52154
0.29473,0.52482
0.29591,0.5281
0.2971,0.53138
0.29829,0.53466
0.29948,0.53794
0.30067,0.54123
0.30186,0.54451
0.30304,0.5478
0.30423,0.55109
0.30542,0.55438
0.30661,0.55767
0.3078,0.56097
0.30898,0.56427
0.31017,0.56758
0.31136,0.57088
0.31255,0.57418
0.31374,0.57748
0.31493,0.58078
0.31611,0.58409
0.3173,0.58739
0.31849,0.5907
0.31968,0.59402
0.32087,0.59733
0.32205,0.60065
0.32324,0.60396
0.32443,0.60728
0.32562,0.61059
0.32681,0.61391
0.328,0.61723
0.32918,0.62054
0.33037,0.62386
0.33156,0.62717
0.33275,0.63048
0.33394,0.6338
0.33512,0.63711
0.33631,0.64042
0.3375,0.64373
0.33869,0.64704
0.33988,0.65035
0.34107,0.65367
0.34225,0.65698
0.34344,0.6603
0.34463,0.66361
0.34582,0.66693
0.34701,0.67025
0.34819,0.67356
0.34938,0.67687
0.35057,0.68017
0.35176,0.68348
0.35295,0.68679
0.35414,0.69009
0.35532,0.6934
0.35651,0.69671
0.3577,0.70001
0.35889,0.70332
0.36008,0.70663
0.36126,0.70993
0.36245,0.71323
0.36364,0.71653
0.36483,0.71983
0.36602,0.72313
0.36721,0.72641
0.36839,0.7297
0.36958,0.73298
0.37077,0.73627
0.37196,0.73955
0.37315,0.74283
0.37433,0.7461
0.37552,0.74938
0.37671,0.75265
0.3779,0.75593
0.37909,0.7592
0.38028,0.76246
0.38146,0.76573
0.38265,0.769
0.38384,0.77227
0.38503,0.77552
0.38622,0.77878
0.38741,0.78203
0.38859,0.78529
0.38978,0.78854
0.39097,0.79178
0.39216,0.79502
0.39335,0.79825
0.39453,0.80149
0.39572,0.80472
0.39691,0.80794
0.3981,0.81116
0.39929,0.81438
0.40048,0.81759
0.40166,0.82081
0.40285,0.82402
0.40404,0.82722
0.40523,0.83042
0.40642,0.83363
0.4076,0.83683
0.40879,0.84002
0.40998,0.8432
0.41117,0.84639
0.41236,0.84957
0.41355,0.85276
0.41473,0.85592
0.41592,0.85908
0.41711,0.86224
0.4183,0.8654
0.41949,0.86855
0.42067,0.87169
0.42186,0.87483
0.42305,0.87797
0.42424,0.8811
0.42543,0.88424
0.42662,0.88736
0.4278,0.89048
0.42899,0.89359
0.43018,0.89671
0.43137,0.89983
0.43256,0.90292
0.43374,0.906
0.43493,0.90909
0.43612,0.91218
0.43731,0.91526
0.4385,0.91833
0.43969,0.9214
0.44087,0.92446
0.44206,0.92753
0.44325,0.93059
0.44444,0.93363
0.44563,0.93666
0.44681,0.93969
0.448,0.94272
0.44919,0.94575
0.45038,0.94877
0.45157,0.95177
0.45276,0.95478
0.45394,0.95778
0.45513,0.96079
0.45632,0.96377
0.45751,0.96674
0.4587,0.96971
0.45988,0.97267
0.46107,0.97564
0.46226,0.9786
0.46345,0.98154
0.46464,0.98448
0.46583,0.98742
0.46701,0.99036
0.4682,0.99328
0.46939,0.99618
0.47058,0.99909
0.47177,1.002
0.47295,1.0049
0.47414,1.0078
0.47533,1.0107
0.47652,1.0135
0.47771,1.0164
0.4789,1.0193
0.48008,1.0222
0.48127,1.025
0.48246,1.0278
0.48365,1.0306
0.48484,1.0335
0.48603,1.0363
0.48721,1.0391
0.4884,1.0419
0.48959,1.0447
0.49078,1.0475
0.49197,1.0503
0.49315,1.053
0.49434,1.0558
0.49553,1.0585
0.49672,1.0613
0.49791,1.064
0.4991,1.0667
0.50028,1.0695
0.50147,1.0722
0.50266,1.0749
0.50385,1.0776
0.50504,1.0803
0.50622,1.0829
0.50741,1.0856
0.5086,1.0882
0.50979,1.0909
0.51098,1.0935
0.51217,1.0961
0.51335,1.0988
0.51454,1.1014
0.51573,1.104
0.51692,1.1066
0.51811,1.1092
0.51929,1.1118
0.52048,1.1144
0.52167,1.117
0.52286,1.1196
0.52405,1.1221
0.52524,1.1246
0.52642,1.1272
0.52761,1.1297
0.5288,1.1322
0.52999,1.1347
0.53118,1.1372
0.53236,1.1397
0.53355,1.1422
0.53474,1.1446
0.53593,1.1471
0.53712,1.1495
0.53831,1.1519
0.53949,1.1544
0.54068,1.1568
0.54187,1.1592
0.54306,1.1616
0.54425,1.164
0.54543,1.1664
0.54662,1.1687
0.54781,1.1711
0.549,1.1735
0.55019,1.1758
0.55138,1.1782
0.55256,1.1805
0.55375,1.1828
0.55494,1.1851
0.55613,1.1874
0.55732,1.1897
0.5585,1.1919
0.55969,1.1942
0.56088,1.1964
0.56207,1.1986
0.56326,1.2009
0.56445,1.2031
0.56563,1.2053
0.56682,1.2075
0.56801,1.2097
0.5692,1.2119
0.57039,1.214
0.57157,1.2162
0.57276,1.2183
0.57395,1.2205
0.57514,1.2226
0.57633,1.2247
0.57752,1.2268
0.5787,1.2289
0.57989,1.231
0.58108,1.233
0.58227,1.2351
0.58346,1.2371
0.58465,1.2391
0.58583,1.2411
0.58702,1.2432
0.58821,1.2452
0.5894,1.2471
0.59059,1.2491
0.59177,1.2511
0.59296,1.2531
0.59415,1.255
0.59534,1.2569
0.59653,1.2588
0.59772,1.2607
0.5989,1.2626
0.60009,1.2645
0.60128,1.2664
0.60247,1.2682
0.60366,1.2701
0.60484,1.272
0.60603,1.2738
0.60722,1.2756
0.60841,1.2774
0.6096,1.2792
0.61079,1.281
0.61197,1.2828
0.61316,1.2845
0.61435,1.2863
0.61554,1.288
0.61673,1.2897
0.61791,1.2914
0.6191,1.2931
0.62029,1.2948
0.62148,1.2965
0.62267,1.2981
0.62386,1.2998
0.62504,1.3014
0.62623,1.303
0.62742,1.3046
0.62861,1.3062
0.6298,1.3078
0.63098,1.3094
0.63217,1.311
0.63336,1.3125
0.63455,1.3141
0.63574,1.3156
0.63693,1.3171
0.63811,1.3186
0.6393,1.32
0.64049,1.3215
0.64168,1.323
0.64287,1.3244
0.64405,1.3258
0.64524,1.3272
0.64643,1.3287
0.64762,1.3301
0.64881,1.3314
0.65,1.3328
0.65118,1.3342
0.65237,1.3355
0.65356,1.3369
0.65475,1.3382
0.65594,1.3395
0.65712,1.3408
0.65831,1.3421
0.6595,1.3434
0.66069,1.3446
0.66188,1.3458
0.66307,1.347
0.66425,1.3482
0.66544,1.3494
0.66663,1.3506
0.66782,1.3517
0.66901,1.3529
0.67019,1.3541
0.67138,1.3552
0.67257,1.3563
0.67376,1.3574
0.67495,1.3585
0.67614,1.3596
0.67732,1.3607
0.67851,1.3617
0.6797,1.3627
0.68089,1.3637
0.68208,1.3647
0.68327,1.3658
0.68445,1.3667
0.68564,1.3677
0.68683,1.3686
0.68802,1.3696
0.68921,1.3705
0.69039,1.3714
0.69158,1.3723
0.69277,1.3732
0.69396,1.374
0.69515,1.3749
0.69634,1.3757
0.69752,1.3765
0.69871,1.3773
0.6999,1.3782
0.70109,1.379
0.70228,1.3797
0.70346,1.3805
0.70465,1.3812
0.70584,1.3819
0.70703,1.3827
0.70822,1.3834
0.70941,1.384
0.71059,1.3847
0.71178,1.3854
0.71297,1.3861
0.71416,1.3867
0.71535,1.3872
0.71653,1.3878
0.71772,1.3884
0.71891,1.389
0.7201,1.3895
0.72129,1.39
0.72248,1.3905
0.72366,1.391
0.72485,1.3916
0.72604,1.392
0.72723,1.3925
0.72842,1.393
0.7296,1.3934
0.73079,1.3939
0.73198,1.3943
0.73317,1.3946
0.73436,1.395
0.73555,1.3953
0.73673,1.3957
0.73792,1.396
0.73911,1.3963
0.7403,1.3966
0.74149,1.3969
0.74267,1.3972
0.74386,1.3975
0.74505,1.3977
0.74624,1.3979
0.74743,1.3981
0.74862,1.3984
0.7498,1.3985
0.75099,1.3987
0.75218,1.3988
0.75337,1.399
0.75456,1.3991
0.75574,1.3992
0.75693,1.3993
0.75812,1.3994
0.75931,1.3995
0.7605,1.3995
0.76169,1.3996
0.76287,1.3996
0.76406,1.3996
0.76525,1.3995
0.76644,1.3995
0.76763,1.3995
0.76882,1.3994
0.77,1.3993
0.77119,1.3992
0.77238,1.3992
0.77357,1.3991
0.77476,1.3989
0.77594,1.3987
0.77713,1.3985
0.77832,1.3984
0.77951,1.3982
0.7807,1.3979
0.78189,1.3977
0.78307,1.3975
0.78426,1.3972
0.78545,1.397
0.78664,1.3966
0.78783,1.3963
0.78901,1.396
0.7902,1.3956
0.79139,1.3953
0.79258,1.3949
0.79377,1.3945
0.79496,1.3941
0.79614,1.3937
0.79733,1.3933
0.79852,1.3928
0.79971,1.3924
0.8009,1.3919
0.80208,1.3914
0.80327,1.3909
0.80446,1.3904
0.80565,1.3898
0.80684,1.3892
0.80803,1.3886
0.80921,1.3881
0.8104,1.3874
0.81159,1.3868
0.81278,1.3862
0.81397,1.3855
0.81515,1.3849
0.81634,1.3842
0.81753,1.3834
0.81872,1.3827
0.81991,1.382
0.8211,1.3812
0.82228,1.3804
0.82347,1.3796
0.82466,1.3788
0.82585,1.378
0.82704,1.3772
0.82822,1.3763
0.82941,1.3755
0.8306,1.3746
0.83179,1.3737
0.83298,1.3728
0.83417,1.3719
0.83535,1.3709
0.83654,1.37
0.83773,1.369
0.83892,1.368
0.84011,1.367
0.84129,1.3659
0.84248,1.3648
0.84367,1.3638
0.84486,1.3627
0.84605,1.3616
0.84724,1.3605
0.84842,1.3593
0.84961,1.3582
0.8508,1.3571
0.85199,1.3559
0.85318,1.3547
0.85436,1.3535
0.85555,1.3523
0.85674,1.3511
0.85793,1.3498
0.85912,1.3485
0.86031,1.3472
0.86149,1.3459
0.86268,1.3446
0.86387,1.3432
0.86506,1.3418
0.86625,1.3404
0.86744,1.3391
0.86862,1.3377
0.86981,1.3362
0.871,1.3348
0.87219,1.3333
0.87338,1.3318
0.87456,1.3304
0.87575,1.3289
0.87694,1.3273
0.87813,1.3257
0.87932,1.3242
0.88051,1.3226
0.88169,1.321
0.88288,1.3194
0.88407,1.3178
0.88526,1.3161
0.88645,1.3145
0.88763,1.3129
0.88882,1.3111
0.89001,1.3094
0.8912,1.3077
0.89239,1.306
0.89358,1.3042
0.89476,1.3024
0.89595,1.3006
0.89714,1.2987
0.89833,1.2969
0.89952,1.2951
0.9007,1.2932
0.90189,1.2913
0.90308,1.2894
0.90427,1.2875
0.90546,1.2856
0.90665,1.2836
0.90783,1.2816
0.90902,1.2796
0.91021,1.2776
0.9114,1.2756
0.91259,1.2736
0.91377,1.2715
0.91496,1.2694
0.91615,1.2674
0.91734,1.2653
0.91853,1.2632
0.91972,1.261
0.9209,1.2588
0.92209,1.2567
0.92328,1.2545
0.92447,1.2523
0.92566,1.25
0.92684,1.2478
0.92803,1.2456
0.92922,1.2433
0.93041,1.241
0.9316,1.2386
0.93279,1.2363
0.93397,1.234
0.93516,1.2316
0.93635,1.2292
0.93754,1.2268
0.93873,1.2244
0.93991,1.222
0.9411,1.2195
0.94229,1.217
0.94348,1.2145
0.94467,1.212
0.94586,1.2095
0.94704,1.207
0.94823,1.2044
0.94942,1.2018
0.95061,1.1992
0.9518,1.1966
0.95298,1.194
0.95417,1.1913
0.95536,1.1886
0.95655,1.1859
0.95774,1.1832
0.95893,1.1805
0.96011,1.1778
0.9613,1.175
0.96249,1.1722
0.96368,1.1694
0.96487,1.1666
0.96606,1.1637
0.96724,1.1609
0.96843,1.158
0.96962,1.1551
0.97081,1.1522
0.972,1.1493
0.97318,1.1463
0.97437,1.1433
0.97556,1.1404
0.97675,1.1374
0.97794,1.1344
0.97913,1.1313
0.98031,1.1283
0.9815,1.1252
0.98269,1.1222
0.98388,1.1191
0.98507,1.1159
0.98625,1.1128
0.98744,1.1096
0.98863,1.1065
0.98982,1.1033
0.99101,1.1
0.9922,1.0967
0.99338,1.0935
0.99457,1.0902
0.99576,1.0869
0.99695,1.0836
0.99814,1.0803
0.99932,1.077
1.0005,1.0736
1.0017,1.0702
1.0029,1.0668
1.0041,1.0634
1.0053,1.0599
1.0065,1.0565
1.0076,1.053
1.0088,1.0494
1.01,1.0459
1.0112,1.0423
1.0124,1.0388
1.0136,1.0352
1.0148,1.0316
1.016,1.0279
1.0171,1.0243
1.0183,1.0207
1.0195,1.017
1.0207,1.0131
1.0219,1.0093
1.0231,1.0055
1.0243,1.0017
1.0255,0.99789
1.0267,0.99404
1.0278,0.99018
1.029,0.98633
1.0302,0.98248
1.0314,0.9786
1.0326,0.97465
1.0338,0.97069
1.035,0.96673
1.0362,0.96278
1.0373,0.9588
1.0385,0.95473
1.0397,0.95066
1.0409,0.94659
1.0421,0.94253
1.0433,0.93844
1.0445,0.93426
1.0457,0.93008
1.0469,0.9259
1.048,0.92173
1.0492,0.91754
1.0504,0.91324
1.0516,0.90895
1.0528,0.90466
1.054,0.90036
1.0552,0.89606
1.0564,0.89165
1.0575,0.88724
1.0587,0.88283
1.0599,0.87842
1.0611,0.87401
1.0623,0.86947
1.0635,0.86494
1.0647,0.8604
1.0659,0.85587
1.0671,0.85134
1.0682,0.84668
1.0694,0.84202
1.0706,0.83736
1.0718,0.83269
1.073,0.82803
1.0742,0.82325
1.0754,0.81846
1.0766,0.81367
1.0777,0.80887
1.0789,0.80408
1.0801,0.79917
1.0813,0.79424
1.0825,0.78931
1.0837,0.78438
1.0849,0.77945
1.0861,0.7744
1.0873,0.76932
1.0884,0.76425
1.0896,0.75917
1.0908,0.7541
1.092,0.7489
1.0932,0.74368
1.0944,0.73845
1.0956,0.73322
1.0968,0.72799
1.0979,0.72265
1.0991,0.71726
1.1003,0.71187
1.1015,0.70648
1.1027,0.7011
1.1039,0.69559
1.1051,0.69003
1.1063,0.68446
1.1075,0.6789
1.1086,0.67333
1.1098,0.66766
1.111,0.66191
1.1122,0.65616
1.1134,0.65041
1.1146,0.64466
1.1158,0.6388
1.117,0.63285
1.1181,0.6269
1.1193,0.62095
1.1205,0.615
1.1217,0.60894
1.1229,0.60277
1.1241,0.5966
1.1253,0.59043
1.1265,0.58426
1.1276,0.57797
1.1288,0.57156
1.13,0.56515
1.1312,0.55873
1.1324,0.55232
1.1336,0.54579
1.1348,0.5391
1.136,0.53242
1.1372,0.52573
1.1383,0.51904
1.1395,0.5122
1.1407,0.50509
1.1419,0.49798
1.1431,0.49087
1.1443,0.48375
1.1455,0.47655
1.1467,0.4692
1.1478,0.46185
1.149,0.4545
1.1502,0.44715
1.1514,0.43966
1.1526,0.4319
1.1538,0.42413
1.155,0.41637
1.1562,0.40861
1.1574,0.4007
1.1585,0.39244
1.1597,0.38417
1.1609,0.37591
1.1621,0.36765
1.1633,0.35924
1.1645,0.35036
1.1657,0.34148
1.1669,0.33261
1.168,0.32373
1.1692,0.3147
1.1704,0.30503
1.1716,0.29537
1.1728,0.2857
1.174,0.27604
1.1752,0.26621
1.1764,0.25548
1.1776,0.24475
1.1787,0.23402
1.1799,0.22329
1.1811,0.21241
1.1823,0.20014
1.1835,0.18786
1.1847,0.17559
1.1859,0.16331
1.1871,0.15092
1.1882,0.13618
1.1894,0.12143
1.1906,0.10669
1.1918,0.091949
1.193,0.077207
