0.02,8.6e-06
0.036336,2.9347e-05
0.052673,6.0106e-05
0.069009,0.00010052
0.085345,0.00015024
0.10168,0.00020896
0.11802,0.00027758
0.13435,0.00035523
0.15069,0.0004406
0.16703,0.00053336
0.18336,0.00063315
0.1997,0.00073974
0.21604,0.00085411
0.23237,0.00097426
0.24871,0.0010997
0.26505,0.0012299
0.28138,0.0013645
0.29772,0.0015027
0.31405,0.0016414
0.33039,0.0017817
0.34673,0.0019348
0.36306,0.0021062
0.3794,0.0022836
0.39574,0.0024675
0.41207,0.0026561
0.42841,0.0028498
0.44474,0.00305
0.46108,0.0032579
0.47742,0.003472
0.49375,0.0036913
0.51009,0.0039145
0.52643,0.0041427
0.54276,0.0043774
0.5591,0.0046209
0.57544,0.0048705
0.59177,0.0051248
0.60811,0.0053834
0.62444,0.0056467
0.64078,0.0059156
0.65712,0.0061918
0.67345,0.0064728
0.68979,0.0067582
0.70613,0.007048
0.72246,0.0073419
0.7388,0.0076413
0.75514,0.0079463
0.77147,0.0082555
0.78781,0.0085687
0.80414,0.0088856
0.82048,0.0092058
0.83682,0.0095329
0.85315,0.0098643
0.86949,0.0102
0.88583,0.010538
0.90216,0.01088
0.9185,0.011225
0.93483,0.011578
0.95117,0.011934
0.96751,0.012294
0.98384,0.012657
1.0002,0.013024
1.0165,0.013393
1.0329,0.013768
1.0492,0.014148
1.0655,0.014531
1.0819,0.014917
1.0982,0.015305
1.1145,0.015697
1.1309,0.016094
1.1472,0.016494
1.1635,0.016898
1.1799,0.017304
1.1962,0.017714
1.2126,0.018126
1.2289,0.018542
1.2452,0.018961
1.2616,0.019383
1.2779,0.019808
1.2942,0.020235
1.3106,0.020665
1.3269,0.021098
1.3432,0.021534
1.3596,0.021972
1.3759,0.022413
1.3923,0.022856
1.4086,0.023301
1.4249,0.023749
1.4413,0.0242
1.4576,0.024654
1.4739,0.025109
1.4903,0.025567
1.5066,0.026026
1.5229,0.026488
1.5393,0.026953
1.5556,0.02742
1.572,0.027888
1.5883,0.028359
1.6046,0.02883
1.621,0.029304
1.6373,0.029781
1.6536,0.030259
1.67,0.030739
1.6863,0.03122
1.7026,0.031703
1.719,0.032187
1.7353,0.032674
1.7517,0.033162
1.768,0.03365
1.7843,0.03414
1.8007,0.034631
1.817,0.035124
1.8333,0.03562
1.8497,0.036116
1.866,0.036613
1.8823,0.037112
1.8987,0.03761
1.915,0.038111
1.9314,0.038614
1.9477,0.039117
1.964,0.039621
1.9804,0.040126
1.9967,0.040631
2.013,0.041138
2.0294,0.041647
2.0457,0.042156
2.062,0.042666
2.0784,0.043176
2.0947,0.043686
2.1111,0.044198
2.1274,0.044711
2.1437,0.045225
2.1601,0.045739
2.1764,0.046253
2.1927,0.046767
2.2091,0.047283
2.2254,0.047799
2.2417,0.048316
2.2581,0.048833
2.2744,0.049349
2.2908,0.049866
2.3071,0.050384
2.3234,0.050902
2.3398,0.051421
2.3561,0.051939
2.3724,0.052457
2.3888,0.052975
2.4051,0.053494
2.4214,0.054014
2.4378,0.054533
2.4541,0.055052
2.4705,0.055571
2.4868,0.056089
2.5031,0.056608
2.5195,0.057127
2.5358,0.057646
2.5521,0.058165
2.5685,0.058682
2.5848,0.0592
2.6011,0.059718
2.6175,0.060236
2.6338,0.060753
2.6502,0.06127
2.6665,0.061786
2.6828,0.062302
2.6992,0.062817
2.7155,0.063333
2.7318,0.063848
2.7482,0.064362
2.7645,0.064876
2.7808,0.065388
2.7972,0.065901
2.8135,0.066413
2.8298,0.066925
2.8462,0.067436
2.8625,0.067945
2.8789,0.068453
2.8952,0.068962
2.9115,0.069471
2.9279,0.069978
2.9442,0.070484
2.9605,0.07099
2.9769,0.071493
2.9932,0.071997
3.0095,0.0725
3.0259,0.073002
3.0422,0.073503
3.0586,0.074002
3.0749,0.0745
3.0912,0.074997
3.1076,0.075494
3.1239,0.07599
3.1402,0.076485
3.1566,0.076977
3.1729,0.077468
3.1892,0.077959
3.2056,0.078449
3.2219,0.078938
3.2383,0.079425
3.2546,0.07991
3.2709,0.080394
3.2873,0.080877
3.3036,0.081359
3.3199,0.08184
3.3363,0.082319
3.3526,0.082796
3.3689,0.083271
3.3853,0.083746
3.4016,0.08422
3.418,0.084692
3.4343,0.085162
3.4506,0.08563
3.467,0.086097
3.4833,0.086563
3.4996,0.087027
3.516,0.08749
3.5323,0.08795
3.5486,0.088409
3.565,0.088866
3.5813,0.089322
3.5977,0.089776
3.614,0.090229
3.6303,0.090679
3.6467,0.091127
3.663,0.091573
3.6793,0.092019
3.6957,0.092463
3.712,0.092905
3.7283,0.093344
3.7447,0.093782
3.761,0.094217
3.7774,0.094652
3.7937,0.095085
3.81,0.095515
3.8264,0.095944
3.8427,0.09637
3.859,0.096793
3.8754,0.097216
3.8917,0.097637
3.908,0.098056
3.9244,0.098473
3.9407,0.098887
3.9571,0.099298
3.9734,0.099709
3.9897,0.10012
4.0061,0.10052
4.0224,0.10093
4.0387,0.10133
4.0551,0.10173
4.0714,0.10213
4.0877,0.10252
4.1041,0.10292
4.1204,0.10331
4.1368,0.10369
4.1531,0.10408
4.1694,0.10447
4.1858,0.10485
4.2021,0.10523
4.2184,0.10561
4.2348,0.10598
4.2511,0.10635
4.2674,0.10672
4.2838,0.10709
4.3001,0.10746
4.3165,0.10782
4.3328,0.10818
4.3491,0.10854
4.3655,0.1089
4.3818,0.10925
4.3981,0.1096
4.4145,0.10995
4.4308,0.1103
4.4471,0.11064
4.4635,0.11099
4.4798,0.11133
4.4962,0.11166
4.5125,0.112
4.5288,0.11233
4.5452,0.11266
4.5615,0.11299
4.5778,0.11331
4.5942,0.11363
4.6105,0.11395
4.6268,0.11427
4.6432,0.11458
4.6595,0.11489
4.6759,0.1152
4.6922,0.11551
4.7085,0.11581
4.7249,0.11612
4.7412,0.11641
4.7575,0.11671
4.7739,0.117
4.7902,0.11729
4.8065,0.11758
4.8229,0.11787
4.8392,0.11815
4.8556,0.11843
4.8719,0.11871
4.8882,0.11898
4.9046,0.11926
4.9209,0.11953
4.9372,0.11979
4.9536,0.12006
4.9699,0.12032
4.9862,0.12058
5.0026,0.12083
5.0189,0.12109
5.0353,0.12133
5.0516,0.12158
5.0679,0.12183
5.0843,0.12207
5.1006,0.12231
5.1169,0.12255
5.1333,0.12278
5.1496,0.12301
5.1659,0.12324
5.1823,0.12347
5.1986,0.12369
5.215,0.12391
5.2313,0.12412
5.2476,0.12434
5.264,0.12455
5.2803,0.12476
5.2966,0.12496
5.313,0.12517
5.3293,0.12537
5.3456,0.12556
5.362,0.12576
5.3783,0.12595
5.3947,0.12614
5.411,0.12632
5.4273,0.12651
5.4437,0.12669
5.46,0.12687
5.4763,0.12704
5.4927,0.12721
5.509,0.12738
5.5253,0.12754
5.5417,0.12771
5.558,0.12787
5.5744,0.12802
5.5907,0.12818
5.607,0.12833
5.6234,0.12848
5.6397,0.12862
5.656,0.12877
5.6724,0.1289
5.6887,0.12904
5.705,0.12917
5.7214,0.1293
5.7377,0.12943
5.7541,0.12956
5.7704,0.12968
5.7867,0.1298
5.8031,0.12991
5.8194,0.13003
5.8357,0.13014
5.8521,0.13025
5.8684,0.13035
5.8847,0.13045
5.9011,0.13055
5.9174,0.13065
5.9338,0.13074
5.9501,0.13083
5.9664,0.13092
5.9828,0.131
5.9991,0.13108
6.0154,0.13116
6.0318,0.13123
6.0481,0.13131
6.0644,0.13138
6.0808,0.13144
6.0971,0.13151
6.1135,0.13157
6.1298,0.13162
6.1461,0.13168
6.1625,0.13173
6.1788,0.13178
6.1951,0.13183
6.2115,0.13187
6.2278,0.13191
6.2441,0.13195
6.2605,0.13198
6.2768,0.13201
6.2932,0.13204
6.3095,0.13207
6.3258,0.13209
6.3422,0.13211
6.3585,0.13213
6.3748,0.13214
6.3912,0.13215
6.4075,0.13216
6.4238,0.13217
6.4402,0.13217
6.4565,0.13217
6.4729,0.13217
6.4892,0.13216
6.5055,0.13215
6.5219,0.13214
6.5382,0.13213
6.5545,0.13211
6.5709,0.13209
6.5872,0.13207
6.6035,0.13204
6.6199,0.13201
6.6362,0.13198
6.6526,0.13195
6.6689,0.13191
6.6852,0.13187
6.7016,0.13183
6.7179,0.13178
6.7342,0.13173
6.7506,0.13168
6.7669,0.13163
6.7832,0.13157
6.7996,0.13151
6.8159,0.13145
6.8323,0.13138
6.8486,0.13132
6.8649,0.13124
6.8813,0.13117
6.8976,0.13109
6.9139,0.13102
6.9303,0.13093
6.9466,0.13085
6.9629,0.13076
6.9793,0.13067
6.9956,0.13058
7.012,0.13049
7.0283,0.13039
7.0446,0.13029
7.061,0.13018
7.0773,0.13008
7.0936,0.12997
7.11,0.12986
7.1263,0.12974
7.1426,0.12963
7.159,0.12951
7.1753,0.12938
7.1917,0.12926
7.208,0.12913
7.2243,0.129
7.2407,0.12887
7.257,0.12874
7.2733,0.1286
7.2897,0.12846
7.306,0.12831
7.3223,0.12817
7.3387,0.12802
7.355,0.12787
7.3714,0.12772
7.3877,0.12756
7.404,0.1274
7.4204,0.12724
7.4367,0.12708
7.453,0.12691
7.4694,0.12674
7.4857,0.12657
7.502,0.1264
7.5184,0.12623
7.5347,0.12605
7.5511,0.12587
7.5674,0.12568
7.5837,0.1255
7.6001,0.12531
7.6164,0.12512
7.6327,0.12493
7.6491,0.12473
7.6654,0.12453
7.6817,0.12433
7.6981,0.12413
7.7144,0.12392
7.7308,0.12372
7.7471,0.12351
7.7634,0.12329
7.7798,0.12308
7.7961,0.12286
7.8124,0.12265
7.8288,0.12242
7.8451,0.1222
7.8614,0.12197
7.8778,0.12175
7.8941,0.12152
7.9105,0.12128
7.9268,0.12105
7.9431,0.12081
7.9595,0.12057
7.9758,0.12033
7.9921,0.12009
8.0085,0.11984
8.0248,0.11959
8.0411,0.11934
8.0575,0.11909
8.0738,0.11883
8.0902,0.11858
8.1065,0.11832
8.1228,0.11806
8.1392,0.11779
8.1555,0.11753
8.1718,0.11726
8.1882,0.11699
8.2045,0.11672
8.2208,0.11645
8.2372,0.11617
8.2535,0.11589
8.2698,0.11561
8.2862,0.11533
8.3025,0.11505
8.3189,0.11476
8.3352,0.11447
8.3515,0.11418
8.3679,0.11389
8.3842,0.1136
8.4005,0.11331
8.4169,0.11301
8.4332,0.11271
8.4495,0.11241
8.4659,0.11211
8.4822,0.1118
8.4986,0.1115
8.5149,0.11119
8.5312,0.11087
8.5476,0.11056
8.5639,0.11025
8.5802,0.10994
8.5966,0.10962
8.6129,0.1093
8.6292,0.10898
8.6456,0.10865
8.6619,0.10833
8.6783,0.10801
8.6946,0.10768
8.7109,0.10735
8.7273,0.10702
8.7436,0.10668
8.7599,0.10635
8.7763,0.10602
8.7926,0.10568
8.8089,0.10534
8.8253,0.105
8.8416,0.10465
8.858,0.10431
8.8743,0.10397
8.8906,0.10362
8.907,0.10327
8.9233,0.10292
8.9396,0.10257
8.956,0.10222
8.9723,0.10186
8.9886,0.10151
9.005,0.10115
9.0213,0.10079
9.0377,0.10043
9.054,0.10007
9.0703,0.099709
9.0867,0.099345
9.103,0.09898
9.1193,0.098611
9.1357,0.098244
9.152,0.097875
9.1683,0.097506
9.1847,0.097134
9.201,0.096761
9.2174,0.096384
9.2337,0.09601
9.25,0.095634
9.2664,0.095257
9.2827,0.094878
9.299,0.094497
9.3154,0.094114
9.3317,0.093732
9.348,0.093349
9.3644,0.092965
9.3807,0.09258
9.3971,0.092192
9.4134,0.091803
9.4297,0.091414
9.4461,0.091025
9.4624,0.090635
9.4787,0.090243
9.4951,0.089849
9.5114,0.089455
9.5277,0.08906
9.5441,0.088665
9.5604,0.088269
9.5768,0.087872
9.5931,0.087472
9.6094,0.087072
9.6258,0.086672
9.6421,0.086272
9.6584,0.085871
9.6748,0.085469
9.6911,0.085064
9.7074,0.084659
9.7238,0.084255
9.7401,0.08385
9.7565,0.083444
9.7728,0.083037
9.7891,0.082628
9.8055,0.082219
9.8218,0.081811
9.8381,0.081402
9.8545,0.080992
9.8708,0.080581
9.8871,0.080168
9.9035,0.079754
9.9198,0.079343
9.9362,0.078931
9.9525,0.078518
9.9688,0.078103
9.9852,0.077687
10.002,0.07727
10.018,0.076856
10.034,0.076441
10.051,0.076025
10.067,0.075608
10.083,0.07519
10.1,0.07477
10.116,0.074353
10.132,0.073936
10.149,0.073518
10.165,0.073098
10.181,0.072678
10.198,0.072257
10.214,0.071838
10.23,0.071419
10.247,0.070999
10.263,0.070578
10.279,0.070156
10.296,0.069735
10.312,0.069315
10.328,0.068894
10.345,0.068474
10.361,0.068052
10.377,0.067628
10.394,0.067207
10.41,0.066786
10.426,0.066365
10.443,0.065944
10.459,0.065522
10.475,0.065098
10.492,0.064676
10.508,0.064256
10.524,0.063836
10.541,0.063414
10.557,0.062993
10.573,0.062569
10.59,0.062148
10.606,0.061729
10.622,0.061309
10.639,0.060889
10.655,0.060468
10.671,0.060046
10.688,0.059625
10.704,0.059207
10.72,0.058789
10.737,0.05837
10.753,0.057951
10.769,0.057531
10.786,0.057113
10.802,0.056696
10.818,0.05628
10.835,0.055863
10.851,0.055446
10.867,0.055029
10.884,0.054613
10.9,0.054199
10.916,0.053786
10.933,0.053372
10.949,0.052957
10.965,0.052543
10.982,0.05213
10.998,0.05172
11.014,0.051309
11.031,0.050898
11.047,0.050487
11.063,0.050076
11.08,0.049668
11.096,0.049261
11.112,0.048855
11.129,0.048448
11.145,0.048041
11.161,0.047633
11.178,0.04723
11.194,0.046828
11.21,0.046426
11.227,0.046024
11.243,0.045621
11.259,0.045218
11.276,0.04482
11.292,0.044423
11.308,0.044026
11.325,0.04363
11.341,0.043233
11.357,0.042835
11.374,0.042443
11.39,0.042051
11.406,0.04166
11.423,0.041269
11.439,0.040877
11.455,0.040487
11.472,0.0401
11.488,0.039715
11.504,0.03933
11.521,0.038945
11.537,0.03856
11.553,0.038177
11.57,0.037797
11.586,0.037418
11.602,0.03704
11.619,0.036663
11.635,0.036284
11.651,0.035909
11.668,0.035536
11.684,0.035165
11.7,0.034795
11.717,0.034425
11.733,0.034054
11.749,0.033686
11.766,0.033321
11.782,0.032959
11.798,0.032596
11.815,0.032234
11.831,0.031871
11.848,0.031512
11.864,0.031157
11.88,0.030802
11.897,0.030449
11.913,0.030095
11.929,0.029742
11.946,0.029391
11.962,0.029045
11.978,0.0287
11.995,0.028355
12.011,0.028011
12.027,0.027668
12.044,0.027326
12.06,0.02699
12.076,0.026654
12.093,0.02632
12.109,0.025985
12.125,0.025652
12.142,0.02532
12.158,0.024994
12.174,0.024669
12.191,0.024345
12.207,0.024021
12.223,0.023697
12.24,0.023377
12.256,0.023062
12.272,0.022748
12.289,0.022434
12.305,0.022121
12.321,0.021807
12.338,0.0215
12.354,0.021196
12.37,0.020893
12.387,0.020591
12.403,0.020289
12.419,0.019985
12.436,0.019691
12.452,0.019399
12.468,0.019107
12.485,0.018817
12.501,0.018527
12.517,0.018235
12.534,0.017953
12.55,0.017673
12.566,0.017394
12.583,0.017116
12.599,0.016838
12.615,0.016561
12.632,0.01629
12.648,0.016023
12.664,0.015756
12.681,0.015491
12.697,0.015225
12.713,0.014962
12.73,0.014703
12.746,0.014449
12.762,0.014196
12.779,0.013944
12.795,0.013691
12.811,0.013441
12.828,0.013196
12.844,0.012956
12.86,0.012716
12.877,0.012477
12.893,0.012237
12.909,0.012001
12.926,0.01177
12.942,0.011543
12.958,0.011318
12.975,0.011092
12.991,0.010865
13.007,0.010643
13.024,0.010428
13.04,0.010215
13.056,0.010003
13.073,0.0097919
13.089,0.0095788
13.105,0.0093694
13.122,0.0091702
13.138,0.008972
13.154,0.0087747
13.171,0.0085774
13.187,0.0083796
13.203,0.0081841
13.22,0.0079997
13.236,0.0078164
13.252,0.0076336
13.269,0.0074506
13.285,0.0072677
13.301,0.0070868
13.318,0.0069174
13.334,0.006749
13.35,0.0065809
13.367,0.0064123
13.383,0.0062438
13.399,0.0060788
13.416,0.0059243
13.432,0.0057707
13.448,0.0056173
13.465,0.0054632
13.481,0.0053078
13.497,0.0051606
13.514,0.0050204
13.53,0.0048819
13.546,0.0047434
13.563,0.0046039
13.579,0.0044607
13.595,0.0043316
13.612,0.0042066
13.628,0.004083
13.645,0.0039593
13.661,0.0038348
13.677,0.0037045
13.694,0.0035914
13.71,0.0034823
13.726,0.0033734
13.743,0.0032644
13.759,0.0031543
13.775,0.0030411
13.792,0.0029408
13.808,0.0028461
13.824,0.0027517
13.841,0.002657
13.857,0.0025604
13.873,0.0024638
13.89,0.0023764
13.906,0.0022957
13.922,0.002215
13.939,0.0021339
13.955,0.0020504
13.971,0.0019692
13.988,0.0018948
14.004,0.0018271
14.02,0.0017594
14.037,0.0016909
14.053,0.0016198
14.069,0.0015523
14.086,0.001491
14.102,0.0014352
14.118,0.0013793
14.135,0.0013226
14.151,0.0012627
14.167,0.0012068
14.184,0.0011585
14.2,0.0011133
14.216,0.0010679
14.233,0.0010216
14.249,0.00097223
14.265,0.00092552
14.282,0.00088942
14.298,0.00085331
14.314,0.00081707
14.331,0.00078
14.347,0.0007414
14.363,0.00070369
14.38,0.00067542
14.396,0.00064708
14.412,0.00061855
14.429,0.00058932
14.445,0.0005594
14.461,0.00052993
14.478,0.00050804
14.494,0.00048608
14.51,0.0004639
14.527,0.00044107
14.543,0.00041775
14.559,0.00039569
14.576,0.00037873
14.592,0.00036187
14.608,0.00034483
14.625,0.00032728
14.641,0.00030892
14.657,0.00029324
14.674,0.00028002
14.69,0.00026723
14.706,0.00025428
14.723,0.00024087
14.739,0.00022616
14.755,0.00021515
14.772,0.00020519
14.788,0.00019551
14.804,0.0001857
14.821,0.00017559
14.837,0.00016407
14.853,0.00015611
14.87,0.00014892
14.886,0.0001417
14.902,0.00013438
14.919,0.00012679
14.935,0.00011859
14.951,0.00011239
14.968,0.00010704
14.984,0.00010163
15,9.6153e-05
15.017,9.0435e-05
15.033,8.4652e-05
15.049,7.989e-05
15.066,7.5916e-05
15.082,7.1974e-05
15.098,6.789e-05
15.115,6.3585e-05
15.131,5.9533e-05
15.147,5.6059e-05
15.164,5.3119e-05
15.18,5.0178e-05
15.196,4.7238e-05
15.213,4.4041e-05
15.229,4.1094e-05
15.245,3.8617e-05
15.262,3.6566e-05
15.278,3.4442e-05
15.294,3.2246e-05
15.311,2.9878e-05
15.327,2.775e-05
15.343,2.6086e-05
15.36,2.4616e-05
15.376,2.3146e-05
15.392,2.1613e-05
15.409,1.9929e-05
15.425,1.8364e-05
15.442,1.731e-05
15.458,1.633e-05
15.474,1.5279e-05
15.491,1.4164e-05
15.507,1.3021e-05
15.523,1.1957e-05
15.54,1.1222e-05
15.556,1.0486e-05
15.572,9.8123e-06
15.589,9.0736e-06
15.605,8.2811e-06
15.621,7.564e-06
15.638,7.0739e-06
15.654,6.5838e-06
15.67,6.0937e-06
15.687,5.6036e-06
15.703,5.1135e-06
15.719,4.6234e-06
15.736,4.2889e-06
15.752,3.9622e-06
15.768,3.6354e-06
15.785,3.3087e-06
15.801,2.9865e-06
15.817,2.7414e-06
15.834,2.4964e-06
15.85,2.3009e-06
15.866,2.1063e-06
15.883,1.8613e-06
15.899,1.6162e-06
15.915,1.5237e-06
15.932,1.3841e-06
15.948,1.2604e-06
15.964,1.1574e-06
15.981,9.97e-07
15.997,9.1532e-07
16.013,8.3363e-07
16.03,7.5195e-07
16.046,6.7027e-07
16.062,5.8859e-07
16.079,5.0691e-07
16.095,4.2523e-07
16.111,4e-07
16.128,3.6186e-07
16.144,3e-07
16.16,2.985e-07
16.177,2.1682e-07
16.193,2e-07
16.209,2e-07
16.226,1.7177e-07
16.242,1e-07
16.258,1e-07
16.275,1e-07
16.291,1e-07
16.307,1e-07
16.324,1e-07
16.34,1e-07
