1.318299999999999805e+01,5.171397555465213208e-03
1.327080050681394852e+01,5.193802003271651146e-03
1.335918577650408423e+01,5.216355667635193434e-03
1.344815970366775559e+01,5.239059542357652616e-03
1.353772620884085320e+01,5.261914627859698608e-03
1.362788923867053725e+01,5.284921931224929349e-03
1.371865276608915352e+01,5.308082466244251098e-03
1.381002079048930042e+01,5.331397253460551031e-03
1.390199733790006675e+01,5.354867320213668215e-03
1.399458646116440619e+01,5.378493700685657748e-03
1.408779224011774467e+01,5.402277435946360208e-03
1.418161878176773882e+01,5.426256874720218962e-03
1.427607022047527252e+01,5.450477418950600353e-03
1.437115071813659917e+01,5.474859275178156626e-03
1.446686446436674700e+01,5.499403517761916604e-03
1.456321567668412698e+01,5.524111228216281762e-03
1.466020860069639298e+01,5.548983495258686879e-03
1.475784751028748509e+01,5.574021414857562549e-03
1.485613670780597140e+01,5.599226090280630744e-03
1.495508052425462431e+01,5.624598632143524776e-03
1.505468331948127769e+01,5.650140158458723250e-03
1.515494948237090611e+01,5.676185411081853711e-03
1.525588343103903632e+01,5.703090255250293193e-03
1.535748961302641646e+01,5.730174289205101044e-03
1.545977250549502635e+01,5.757438706373732215e-03
1.556273661542530284e+01,5.784884708132016252e-03
1.566638647981476851e+01,5.812513503857105399e-03
1.577072666587794458e+01,5.840326310980760091e-03
1.587576177124761223e+01,5.868324355043003093e-03
1.598149642417737581e+01,5.896508869746105823e-03
1.608793528374561532e+01,5.924881097008964127e-03
1.619508304006077637e+01,5.952966489577338378e-03
1.630294441446806530e+01,5.981224831416612035e-03
1.641152415975744816e+01,6.009671377514038543e-03
1.652082706037309734e+01,6.038307381334629374e-03
1.663085793262419543e+01,6.067134104691632168e-03
1.674162162489721339e+01,6.096152817802149432e-03
1.685312301786947842e+01,6.125364799343082506e-03
1.696536702472427294e+01,6.154771336507496200e-03
1.707835859136733347e+01,6.183317652491322064e-03
1.719210269664475632e+01,6.206197163571940817e-03
1.730660435256244511e+01,6.229229055193298906e-03
1.742186860450688002e+01,6.252414342229755360e-03
1.753790053146748207e+01,6.275754046314865713e-03
1.765470524626043414e+01,6.299249195886404140e-03
1.777228789575391232e+01,6.322900826231670976e-03
1.789065366109492672e+01,6.346709979533113333e-03
1.800980775793760102e+01,6.370677704914256244e-03
1.812975543667298695e+01,6.394839632341303703e-03
1.825050198266045953e+01,6.419169526331852844e-03
1.837205271646054783e+01,6.443661460603300126e-03
1.849441299406941752e+01,6.468316514365142489e-03
1.861758820715488838e+01,6.493135774014553545e-03
1.874158378329397578e+01,6.518120333184254135e-03
1.886640518621207718e+01,6.543271292790700348e-03
1.899205791602370752e+01,6.568589761082597664e-03
1.911854750947486536e+01,6.595590611152946960e-03
1.924587954018702973e+01,6.622873379951996556e-03
1.937405961890269879e+01,6.650337855564960980e-03
1.950309339373265516e+01,6.677985248183022741e-03
1.963298655040483709e+01,6.705816776057392688e-03
1.976374481251490067e+01,6.733833665553002300e-03
1.989537394177837371e+01,6.762037151202528185e-03
2.002787973828457169e+01,6.790247600742598151e-03
2.016126804075214807e+01,6.818418254390851835e-03
2.029554472678642796e+01,6.846776528282421011e-03
2.043071571313832280e+01,6.875323671992699358e-03
2.056678695596508888e+01,6.904060943419419033e-03
2.070376445109276276e+01,6.932989608838075087e-03
2.084165423428039432e+01,6.962110942957726312e-03
2.098046238148595677e+01,6.987622732445417442e-03
2.112019500913409686e+01,7.004315074982378486e-03
2.126085827438565445e+01,7.021118590707128848e-03
2.140245837540898677e+01,7.038034020047664353e-03
2.154500155165304065e+01,7.055062108363326957e-03
2.168849408412231483e+01,7.072203605977645663e-03
2.183294229565362699e+01,7.089459268211404687e-03
2.197835255119469977e+01,7.106091268070163433e-03
2.212473125808467600e+01,7.122040807351222823e-03
2.227208486633638174e+01,7.138096572653091637e-03
2.242041986892057892e+01,7.154259271454981375e-03
2.256974280205209382e+01,7.170529615948011484e-03
2.272006024547776804e+01,7.186908323066583566e-03
2.287137882276642742e+01,7.203396114519978501e-03
2.302370520160073752e+01,7.219905099523330969e-03
2.317704609407099170e+01,7.236519982736514846e-03
2.333140825697091358e+01,7.253245523248249595e-03
2.348679849209533188e+01,7.270082458050636243e-03
2.364322364653991215e+01,7.287031529044240945e-03
2.380069061300291366e+01,7.304093483070787582e-03
2.395920633008883271e+01,7.319649939861442266e-03
2.411877778261418825e+01,7.334637311826812389e-03
2.427941200191530058e+01,7.349724501652637153e-03
2.444111606615808796e+01,7.364912174138939747e-03
2.460389710065002689e+01,7.380200998513404727e-03
2.476776227815403431e+01,7.395591648460855295e-03
2.493271881920456678e+01,7.410677078470805437e-03
2.509877399242582641e+01,7.425688339806390224e-03
2.526593511485195975e+01,7.440799578108764530e-03
2.543420955224954483e+01,7.456011459237621257e-03
2.560360471944212080e+01,7.471324653487369793e-03
2.577412808063690619e+01,7.486739835616664472e-03
2.594578714975376599e+01,7.502688412589178513e-03
2.611858949075621084e+01,7.518778358227249346e-03
2.629254271798473752e+01,7.534975465010858124e-03
2.646765449649239699e+01,7.551280446647272611e-03
2.664393254238244779e+01,7.567694021597142287e-03
2.682138462314842187e+01,7.591470090541683861e-03
2.700001855801638229e+01,7.627919056240477919e-03
2.717984221828943703e+01,7.664610776825197570e-03
2.736086352769465435e+01,7.701546869075186902e-03
2.754309046273211692e+01,7.738728960537743368e-03
2.772653105302646281e+01,7.776181118692112627e-03
2.791119338168066832e+01,7.821659371641673936e-03
2.809708558563223590e+01,7.867440515712979116e-03
2.828421585601177313e+01,7.913526568200582659e-03
2.847259243850384181e+01,7.959919559834468042e-03
2.866222363371035442e+01,8.006621534869553386e-03
2.885311779751635797e+01,8.053219799967594253e-03
2.904528334145813773e+01,8.100041868902332562e-03
2.923872873309394294e+01,8.147175778949305655e-03
2.943346249637705014e+01,8.194623607011161659e-03
2.962949321203138453e+01,8.242387443822999510e-03
2.982682951792964943e+01,8.250998136123885440e-03
3.002548010947386814e+01,8.250948164367435597e-03
3.022545373997859031e+01,8.250897859792539341e-03
3.042675922105662423e+01,8.250847220182589564e-03
3.062940542300722413e+01,8.250796243306201053e-03
3.083340127520702367e+01,8.224111893839551948e-03
3.103875576650347057e+01,8.196632061239663217e-03
3.124547794561089376e+01,8.168969209355133806e-03
3.145357692150930262e+01,8.141122119253553849e-03
3.166306186384564825e+01,8.113187991434235927e-03
3.187394200333793748e+01,8.085320170732528816e-03
3.208622663218201865e+01,8.057266746694597206e-03
3.229992510446092524e+01,8.029026483177914217e-03
3.251504683655712569e+01,8.000598135807075045e-03
3.273160130756744479e+01,7.985105844716433240e-03
3.294959805972069233e+01,7.974338354042971241e-03
3.316904669879824752e+01,7.963499150471212498e-03
3.338995689455718718e+01,7.952587756383858869e-03
3.361233838115642669e+01,7.946457252077146136e-03
3.383620095758573143e+01,7.951070006249279926e-03
3.406155448809734310e+01,7.955713481968414505e-03
3.428840890264076791e+01,7.960387883844078846e-03
3.451677419730023644e+01,7.965092920877693550e-03
3.474666043473521881e+01,7.969805864310373217e-03
3.497807774462385311e+01,7.974550196563649426e-03
3.521103632410923012e+01,7.979326126691185447e-03
3.544554643824871931e+01,7.984133865138959632e-03
3.568161842046641397e+01,7.988994403065914976e-03
3.591926267300822673e+01,7.993891132724263368e-03
3.615848966740050940e+01,7.998820475243551345e-03
3.639930994491129468e+01,8.003782647829698824e-03
3.664173411701483474e+01,8.008776390003573276e-03
3.688577286585924497e+01,8.013802987631419780e-03
3.713143694473709644e+01,8.018863063057891580e-03
3.737873717855929812e+01,8.023956839249512391e-03
3.762768446433210556e+01,8.024235551186522861e-03
3.787828977163722755e+01,8.023517994773271544e-03
3.813056414311530062e+01,8.022795659340315952e-03
3.838451869495231250e+01,8.022068513058760661e-03
3.864016461736951413e+01,8.012719739475699168e-03
3.889751317511657902e+01,8.003118643823275979e-03
3.915657570796778231e+01,7.993453603616180667e-03
3.941736363122185338e+01,7.983724192975301739e-03
3.967988843620486250e+01,7.973929983185117781e-03
3.994416169077661749e+01,7.964070542674809780e-03
4.021019503984044974e+01,7.954145436999232946e-03
4.047800020585620473e+01,7.944133187052599895e-03
4.074758898935685636e+01,7.934037107627888927e-03
4.101897326946851763e+01,7.923873786991745757e-03
4.129216500443378379e+01,7.913642777308891110e-03
4.156717623213874901e+01,7.900169933558586627e-03
4.184401907064337678e+01,7.886525932379373494e-03
4.212270571871549407e+01,7.872791060365109256e-03
4.240324845636838802e+01,7.854794493598467667e-03
4.268565964540175628e+01,7.832103397567099015e-03
4.296995172994652989e+01,7.809261175863903802e-03
4.325613723701324886e+01,7.786266472142376431e-03
4.354422877704383410e+01,7.763113416152695942e-03
4.383423904446755870e+01,7.739806157777351196e-03
4.412618081826017402e+01,7.716343670008255981e-03
4.442006696250707876e+01,7.692708557667800318e-03
4.471591042697022544e+01,7.668909677851168220e-03
4.501372424765862235e+01,7.644952294377590878e-03
4.531352154740280014e+01,7.620845884463253728e-03
4.561531553643314396e+01,7.596591603602986797e-03
4.591911951296176397e+01,7.572175786055174510e-03
4.622494686376873574e+01,7.546320044379872631e-03
4.653281106479177964e+01,7.516532962566676787e-03
4.684272568172010409e+01,7.486547494886862039e-03
4.715470437059227748e+01,7.452126692889791439e-03
4.746876087839778080e+01,7.387371590242914655e-03
4.778490904368285186e+01,7.322185210130279648e-03
4.810316279716037258e+01,7.256540786630917214e-03
4.842353616232340840e+01,7.190037200704751247e-03
4.874604325606349420e+01,7.123090692185144596e-03
4.907069828929243016e+01,7.055702099114623260e-03
4.939751556756854001e+01,6.987939736332778908e-03
4.972650949172710710e+01,6.919726067338751938e-03
5.005769455851481098e+01,6.851047044192629457e-03
5.039108536122854787e+01,6.781809126873515788e-03
5.072669659035857848e+01,6.712110075955715974e-03
5.106454303423558372e+01,6.641977441394913105e-03
5.140463957968263742e+01,6.571494517558337106e-03
5.174700121267092356e+01,6.500542168216593211e-03
5.209164301898012184e+01,6.431611994698058568e-03
5.243858018486329087e+01,6.366492131518333188e-03
5.278782799771582290e+01,6.300938561519913751e-03
5.313940184674917333e+01,6.244270738470788541e-03
5.349331722366907371e+01,6.193826005880083245e-03
5.384958972335784466e+01,6.143045304762680993e-03
5.420823504456197384e+01,6.099923059096418014e-03
5.456926899058353797e+01,6.057922195249461871e-03
5.493270746997666265e+01,6.015637228689754527e-03
5.529856649724865747e+01,5.973048253067696906e-03
5.566686219356535048e+01,5.930175629289362142e-03
5.603761078746182989e+01,5.887011060079634997e-03
5.641082861555725003e+01,5.843553233519236528e-03
5.678653212327479594e+01,5.799805972141496534e-03
5.716473786556639425e+01,5.755755091302787799e-03
5.754546250764204274e+01,5.711409934973338091e-03
5.792872282570422016e+01,5.666794491490471757e-03
5.831453570768722727e+01,5.621922122308505021e-03
5.870291815400101854e+01,5.576750897270054373e-03
5.909388727828070387e+01,5.531454674118583756e-03
5.948746030814032792e+01,5.485881594970299334e-03
5.988365458593209922e+01,5.446868778516786302e-03
6.028248756951067122e+01,5.417413960885533730e-03
6.068397683300218404e+01,5.387762970310630388e-03
6.108814006757877024e+01,5.363212969760124647e-03
6.149499508223820499e+01,5.338580153475315677e-03
6.190455980458830965e+01,5.314312897807644924e-03
6.231685228163733825e+01,5.290240097352873032e-03
6.273189068058884743e+01,5.265993964989117322e-03
6.314969328964236439e+01,5.241546636469361295e-03
6.357027851879931291e+01,5.216936485539357127e-03
6.399366490067403390e+01,5.192178127543940237e-03
6.441987109131051170e+01,5.167255982940164964e-03
6.484891587100457855e+01,5.142153997860551135e-03
6.528081814513102188e+01,5.116877475389174784e-03
6.571559694497716464e+01,5.091458623046173776e-03
6.615327142858106413e+01,5.065908042727384174e-03
6.659386088157580730e+01,5.040412109485195406e-03
6.703738471803943355e+01,5.015668003973523803e-03
6.748386248135018661e+01,4.990768095576659895e-03
6.793331384504773496e+01,4.966282485015512810e-03
6.838575861370030395e+01,4.941633797080704354e-03
6.884121672377682444e+01,4.917012630558902954e-03
6.929970824452601619e+01,4.892256896240209860e-03
6.976125337886024624e+01,4.867357835281269605e-03
7.022587246424595264e+01,4.842300250278749885e-03
7.069358597359985197e+01,4.817059490290316430e-03
7.116441451619088809e+01,4.791642168316590303e-03
7.163837883854839106e+01,4.766067788425447024e-03
7.211549982537648873e+01,4.740331356304239123e-03
7.259579850047387595e+01,4.714409172453087535e-03
7.307929602766077437e+01,4.688303266923525385e-03
7.356601371171107928e+01,4.662040471012346421e-03
7.405597299929127075e+01,4.635616251942390083e-03
7.454919547990557760e+01,4.610139608055697884e-03
7.504570288684689672e+01,4.585311458891582620e-03
7.554551709815495997e+01,4.561011140501255827e-03
7.604866013757997223e+01,4.536967186622644678e-03
7.655515417555317015e+01,4.513447177813428336e-03
7.706502153016393208e+01,4.490069529481784116e-03
7.757828466814287083e+01,4.466563541644166802e-03
7.809496620585197491e+01,4.442908252621204958e-03
7.861508891028135793e+01,4.419113732941670585e-03
7.913867570005196228e+01,4.395161459763912565e-03
7.966574964642603618e+01,4.371030373924782338e-03
8.019633397432328081e+01,4.346731858874905603e-03
8.073045206334441559e+01,4.322247449130648886e-03
8.126812744880152195e+01,4.297616781567361807e-03
8.180938382275473941e+01,4.272846862813864909e-03
8.235424503505650762e+01,4.247908723124634717e-03
8.290273509440253008e+01,4.222802430592188100e-03
8.345487816938930337e+01,4.198974122762348313e-03
8.401069858957960435e+01,4.175337589804980348e-03
8.457022084657414496e+01,4.152339630962560528e-03
8.513346959509088663e+01,4.129917802945317316e-03
8.570046965405158801e+01,4.108625012981134694e-03
8.627124600767513130e+01,4.087187463793624971e-03
8.684582380657857925e+01,4.065605568004595528e-03
8.742422836888557924e+01,4.043889701146996529e-03
8.800648518134147480e+01,4.022024972152001172e-03
8.859261990043697210e+01,4.000003330619342906e-03
8.918265835353822979e+01,3.977845256674595459e-03
8.977662654002502052e+01,3.955545432677378716e-03
9.037455063243652376e+01,3.933086619481320108e-03
9.097645697762433770e+01,3.910480054799361262e-03
9.158237209791350608e+01,3.887725871288185558e-03
9.219232269227147469e+01,3.864770341056739719e-03
9.280633563748394010e+01,3.841572300584538292e-03
9.342443798933986443e+01,3.817913512688952092e-03
9.404665698382309813e+01,3.793972852434791647e-03
9.467302003831271406e+01,3.769719136731019236e-03
9.530355475279128541e+01,3.744370726125433556e-03
9.593828891106072376e+01,3.718849708687684257e-03
9.657725048196675743e+01,3.693153903441487220e-03
9.722046762063128256e+01,3.667215377173500910e-03
9.786796866969294229e+01,3.641142339767594258e-03
9.851978216055623250e+01,3.614929325871514467e-03
9.917593681464836664e+01,3.588469078300427287e-03
9.983646154468505074e+01,3.561867846994997821e-03
1.005013854559446571e+02,3.535113246852878300e-03
1.011707378475501571e+02,3.508132490093398767e-03
1.018445482137608451e+02,3.481018088877058277e-03
1.025228462452716229e+02,3.453747250509981315e-03
1.032056618305210094e+02,3.426289591876325192e-03
1.038930250570088702e+02,3.398601978001691577e-03
1.045849662126213246e+02,3.370740336839217650e-03
1.052815157869660965e+02,3.342730401438004720e-03
1.059827044727157102e+02,3.316956520965882657e-03
1.066885631669595682e+02,3.292089128773291722e-03
1.073991229725661611e+02,3.267849585249998825e-03
1.081144151995527523e+02,3.243805297215670690e-03
1.088344713664657348e+02,3.219922045699907028e-03
1.095593232017690184e+02,3.195885833389856996e-03
1.102890026452423768e+02,3.171671351514634279e-03
1.110235418493883657e+02,3.147351913133081356e-03
1.117629731808498406e+02,3.122870504106350659e-03
1.125073292218353345e+02,3.098131785853054567e-03
1.132566427715554340e+02,3.073184824735386393e-03
1.140109468476678387e+02,3.048138423911927412e-03
1.147702746877317566e+02,3.022998272761925290e-03
1.155346597506734128e+02,2.997690684912203245e-03
1.163041357182593458e+02,2.972217956963700211e-03
1.170787364965814845e+02,2.946564312648427587e-03
1.178584962175507229e+02,2.920680084039405794e-03
1.186434492404006136e+02,2.897157646050191240e-03
1.194336301532021736e+02,2.873850164960509070e-03
1.202290737743870466e+02,2.851182094058764098e-03
1.210298151542825167e+02,2.829363973447916996e-03
1.218358895766555605e+02,2.808161516525459981e-03
1.226473325602677420e+02,2.786738885510910233e-03
1.234641798604399128e+02,2.765243344614389236e-03
1.242864674706284944e+02,2.743569198058205642e-03
1.251142316240105572e+02,2.721744176962811925e-03
1.259475087950812622e+02,2.699782381816605639e-03
1.267863357012606826e+02,2.677670724738534860e-03
1.276307493045113262e+02,2.655417930492924659e-03
1.284807868129677502e+02,2.633009135637101334e-03
1.293364856825750167e+02,2.598972893044298842e-03
1.301978836187400930e+02,2.577510673059575392e-03
1.310650185779929302e+02,2.555905511878457399e-03
1.319379287696584413e+02,2.534156457493861453e-03
1.328166526575412831e+02,2.512262551558197467e-03
1.337012289616195346e+02,2.490222829341167191e-03
1.345916966597517614e+02,2.468036319687234425e-03
1.354880949893940567e+02,2.445702044972841108e-03
1.363904634493293031e+02,2.423219021063325457e-03
1.372988418014070930e+02,2.400586257269568188e-03
1.382132700722961829e+02,2.377802756304328666e-03
1.391337885552484579e+02,2.354867514238296981e-03
1.400604378118740101e+02,2.331779520455865874e-03
1.409932586739287217e+02,2.308537757610590845e-03
1.419322922451129614e+02,2.288500168507410452e-03
1.428775799028832409e+02,2.269601497960943310e-03
1.438291633002755532e+02,2.250576959793138855e-03
1.447870843677404196e+02,2.231425715709152522e-03
1.457513853149908698e+02,2.212146921830981678e-03
1.467221086328616479e+02,2.192739728660295269e-03
1.476992970951826294e+02,2.173203281040981573e-03
1.486829937606624128e+02,2.153536718121487354e-03
1.496732419747866913e+02,2.133739173316866449e-03
1.506700853717275947e+02,2.113809774270607612e-03
1.516735678762667590e+02,2.093747642816186534e-03
1.526837337057302477e+02,2.073551894938381948e-03
1.537006273719373439e+02,2.053221640734315036e-03
1.547242936831621876e+02,2.032755984374230804e-03
1.557547777461077203e+02,2.012154024062034422e-03
1.567921249678935851e+02,1.991414851995547842e-03
1.578363810580565314e+02,1.970537554326516616e-03
1.588875920305647753e+02,1.951151392833805559e-03
1.599458042058458318e+02,1.934333892704575945e-03
1.610110642128273355e+02,1.917404385821595099e-03
1.620834189909916745e+02,1.900362126205210403e-03
1.631629157924439824e+02,1.883206362907452469e-03
1.642496021839951652e+02,1.865936339978931189e-03
1.653435260492567238e+02,1.848551296435544007e-03
1.664447355907517760e+02,1.831050466224926369e-03
1.675532793320383291e+02,1.813433078192708747e-03
1.686692061198478712e+02,1.795698356048528637e-03
1.697925651262371787e+02,1.777845518331833520e-03
1.709234058507553300e+02,1.759873778377441834e-03
1.720617781226252703e+02,1.741782344280872787e-03
1.732077321029389054e+02,1.723570418863460633e-03
1.743613182868677427e+02,1.705237199637223491e-03
1.755225875058874294e+02,1.686781878769509028e-03
1.766915909300178669e+02,1.668203643047393809e-03
1.778683800700783593e+02,1.649629873066311416e-03
1.790530067799568030e+02,1.634760301694560686e-03
1.802455232588950480e+02,1.619791697029737080e-03
1.814459820537882990e+02,1.604723399497139102e-03
1.826544360615009737e+02,1.589554745129211121e-03
1.838709385311979077e+02,1.574285065536282051e-03
1.850955430666901691e+02,1.558913687877120161e-03
1.863283036287974141e+02,1.543439934829281225e-03
1.875692745377248514e+02,1.527863124559270848e-03
1.888185104754581687e+02,1.512182570692485826e-03
1.900760664881714206e+02,1.496397582282987023e-03
1.913419979886540148e+02,1.480507463783037846e-03
1.926163607587515685e+02,1.464511515012465121e-03
1.938992109518243296e+02,1.448409031127801620e-03
1.951906050952208602e+02,1.432199302591235157e-03
1.964906000927692560e+02,1.415881615139338683e-03
1.977992532272849644e+02,1.399455249751592641e-03
1.991166221630943483e+02,1.382919482618708267e-03
2.004427649485758423e+02,1.368788117103521881e-03
2.017777400187173669e+02,1.355709013965827056e-03
2.031216061976914489e+02,1.342542802288032621e-03
2.044744227014477360e+02,1.329288901915849598e-03
2.058362491403217120e+02,1.315946728831086324e-03
2.072071455216616016e+02,1.302515695125912960e-03
2.085871722524719019e+02,1.288995208976961848e-03
2.099763901420764682e+02,1.275384674619235974e-03
2.113748604047963511e+02,1.261683492319874093e-03
2.127826446626486927e+02,1.247891058351708986e-03
2.141998049480610860e+02,1.234006764966673070e-03
2.156264037066054584e+02,1.220030000369016002e-03
2.170625037997489528e+02,1.205960148688350973e-03
2.185081685076243332e+02,1.191796589952513882e-03
2.199634615318188082e+02,1.177538700060241222e-03
2.214284469981802488e+02,1.163185850753674063e-03
2.229031894596433006e+02,1.148737409590673162e-03
2.243877538990731466e+02,1.135368482528637370e-03
2.258822057321294210e+02,1.124120622771836641e-03
2.273866108101489942e+02,1.112797850795722073e-03
2.289010354230471194e+02,1.101399667675099754e-03
2.304255463022387005e+02,1.089925571161868070e-03
2.319602106235782628e+02,1.078375055662889785e-03
2.335050960103201874e+02,1.066747612217712124e-03
2.350602705360991820e+02,1.055042728476134626e-03
2.366258027279289422e+02,1.043259888675639960e-03
2.382017615692223842e+02,1.031398573618661895e-03
2.397882165028301813e+02,1.019458260649717517e-03
2.413852374341025211e+02,1.007438423632360785e-03
2.429928947339673471e+02,9.953385329260168099e-04
2.446112592420329577e+02,9.831580553626290131e-04
2.462404022697085395e+02,9.708964542231733521e-04
2.478803956033467841e+02,9.585531892140051503e-04
2.495313115074063717e+02,9.461277164430571731e-04
2.511932227276368224e+02,9.336253145487733059e-04
2.528662024942843232e+02,9.240582478518788402e-04
2.545503245253178761e+02,9.144274632376126486e-04
2.562456630296780418e+02,9.047325363362975284e-04
2.579522927105460894e+02,8.949730399519013500e-04
2.596702887686363965e+02,8.851485440432098860e-04
2.613997269055103061e+02,8.752586157048764751e-04
2.631406833269113577e+02,8.653028191483483041e-04
2.648932347461234826e+02,8.552807156826629101e-04
2.666574583873504025e+02,8.451918636951229278e-04
2.684334319891201517e+02,8.350358186318265286e-04
2.702212338077085292e+02,8.248121329780907411e-04
2.720209426205892100e+02,8.145203562387215738e-04
2.738326377299037517e+02,8.041600349181698623e-04
2.756563989659568392e+02,7.937307125005444363e-04
2.774923066907327893e+02,7.832319294295020124e-04
2.793404418014371799e+02,7.726632230879944057e-04
2.812008857340622967e+02,7.620241277778792410e-04
2.830737204669744074e+02,7.530893201789397567e-04
2.849590285245267296e+02,7.450207232781439664e-04
2.868568929806949654e+02,7.368983884650998680e-04
2.887673974627383586e+02,7.287219578382742903e-04
2.906906261548851944e+02,7.204910711124601829e-04
2.926266638020414348e+02,7.122053656029055232e-04
2.945755957135256722e+02,7.038644762093282728e-04
2.965375077668265931e+02,6.954680353998353827e-04
2.985124864113896592e+02,6.870156731947174404e-04
3.005006186724235704e+02,6.785070171501573393e-04
3.025019921547373087e+02,6.699416923418090612e-04
3.045166950465993523e+02,6.613193213482816994e-04
3.065448161236226383e+02,6.526395242345121341e-04
3.085864447526786307e+02,6.439019185350148677e-04
3.106416708958325330e+02,6.351061192370394863e-04
3.127105851143096515e+02,6.262517387635958485e-04
3.147932785724846667e+02,6.173383869563820207e-04
3.168898430418990984e+02,6.091011937599705465e-04
3.190003709053045213e+02,6.024213099349379685e-04
3.211249551607335775e+02,5.956969372086474371e-04
3.232636894255987272e+02,5.889277792791881025e-04
3.254166679408162395e+02,5.821135378712405904e-04
3.275839855749596268e+02,5.752539127229318100e-04
3.297657378284388869e+02,5.683486015726070366e-04
3.319620208377091899e+02,5.613973001455098378e-04
3.341729313795078156e+02,5.543997021403714682e-04
3.363985668751174671e+02,5.473554992159178649e-04
3.386390253946595976e+02,5.402643809772807995e-04
3.408944056614145097e+02,5.331260349623246795e-04
3.431648070561740269e+02,5.259401466278704586e-04
3.454503296216174704e+02,5.187063993358452790e-04
3.477510740667226514e+02,5.114244743393216337e-04
3.500671417712019888e+02,5.040940507684768404e-04
3.523986347899704015e+02,4.967148056164521173e-04
3.547456558576413386e+02,4.892864137251225383e-04
3.571083083930540170e+02,4.837683503507357076e-04
3.594866965038315243e+02,4.782687686048470404e-04
3.618809249909669461e+02,4.727325589241518746e-04
3.642910993534420641e+02,4.671594773618059312e-04
3.667173257928751013e+02,4.615492783462480774e-04
3.691597112182007550e+02,4.559017146703791754e-04
3.716183632503820604e+02,4.502165374806663925e-04
3.740933902271515308e+02,4.444934962661802914e-04
3.765849012077852649e+02,4.387323388475555916e-04
3.790930059779075236e+02,4.329328113658816751e-04
3.816178150543306629e+02,4.270946582715108011e-04
3.841594396899219532e+02,4.212176223128044671e-04
3.867179918785083714e+02,4.153014445247926538e-04
3.892935843598103247e+02,4.093458642177644408e-04
3.918863306244096520e+02,4.033506189657815890e-04
3.944963449187496849e+02,3.973154445951156328e-04
3.971237422501699825e+02,3.912400751726070186e-04
3.997686383919748891e+02,3.861706828801735481e-04
4.024311498885337528e+02,3.816939048666533464e-04
4.051113940604169557e+02,3.771873109251584690e-04
4.078094890095645155e+02,3.726507024777038599e-04
4.105255536244909536e+02,3.680838796237488456e-04
4.132597075855244384e+02,3.634866411313878299e-04
4.160120713700795818e+02,3.588587844284849893e-04
4.187827662579667276e+02,3.542001055937466815e-04
4.215719143367348352e+02,3.495103993477382339e-04
4.243796385070518795e+02,3.447894590438371439e-04
4.272060624881211766e+02,3.400370766591258895e-04
4.300513108231318711e+02,3.352530427852277095e-04
4.329155088847473394e+02,3.304371466190779297e-04
4.357987828806281527e+02,3.255891759536380420e-04
4.387012598589960817e+02,3.207089171685398527e-04
4.416230677142289665e+02,3.157961552206786193e-04
4.445643351924992430e+02,3.108506736347321905e-04
4.475251918974453815e+02,3.062648404526270292e-04
4.505057682958833993e+02,3.026377221037382641e-04
4.535061957235545833e+02,2.989864466715371058e-04
4.565266063909133436e+02,2.953108532666850268e-04
4.595671333889541188e+02,2.916107799282982495e-04
4.626279106950742062e+02,2.878860636168128822e-04
4.657090731789783717e+02,2.841365402067995319e-04
4.688107566086205225e+02,2.803620444797330852e-04
4.719330976561866464e+02,2.765624101167116948e-04
4.750762339041186237e+02,2.727374696911262172e-04
4.782403038511747013e+02,2.688870546612853610e-04
4.814254469185336802e+02,2.650109953629872762e-04
4.846318034559361081e+02,2.611091210020460396e-04
4.878595147478721401e+02,2.571812596467618712e-04
4.911087230198032216e+02,2.532272382203496625e-04
4.943795714444323721e+02,2.492468824933085237e-04
4.976722041480113035e+02,2.452400170757466631e-04
5.009867662166917057e+02,2.412064654096522447e-04
5.043234037029171759e+02,2.382372126380016375e-04
5.076822636318596551e+02,2.353194288618048753e-04
5.110634940078990098e+02,2.323822122634642369e-04
5.144672438211431427e+02,2.294254334178386806e-04
5.178936630539942598e+02,2.264489620377983803e-04
5.213429026877556680e+02,2.234526669684852303e-04
5.248151147092861493e+02,2.204364161815324755e-04
5.283104521176979915e+02,2.174000767692460426e-04
5.318290689310967991e+02,2.143435149387500375e-04
5.353711201933697339e+02,2.112665960060897163e-04
5.389367619810154793e+02,2.081691843902985675e-04
5.425261514100224076e+02,2.050511436074231933e-04
5.461394466427931320e+02,2.019123362645082638e-04
5.497768068951122586e+02,1.987526240535435792e-04
5.534383924431627975e+02,1.955718677453690917e-04
5.571243646305862285e+02,1.923699271835419802e-04
5.608348858755963420e+02,1.891466612781571050e-04
5.645701196781311637e+02,1.864655785267990825e-04
5.683302306270614963e+02,1.841495823358347064e-04
5.721153844074408426e+02,1.818181613068710312e-04
5.759257478078075110e+02,1.794712127084660785e-04
5.797614887275323099e+02,1.771086331249737387e-04
5.836227761842177415e+02,1.747303184519862732e-04
5.875097803211466498e+02,1.723361638917462416e-04
5.914226724147781624e+02,1.699260639485296169e-04
5.953616248822955868e+02,1.674999124239967801e-04
5.993268112892018280e+02,1.650576024125140261e-04
6.033184063569691489e+02,1.625990262964419454e-04
6.073365859707384971e+02,1.601240757413930976e-04
6.113815271870687411e+02,1.576326416914588645e-04
6.154534082417387708e+02,1.551246143644039149e-04
6.195524085575995059e+02,1.525998832468299299e-04
6.236787087524841127e+02,1.500583370893031723e-04
6.278324906471616487e+02,1.474998639014557349e-04
6.320139372733530081e+02,1.451162109606773238e-04
6.362232328817938196e+02,1.432898100069538209e-04
6.404605629503544151e+02,1.414512449836417287e-04
6.447261141922108436e+02,1.396004348764444847e-04
6.490200745640730702e+02,1.377372981314998470e-04
6.533426332744688807e+02,1.358617526517854387e-04
6.576939807920790599e+02,1.339737157935022831e-04
6.620743088541311181e+02,1.320731043624326709e-04
6.664838104748465639e+02,1.301598346102749327e-04
6.709226799539468402e+02,1.282338222309528696e-04
6.753911128852163301e+02,1.262949823569001109e-04
6.798893061651187963e+02,1.243432295553215680e-04
6.844174580014752109e+02,1.223784778244281089e-04
6.889757679221942226e+02,1.204006405896484777e-04
6.935644367840696987e+02,1.184096306998120353e-04
6.981836667816246518e+02,1.164053604233113756e-04
7.028336614560267890e+02,1.143877414442339590e-04
7.075146257040543105e+02,1.123566848584718603e-04
7.122267657871228721e+02,1.108725614291492559e-04
7.169702893403789403e+02,1.094359883297503678e-04
7.217454053818432840e+02,1.079898474653359972e-04
7.265523243216263154e+02,1.065340751133376216e-04
7.313912579711967510e+02,1.050686071267862952e-04
7.362624195527158690e+02,1.035933789314857402e-04
7.411660237084314531e+02,1.021083255231673465e-04
7.461022865101363095e+02,1.006133814646256958e-04
7.510714254686913591e+02,9.910848088283451610e-05
7.560736595436076186e+02,9.759355746604482821e-05
7.611092091526959393e+02,9.606854446086234315e-05
7.661782961817770001e+02,9.453337466930707882e-05
7.712811439944601943e+02,9.298798044585157715e-05
7.764179774419874320e+02,9.143229369443983603e-05
7.815890228731383331e+02,8.986624586548751161e-05
7.867945081442060200e+02,8.828976795286077543e-05
7.920346626290340737e+02,8.670279049083656384e-05
7.973097172291288643e+02,8.538088619611880622e-05
8.026199043838280431e+02,8.426392520240943908e-05
8.079654580805478190e+02,8.313952510217358051e-05
8.133466138650909443e+02,8.200763634998727394e-05
8.187636088520263229e+02,8.086820907044749032e-05
8.242166817351358077e+02,7.972119305597472137e-05
8.297060727979326202e+02,7.856653776460048881e-05
8.352320239242517346e+02,7.740419231773978330e-05
8.407947786089049487e+02,7.623410549794977455e-05
8.463945819684125809e+02,7.505622574667252954e-05
8.520316807518013320e+02,7.387050116196371737e-05
8.577063233514784315e+02,7.267687949620533572e-05
8.634187598141791113e+02,7.147530815380294671e-05
8.691692418519816101e+02,7.026573418886881820e-05
8.749580228534005073e+02,6.904810430288846324e-05
8.807853578945484969e+02,6.782236484237281376e-05
8.866515037503819485e+02,6.658846179649288450e-05
8.925567189060087685e+02,6.543204331168581437e-05
8.985012635680839139e+02,6.457152875869533225e-05
9.044853996762720953e+02,6.370528306606491908e-05
9.105093909147914246e+02,6.283326806365369869e-05
9.165735027240294812e+02,6.195544532710297843e-05
9.226780023122415741e+02,6.107177617614277954e-05
9.288231586673269931e+02,6.018222167288719355e-05
9.350092425686785873e+02,5.928674262011901855e-05
9.412365265991164733e+02,5.838529955956231346e-05
9.475052851568962069e+02,5.747785277014413733e-05
9.538157944678014246e+02,5.656436226624400327e-05
9.601683325973179990e+02,5.564478779593163660e-05
9.665631794628828857e+02,5.471908883919385024e-05
9.730006168462213054e+02,5.378722460614863342e-05
9.794809284057593004e+02,5.284915403524838464e-05
9.860043996891255347e+02,5.190483579147014113e-05
9.925713181457349492e+02,5.095422826449405145e-05
9.991819731394524524e+02,4.999728956687017931e-05
1.005836655961345286e+03,4.929867641028413559e-05
1.012535659842513951e+03,4.863275591235536569e-05
1.019279279967021012e+03,4.796240029668271564e-05
1.026067813484889029e+03,4.728758002480130392e-05
1.032901559525202174e+03,4.660826536151584033e-05
1.039780819209281844e+03,4.592442637359089625e-05
1.046705895663958700e+03,4.523603292843159318e-05
1.053677094034925176e+03,4.454305469275629542e-05
1.060694721500184187e+03,4.384546113125970061e-05
1.067759087283586268e+03,4.314322150526721613e-05
1.074870502668452446e+03,4.243630487138069573e-05
1.082029281011292596e+03,4.172468008011483842e-05
1.089235737755609762e+03,4.100831577452487316e-05
1.096490190445801773e+03,4.028718038882471604e-05
1.103792958741156099e+03,3.956124214699578310e-05
1.111144364429932239e+03,3.883046906138708199e-05
1.118544731443542105e+03,3.809482893130568140e-05
1.125994385870820224e+03,3.747999591273807219e-05
1.133493655972400120e+03,3.697053236002075823e-05
1.141042872195169139e+03,3.645767571330886064e-05
1.148642367186838101e+03,3.594140337415182310e-05
1.156292475810593714e+03,3.542169259359055704e-05
1.163993535159856719e+03,3.489852047115481892e-05
1.171745884573131661e+03,3.437186395385442790e-05
1.179549865648962168e+03,3.384169983516323961e-05
1.187405822260984905e+03,3.330800475399647924e-05
1.195314100573079259e+03,3.277075519368152198e-05
1.203275049054622514e+03,3.222992748092157195e-05
1.211289018495840992e+03,3.168549778475274772e-05
1.219356362023270094e+03,3.113744211549378867e-05
1.227477435115316439e+03,3.058573632368890357e-05
1.235652595617918450e+03,3.003035609904378204e-05
1.243882203760316543e+03,2.947127696935432489e-05
1.252166622170922437e+03,2.890847429942851007e-05
1.260506215893300350e+03,2.837674077843835061e-05
1.268901352402255498e+03,2.798839546898989909e-05
1.277352401620021965e+03,2.759746372891195990e-05
1.285859735932565627e+03,2.720392833223769818e-05
1.294423730205987567e+03,2.680777193827326454e-05
1.303044761803051642e+03,2.640897709083326318e-05
1.311723210599802087e+03,2.600752621747205585e-05
1.320459459002310950e+03,2.560340162870903850e-05
1.329253891963525120e+03,2.519658551724934719e-05
1.338106897000224080e+03,2.478705995719940398e-05
1.347018864210104311e+03,2.437480690327662161e-05
1.355990186288963969e+03,2.395980819001446646e-05
1.365021258548002379e+03,2.354204553096222590e-05
1.374112478931248688e+03,2.312150051787877520e-05
1.383264248033086460e+03,2.269815461992192297e-05
1.392476969115913789e+03,2.227198918283146480e-05
1.401751048127909371e+03,2.184298542810740208e-05
1.411086893720915896e+03,2.141112445218262120e-05
1.420484917268455092e+03,2.109561900960711247e-05
1.429945532883849864e+03,2.079925347256696643e-05
1.439469157438468301e+03,2.050091410222986378e-05
1.449056210580101833e+03,2.020058775260741391e-05
1.458707114751445488e+03,1.989826119015739795e-05
1.468422295208722517e+03,1.959392109320032233e-05
1.478202180040417716e+03,1.928755405133259434e-05
1.488047200186137388e+03,1.897914656483568613e-05
1.497957789455606417e+03,1.866868504408105347e-05
1.507934384547779246e+03,1.835615580893142909e-05
1.517977425070078198e+03,1.804154508813819263e-05
1.528087353557774122e+03,1.772483901873422423e-05
1.538264615493475276e+03,1.740602364542339703e-05
1.548509659326766723e+03,1.708508491996535344e-05
1.558822936493966608e+03,1.676200870055660864e-05
1.569204901438013394e+03,1.643678075120756125e-05
1.579656011628499755e+03,1.610938674111490971e-05
1.590176727581825617e+03,1.583320954534241104e-05
1.600767512881485800e+03,1.560861240002787842e-05
1.611428834198508412e+03,1.538251940830599721e-05
1.622161161312005333e+03,1.515492060764382916e-05
1.632964967129883462e+03,1.492580596915655566e-05
1.643840727709678504e+03,1.469516539716566702e-05
1.654788922279526787e+03,1.446298872875422274e-05
1.665810033259293277e+03,1.422926573331878294e-05
1.676904546281816010e+03,1.399398611211888001e-05
1.688072950214315824e+03,1.375713949782300049e-05
1.699315737179934331e+03,1.351871545405181914e-05
1.710633402579411268e+03,1.327870347491849216e-05
1.722026445112926467e+03,1.303709298456546060e-05
1.733495366802067792e+03,1.279387333669857885e-05
1.745040673011947547e+03,1.254903381411810232e-05
1.756662872473482366e+03,1.230256362824618202e-05
1.768362477305797256e+03,1.205445191865177049e-05
1.780140003038802433e+03,1.181756871396339288e-05
1.791995968635905228e+03,1.164913890261586312e-05
1.803930896516871144e+03,1.147958732666251374e-05
1.815945312580855898e+03,1.130890651500410162e-05
1.828039746229572074e+03,1.113708894678289560e-05
1.840214730390611749e+03,1.096412705105133248e-05
1.852470801540942148e+03,1.079001320643824540e-05
1.864808499730529093e+03,1.061473974081325236e-05
1.877228368606148251e+03,1.043829893094848696e-05
1.889730955435333954e+03,1.026068300217837734e-05
1.902316811130488077e+03,1.008188412805714508e-05
1.914986490273167192e+03,9.901894430013768021e-06
1.927740551138513865e+03,9.720705977004911872e-06
1.940579555719849623e+03,9.538310785165547785e-06
1.953504069753453678e+03,9.354700817456937305e-06
1.966514662743475128e+03,9.169867983312721683e-06
1.979611907987040922e+03,8.983804138282234600e-06
1.992796382599511844e+03,8.796501083671697324e-06
2.006068667539906755e+03,8.658806601149451044e-06
2.019429347636514194e+03,8.532097368085334119e-06
2.032879011612654722e+03,8.404544234931612479e-06
2.046418252112618120e+03,8.276141581203183943e-06
2.060047665727790445e+03,8.146883748981705893e-06
2.073767853022926829e+03,8.016765042666433751e-06
2.087579418562627325e+03,7.885779728723124840e-06
2.101482970937972823e+03,7.753922035431437914e-06
2.115479122793333772e+03,7.621186152630680123e-06
2.129568490853378535e+03,7.487566231463669334e-06
2.143751695950242720e+03,7.353056384119067553e-06
2.158029363050878146e+03,7.217650683572007580e-06
2.172402121284608256e+03,7.081343163322769792e-06
2.186870603970830871e+03,6.944127817134050309e-06
2.201435448646940586e+03,6.805998598766157322e-06
2.216097297096413968e+03,6.666949421710654803e-06
2.230856795377083927e+03,6.526974158922220675e-06
2.245714593849621906e+03,6.408359801143368477e-06
2.260671347206176961e+03,6.314048046157198339e-06
2.275727714499240392e+03,6.219108162529120363e-06
2.290884359170680909e+03,6.123535966840083178e-06
2.306141949080968516e+03,6.027327247808966578e-06
2.321501156538618488e+03,5.930477766106922914e-06
2.336962658329809983e+03,5.832983254170613951e-06
2.352527135748198361e+03,5.734839416014220378e-06
2.368195274624954436e+03,5.636041927040031688e-06
2.383967765358964698e+03,5.536586433848009450e-06
2.399845302947268920e+03,5.436468554043861508e-06
2.415828587015680114e+03,5.335683876045964205e-06
2.431918321849601398e+03,5.234227958891043710e-06
2.448115216425077961e+03,5.132096332038368256e-06
2.464419984440027292e+03,5.029284495172828226e-06
2.480833344345681780e+03,4.925787918006668614e-06
2.497356019378262772e+03,4.821602040079761193e-06
2.513988737590828805e+03,4.721180707435380233e-06
2.530732231885376223e+03,4.651341625820889650e-06
2.547587240045123508e+03,4.581037406774759237e-06
2.564554504767015260e+03,4.510264952420785387e-06
2.581634773694461273e+03,4.439021144250479311e-06
2.598828799450276165e+03,4.367302842985667283e-06
2.616137339669831817e+03,4.295106888440211670e-06
2.633561157034462212e+03,4.222430099380673157e-06
2.651101019305048794e+03,4.149269273386225054e-06
2.668757699355867317e+03,4.075621186707469847e-06
2.686531975208639324e+03,4.001482594124411248e-06
2.704424630066803729e+03,3.926850228803499604e-06
2.722436452350045329e+03,3.851720802153611728e-06
2.740568235729027492e+03,3.776091003681176503e-06
2.758820779160355414e+03,3.699957500844335713e-06
2.777194886921802208e+03,3.623316938906017707e-06
2.795691368647723721e+03,3.546165940786214432e-06
2.814311039364755743e+03,3.468501106913083205e-06
2.833054719527718589e+03,3.411216215915212856e-06
2.851923235055759505e+03,3.359419371628434962e-06
2.870917417368768383e+03,3.307277553573935837e-06
2.890038103423987195e+03,3.254788464181255128e-06
2.909286135752913196e+03,3.201949790577780001e-06
2.928662362498412676e+03,3.148759204486869943e-06
2.948167637452086183e+03,3.095214362125276842e-06
2.967802820091907051e+03,3.041312904099826869e-06
2.987568775620084125e+03,2.987052455303478950e-06
3.007466375001177312e+03,2.932430624810691205e-06
3.027496495000496907e+03,2.877445005772013635e-06
3.047660018222713461e+03,2.822093175308092951e-06
3.067957833150767783e+03,2.766372694402861304e-06
3.088390834185015137e+03,2.710281107796080831e-06
3.108959921682624099e+03,2.653815943875187294e-06
3.129666001997269632e+03,2.596974714566324370e-06
3.150509987519060360e+03,2.539754915224740979e-06
3.171492796714733686e+03,2.490923402377506623e-06
3.192615354168148315e+03,2.453088537770665401e-06
3.213878590620999148e+03,2.415001688009638753e-06
3.235283443013854139e+03,2.376661174840284237e-06
3.256830854527425799e+03,2.338065308831072356e-06
3.278521774624125555e+03,2.299212389298651843e-06
3.300357159089918241e+03,2.260100704232881314e-06
3.322337970076428064e+03,2.220728530221409034e-06
3.344465176143326062e+03,2.181094132373745729e-06
3.366739752301029966e+03,2.141195764244783438e-06
3.389162680053641452e+03,2.101031667757882809e-06
3.411734947442218072e+03,2.060600073127368730e-06
3.434457549088301221e+03,2.019899198780556720e-06
3.457331486237730132e+03,1.978927251279278284e-06
3.480357766804784205e+03,1.937682425240810811e-06
3.503537405416583624e+03,1.896162903258344998e-06
3.526871423457786477e+03,1.854366855820927525e-06
3.550360849115622386e+03,1.813703689501505162e-06
3.574006717425167608e+03,1.786109079352212967e-06
3.597810070314977111e+03,1.758330685484765842e-06
3.621771956652989047e+03,1.730367283875522258e-06
3.645893432292726175e+03,1.702217642348697869e-06
3.670175560119846523e+03,1.673880520522040631e-06
3.694619410098964636e+03,1.645354669752192940e-06
3.719226059320789773e+03,1.616638833079679811e-06
3.743996592049610172e+03,1.587731745173495132e-06
3.768932099771041067e+03,1.558632132275380873e-06
3.794033681240147871e+03,1.529338712143666259e-06
3.819302442529847212e+03,1.499850193996785076e-06
3.844739497079634475e+03,1.470165278456410322e-06
3.870345965744674686e+03,1.440282657490166618e-06
3.896122976845158973e+03,1.410201014354028790e-06
3.922071666216049380e+03,1.379919023534272795e-06
3.948193177257119260e+03,1.349435350689076826e-06
3.974488660983321552e+03,1.318748652589743150e-06
4.000959276075531307e+03,1.296003655846668281e-06
4.027606188931590623e+03,1.275837142022183135e-06
4.054430573717691459e+03,1.255536316574059754e-06
4.081433612420142254e+03,1.235100284969285861e-06
4.108616494897420125e+03,1.214528146717153370e-06
4.135980418932625071e+03,1.193818995329560707e-06
4.163526590286253850e+03,1.172971918281073507e-06
4.191256222749309018e+03,1.151985996968731427e-06
4.219170538196815869e+03,1.130860306671546409e-06
4.247270766641645423e+03,1.109593916509768875e-06
4.275558146288704847e+03,1.088185889403875866e-06
4.304033923589522601e+03,1.066635282033261884e-06
4.332699353297142807e+03,1.044941144794693199e-06
4.361555698521441627e+03,1.023102521760445146e-06
4.390604230784771971e+03,1.001118450636189132e-06
4.419846230077978362e+03,9.789879627186016022e-07
4.449282984916826535e+03,9.567100828526560035e-07
4.478915792398765916e+03,9.375287747219919363e-07
4.508745958260071347e+03,9.229425054695659615e-07
4.538774796933408652e+03,9.082590897532914790e-07
4.569003631605721239e+03,8.934778805649988386e-07
4.599433794276565095e+03,8.785982265873514553e-07
4.630066625816784835e+03,8.636194721651560629e-07
4.660903476027589022e+03,8.485409572764747609e-07
4.691945703700052945e+03,8.333620175035314445e-07
4.723194676674977018e+03,8.180819840034400401e-07
4.754651771903148074e+03,8.027001834787401465e-07
4.786318375506043594e+03,7.872159381477131887e-07
4.818195882836872443e+03,7.716285657145347770e-07
4.850285698542093087e+03,7.559373793391936023e-07
4.882589236623294710e+03,7.401416876072341486e-07
4.915107920499485772e+03,7.242407944992971766e-07
4.947843183069847328e+03,7.082339993604361671e-07
4.980796466776856505e+03,6.921205968692511221e-07
5.013969223669832900e+03,6.762594928614432066e-07
5.047362915468951542e+03,6.657343189032919356e-07
5.080979013629618748e+03,6.551390459079100046e-07
5.114818999407339106e+03,6.444732070065258989e-07
5.148884363922973534e+03,6.337363322209609762e-07
5.183176608228429359e+03,6.229279484429244878e-07
5.217697243372835146e+03,6.120475794131567682e-07
5.252447790469082975e+03,6.010947457004557469e-07
5.287429780760895483e+03,5.900689646805386057e-07
5.322644755690274906e+03,5.789697505147830514e-07
5.358094266965415045e+03,5.677966141288222645e-07
5.393779876629107093e+03,5.565490631909845219e-07
5.429703157127548366e+03,5.452266020906058716e-07
5.465865691379619420e+03,5.338287319161947877e-07
5.502269072846671406e+03,5.223549504334367367e-07
5.538914905602691761e+03,5.108047520630782531e-07
5.575804804405029245e+03,4.991776278586366320e-07
5.612940394765528254e+03,4.874730654839784376e-07
5.650323313022136063e+03,4.787365048937115910e-07
5.687955206411043946e+03,4.711329811450831100e-07
5.725837733139252123e+03,4.634788169323176886e-07
5.763972562457618551e+03,4.557736749832931761e-07
5.802361374734453420e+03,4.480172157796063916e-07
5.841005861529517460e+03,4.402090975416217210e-07
5.879907725668597777e+03,4.323489762134028784e-07
5.919068681318525705e+03,4.244365054475555683e-07
5.958490454062688514e+03,4.164713365899709932e-07
5.998174780977105002e+03,4.084531186644535820e-07
6.038123410706944014e+03,4.003814983572615270e-07
6.078338103543567740e+03,3.922561200015395359e-07
6.118820631502127981e+03,3.840766255616409931e-07
6.159572778399608978e+03,3.758426546173588533e-07
6.200596339933466879e+03,3.675538443480368914e-07
6.241893123760738490e+03,3.592098295165857674e-07
6.283464949577672996e+03,3.508102424533933709e-07
6.325313649199956672e+03,3.434984125488033755e-07
6.367441066643405975e+03,3.380527628217341377e-07
6.409849058205205438e+03,3.325708443541689967e-07
6.452539492545747635e+03,3.270524155915439669e-07
6.495514250770924264e+03,3.214972333705129982e-07
6.538775226515054783e+03,3.159050529082281384e-07
6.582324326024313450e+03,3.102756277915554808e-07
6.626163468240703878e+03,3.046087099662199075e-07
6.670294584886653865e+03,2.989040497258697348e-07
6.714719620550117725e+03,2.931613957010761380e-07
6.759440532770236132e+03,2.873804948482599954e-07
6.804459292123647174e+03,2.815610924385350348e-07
6.849777882311259418e+03,2.757029320464906825e-07
6.895398300245710743e+03,2.698057555388867670e-07
6.941322556139335575e+03,2.638693030632825785e-07
6.987552673592728752e+03,2.578933130365880538e-07
7.034090689683956953e+03,2.518775221335321108e-07
7.080938655058263066e+03,2.458892001322492624e-07
7.128098634018480880e+03,2.420068437520410252e-07
7.175572704615969087e+03,2.380986303697981218e-07
7.223362958742160117e+03,2.341643877745013101e-07
7.271471502220778348e+03,2.302039426081814775e-07
7.319900454900609475e+03,2.262171203582828452e-07
7.368651950748890158e+03,2.222037453499748469e-07
7.417728137945385242e+03,2.181636407384072567e-07
7.467131178976990668e+03,2.140966285009221975e-07
7.516863250733067616e+03,2.100025294292060369e-07
7.566926544601349633e+03,2.058811631213940337e-07
7.617323266564474579e+03,2.017323479741233432e-07
7.668055637297235990e+03,1.975559011745271258e-07
7.719125892264413778e+03,1.933516386921807995e-07
7.770536281819253418e+03,1.891193752709949811e-07
7.822289071302675438e+03,1.848589244210480510e-07
7.874386541143041541e+03,1.805700984103733741e-07
7.926830986956683773e+03,1.762527082566832063e-07
7.979624719649042163e+03,1.729882779319380336e-07
8.032770065516466275e+03,1.701958033223956663e-07
8.086269366348766198e+03,1.673847304661732775e-07
8.140124979532380166e+03,1.645549354965113999e-07
8.194339278154224303e+03,1.617062937216830391e-07
8.248914651106319070e+03,1.588386796194960590e-07
8.303853503190979609e+03,1.559519668317662122e-07
8.359158255226851907e+03,1.530460281587454904e-07
8.414831344155545594e+03,1.501207355535191595e-07
8.470875223148999794e+03,1.471759601163644145e-07
8.527292361717622043e+03,1.442115720890681386e-07
8.584085245819085685e+03,1.412274408492104896e-07
8.641256377967836670e+03,1.382234349044107927e-07
8.698808277345437091e+03,1.351994218865296539e-07
8.756743479911488976e+03,1.321552685458406314e-07
8.815064538515442109e+03,1.290908407451552948e-07
8.873774023009060329e+03,1.260060034539139528e-07
8.932874520359633607e+03,1.232957507330275940e-07
8.992368634764021408e+03,1.213234753255144801e-07
9.052258987763343612e+03,1.193380643054433897e-07
9.112548218358557278e+03,1.173394301879136381e-07
9.173238983126704625e+03,1.153274849053639437e-07
9.234333956337957716e+03,1.133021398036921696e-07
9.295835830073499892e+03,1.112633056383475637e-07
9.357747314344134793e+03,1.092108925703987527e-07
9.420071137209661174e+03,1.071448101625763109e-07
9.482810044899149943e+03,1.050649673752856178e-07
9.545966801931879672e+03,1.029712725625976127e-07
9.609544191239221618e+03,1.008636334682083022e-07
9.673545014287232334e+03,9.874195722137472219e-08
9.737972091200066643e+03,9.660615033282359697e-08
9.802828260884311021e+03,9.445611869062979597e-08
9.868116381154037299e+03,9.229176755607046480e-08
9.933839328856707652e+03,9.011300155945136301e-08
1.000000000000000000e+04,8.791972469590241762e-08
