1.020343390730452521e-01,1.911998580504620904e+00
1.024228117478227645e-01,1.929727922913690774e+00
1.028127634444709615e-01,1.947524765785156875e+00
1.032041997940311706e-01,1.965389366111766734e+00
1.035971264489836674e-01,1.983321981864709871e+00
1.039915490833292488e-01,2.001322871997343267e+00
1.043874733926712095e-01,2.019392296448930146e+00
1.047849050942975396e-01,2.037530516148393200e+00
1.051838499272635119e-01,2.055737793018082016e+00
1.055843136524745873e-01,2.074014389977559603e+00
1.059863020527695293e-01,2.092360570947392695e+00
1.063898209330040034e-01,2.110776600852967810e+00
1.067948761201342744e-01,2.129262745628312192e+00
1.072014734633014721e-01,2.147819272219939180e+00
1.076096188339160376e-01,2.029399563185071198e+00
1.080193181257424334e-01,1.864921565150274851e+00
1.084305772549842978e-01,1.699817354328503782e+00
1.088434021603699176e-01,1.534084546556155670e+00
1.092577988032379099e-01,1.367720748592478941e+00
1.096737731676233479e-01,1.200723558084995091e+00
1.100913312603441496e-01,1.033090563534818207e+00
1.105104791110878837e-01,8.648193442618065108e-01
1.109312227724987276e-01,8.366201381085665023e-01
1.113535683202649951e-01,8.433252158858159930e-01
1.117775218532067460e-01,8.500558217306000142e-01
1.122030894933639666e-01,8.568120528352638487e-01
1.126302773860849149e-01,8.635940067621901139e-01
1.130590917001148415e-01,8.704017814452080781e-01
1.134895386276851686e-01,8.772354751910088622e-01
1.139216243846027654e-01,8.840951866805627501e-01
1.143553552103398069e-01,8.909810149705462701e-01
1.147907373681238824e-01,8.978930594947719390e-01
1.152277771450283539e-01,9.048314200656237816e-01
1.156664808520632137e-01,9.117961968754986213e-01
1.161068548242662340e-01,9.187874904982543667e-01
1.165489054207943104e-01,9.258054018906589633e-01
1.169926390250154852e-01,9.328500323938525574e-01
1.174380620446009993e-01,9.399214837348076612e-01
1.178851809116178567e-01,9.470198580277997547e-01
1.183340020826217087e-01,9.541452577758809950e-01
1.187845320387500569e-01,9.612977858723609215e-01
1.192367772858159009e-01,9.684775456022919338e-01
1.196907443544016209e-01,9.756846406439608765e-01
1.201464397999533473e-01,9.829191750703866193e-01
1.206038702028755516e-01,9.901812533508218550e-01
1.210630421686261227e-01,9.974709803522628926e-01
1.215239623278117631e-01,1.004788461340963224e+00
1.219866373362836764e-01,1.012133801983954084e+00
1.224510738752337263e-01,1.019507108350569347e+00
1.229172786512909149e-01,1.026908486913978846e+00
1.233852583966181943e-01,1.034338044552723712e+00
1.238550198690097082e-01,1.041795888552262239e+00
1.243265698519884083e-01,1.049282126606516874e+00
1.247999151549039204e-01,1.056796866819430525e+00
1.252750626130310074e-01,1.064340217706528424e+00
1.257520190876681154e-01,1.071912288196482876e+00
1.262307914662365305e-01,1.079513187632686888e+00
1.267113866623799379e-01,1.087143025774836236e+00
1.271938116160640508e-01,1.094801912800509758e+00
1.276780732936770024e-01,1.102489959306763190e+00
1.281641786881298206e-01,1.110207276311725222e+00
1.286521348189574865e-01,1.117819198037066419e+00
1.291419487324202697e-01,1.123049750407011604e+00
1.296336275016055084e-01,1.128300216922412114e+00
1.301271782265296939e-01,1.133570673401873785e+00
1.306226080342410278e-01,1.138861195952664662e+00
1.311199240789223119e-01,1.144171860971813670e+00
1.316191335419943376e-01,1.149502745147215732e+00
1.321202436322194973e-01,1.154853925458735775e+00
1.326232615858058961e-01,1.160225479179322727e+00
1.331281946665119342e-01,1.165617483876125737e+00
1.336350501657510570e-01,1.171030017411611723e+00
1.341438354026971425e-01,1.176463157944692250e+00
1.346545577243901948e-01,1.181916983931851295e+00
1.351672245058423705e-01,1.187391574128278338e+00
1.356818431501445321e-01,1.192887007589004567e+00
1.361984210885731905e-01,1.198403363670046629e+00
1.367169657806975858e-01,1.203940722029548827e+00
1.372374847144878507e-01,1.209499162628939528e+00
1.377599854064226192e-01,1.215078765734078914e+00
1.382844754015980504e-01,1.220679611916423823e+00
1.388109622738362969e-01,1.226301782054185718e+00
1.393394536257953065e-01,1.231945357333503965e+00
1.398699570890784005e-01,1.237610419249615568e+00
1.404024803243444364e-01,1.243297049608030669e+00
1.409370310214185795e-01,1.249005330525717161e+00
1.414736168994032151e-01,1.254735344432284183e+00
1.420122457067894972e-01,1.260487174071172056e+00
1.425529252215691767e-01,1.266260902500849550e+00
1.430956632513469551e-01,1.272056613096010702e+00
1.436404676334532282e-01,1.277874389548779854e+00
1.441873462350572732e-01,1.283714315869920686e+00
1.447363069532808522e-01,1.289576476390049020e+00
1.452873577153121210e-01,1.295460955760849409e+00
1.458405064785203709e-01,1.301367838956300149e+00
1.463957612305706590e-01,1.307297211273896753e+00
1.469531299895393273e-01,1.313249158335887401e+00
1.475126208040296871e-01,1.319223766090506622e+00
1.480742417532883437e-01,1.325221120813217857e+00
1.486380009473217967e-01,1.331241309107959125e+00
1.492039065270134579e-01,1.337284417908392031e+00
1.497719666642415015e-01,1.343350534479160308e+00
1.503421895619964643e-01,1.349439746417146369e+00
1.509145834545001508e-01,1.355552141652739850e+00
1.514891566073240659e-01,1.361687808451103265e+00
1.520659173175091528e-01,1.367846835413449869e+00
1.526448739136854749e-01,1.374056903663082752e+00
1.532260347561923697e-01,1.385473992246949226e+00
1.538094082371993798e-01,1.396934548814052324e+00
1.543950027808272674e-01,1.408438738858909245e+00
1.549828268432697220e-01,1.419986728506119844e+00
1.555728889129155690e-01,1.431578684512767374e+00
1.561651975104711432e-01,1.443214774270823453e+00
1.567597611890835241e-01,1.454895165809567903e+00
1.573565885344639093e-01,1.466620027798012815e+00
1.579556881650116817e-01,1.478389529547340375e+00
1.585570687319388383e-01,1.490203841013346908e+00
1.591607389193948896e-01,1.502063132798896472e+00
1.597667074445922875e-01,1.513967576156384887e+00
1.603749830579322688e-01,1.525917342990212422e+00
1.609855745431313656e-01,1.537912605859269366e+00
1.615984907173478868e-01,1.549953537979419149e+00
1.622137404313097886e-01,1.562040313226012112e+00
1.628313325694418223e-01,1.574173106136383282e+00
1.634512760499945705e-01,1.586352091912385909e+00
1.640735798251724553e-01,1.598577446422907888e+00
1.646982528812637181e-01,1.610849346206424393e+00
1.653253042387695937e-01,1.623167968473535172e+00
1.659547429525350115e-01,1.635533491109533166e+00
1.665865781118791022e-01,1.647946092676968011e+00
1.672208188407265650e-01,1.660405952418226638e+00
1.678574742977393119e-01,1.672913250258118989e+00
1.684965536764488625e-01,1.685468166806480150e+00
1.691380662053889872e-01,1.698070883360774719e+00
1.697820211482290176e-01,1.710721581908717814e+00
1.704284278039076561e-01,1.723420445130901202e+00
1.710772955067671186e-01,1.736167656403430515e+00
1.717286336266881097e-01,1.748963399800575802e+00
1.723824515692249648e-01,1.761807860097427181e+00
1.730387587757416246e-01,1.774701222772566256e+00
1.736975647235478037e-01,1.787643674010739758e+00
1.743588789260359651e-01,1.798256691139831220e+00
1.750227109328186537e-01,1.807014877022115495e+00
1.756890703298664980e-01,1.815806407716811677e+00
1.763579667396462936e-01,1.824631410176751345e+00
1.770294098212605582e-01,1.833490011838114997e+00
1.777034092705862545e-01,1.842382340622261472e+00
1.783799748204156488e-01,1.851308524937588684e+00
1.790591162405960335e-01,1.860268693681373486e+00
1.797408433381713355e-01,1.869262976241643504e+00
1.804251659575236422e-01,1.878291502499041865e+00
1.811120939805151708e-01,1.887354402828702149e+00
1.818016373266312380e-01,1.896451808102132652e+00
1.824938059531232282e-01,1.905583849689103770e+00
1.831886098551525899e-01,1.914750659459548476e+00
1.838860590659350813e-01,1.923952369785463912e+00
1.845861636568855990e-01,1.933189113542823190e+00
1.852889337377637280e-01,1.942461024113494750e+00
1.859943794568196807e-01,1.951768235387168815e+00
1.867025110009408184e-01,1.961110881763290514e+00
1.874133385957987841e-01,1.970489098152999885e+00
1.881268725059971336e-01,1.979903019981080758e+00
1.888431230352196344e-01,1.989352783187916529e+00
1.895621005263788683e-01,1.998838524231451697e+00
1.902838153617659456e-01,2.008360380089166064e+00
1.910082779631998851e-01,2.017918488260046495e+00
1.917354987921787990e-01,2.027512986766580649e+00
1.924654883500302172e-01,2.037144014156741179e+00
1.931982571780634650e-01,2.046811709505994781e+00
1.939338158577211535e-01,2.056516212419302381e+00
1.946721750107326676e-01,2.066257663033143732e+00
1.954133452992669329e-01,2.076036202017532251e+00
1.961573374260869862e-01,2.085851970578054271e+00
1.969041621347039084e-01,2.095705110457902087e+00
1.976538302095324773e-01,2.105595763939923426e+00
1.984063524760465991e-01,2.115524073848677133e+00
1.991617398009357665e-01,2.125490183552493750e+00
1.999200030922618776e-01,2.135494236965544079e+00
2.006811532996169156e-01,2.057953148643937080e+00
2.014452014142808223e-01,1.876643084580172260e+00
2.022121584693804819e-01,1.694642723443956278e+00
2.029820355400488163e-01,1.511949437085280401e+00
2.037548437435848514e-01,1.328560587348039279e+00
2.045305942396142274e-01,1.144473526031941191e+00
2.053092982302503477e-01,9.596855948542687420e-01
2.060909669602561112e-01,7.741941254114979021e-01
2.068756117172061981e-01,5.879964391407876967e-01
2.076632438316504403e-01,4.010898472812132187e-01
2.084538746772768292e-01,2.134716508350816278e-01
2.092475156710764950e-01,1.881170427396529343e-01
2.100441782735077700e-01,1.893765593207658304e-01
2.108438739886625279e-01,1.906408712264690275e-01
2.116466143644313846e-01,1.919099967138762353e-01
2.124524109926714532e-01,1.931839541096117829e-01
2.132612755093726831e-01,1.944627618100736310e-01
2.140732195948269745e-01,1.957464382817007131e-01
2.148882549737958503e-01,1.970350020612380848e-01
2.157063934156804308e-01,1.983284717560056531e-01
2.165276467346911315e-01,1.996268660441663234e-01
2.173520267900182767e-01,2.009302036749959219e-01
2.181795454860034345e-01,2.022385034691539518e-01
2.190102147723111958e-01,2.035517843189552367e-01
2.198440466441018426e-01,2.048700651886428969e-01
2.206810531422044863e-01,2.061933651146620472e-01
2.215212463532909848e-01,2.075217032059347988e-01
2.223646384100504969e-01,2.088550986441362056e-01
2.232112414913646481e-01,2.101935706839712092e-01
2.240610678224832231e-01,2.115371386534524167e-01
2.249141296752012742e-01,2.128858219541800711e-01
2.257704393680354527e-01,2.142396400616208285e-01
2.266300092664028376e-01,2.155986125253905872e-01
2.274928517827986274e-01,2.169627589695352909e-01
2.283589793769761900e-01,2.183320990928156180e-01
2.292284045561261696e-01,2.197066526689901989e-01
2.301011398750579529e-01,2.210864395471024701e-01
2.309771979363800520e-01,2.224714796517658633e-01
2.318565913906830422e-01,2.238617929834529896e-01
2.327393329367212771e-01,2.252573996187830496e-01
2.336254353215972690e-01,2.266583197108132108e-01
2.345149113409447372e-01,2.280645734893280430e-01
2.354077738391142094e-01,2.294761812611329777e-01
2.363040357093580401e-01,2.308931634103468522e-01
2.372037098940167898e-01,2.323155403986964240e-01
2.381068093847060196e-01,2.337433327658118565e-01
2.390133472225039191e-01,2.351765611295233149e-01
2.399233364981396832e-01,2.366152461861587841e-01
2.408367903521824449e-01,2.381479970160410853e-01
2.417537219752310951e-01,2.397144165775235702e-01
2.426741446081047970e-01,2.412867999272994002e-01
2.435980715420341114e-01,2.428651697711439184e-01
2.445255161188527593e-01,2.444495489012794842e-01
2.454564917311909678e-01,2.460399601967052929e-01
2.463910118226677326e-01,2.476364266235262790e-01
2.473290898880862176e-01,2.492389712352865161e-01
2.482707394736274609e-01,2.508476171733003968e-01
2.492159741770470227e-01,2.524623876669885303e-01
2.501648076478703020e-01,2.540833060342113092e-01
2.511172535875906831e-01,2.557103956816074164e-01
2.520733257498665170e-01,2.573436801049305278e-01
2.530330379407204067e-01,2.589831828893895405e-01
2.539964040187379646e-01,2.606289277099881341e-01
2.549634378952684299e-01,2.622809383318676080e-01
2.559341535346252861e-01,2.639392386106495514e-01
2.569085649542880434e-01,2.656038524927805677e-01
2.578866862251044667e-01,2.672748040158776095e-01
2.588685314714941343e-01,2.689521173090759221e-01
2.598541148716518312e-01,2.706358165933763216e-01
2.608434506577529399e-01,2.723259261819963584e-01
2.618365531161583881e-01,2.740224704807200373e-01
2.628334365876212608e-01,2.757254739882512018e-01
2.638341154674939126e-01,2.774349612965668066e-01
2.648386042059356349e-01,2.791509570912723004e-01
2.658469173081215442e-01,2.808734861519581183e-01
2.668590693344516374e-01,2.826025733525568406e-01
2.678750749007619003e-01,2.843382436617038489e-01
2.688949486785341403e-01,2.860805221430958722e-01
2.699187053951090931e-01,2.878294339558548631e-01
2.709463598338980872e-01,2.895850043548899855e-01
2.719779268345973722e-01,2.913472586912631557e-01
2.730134212934014482e-01,2.931162224125540283e-01
2.740528581632192817e-01,2.948919210632291454e-01
2.750962524538890785e-01,2.966743802850086986e-01
2.761436192323962202e-01,2.984636258172390089e-01
2.771949736230897021e-01,3.002596834972623419e-01
2.782503308079012916e-01,3.020625792607911642e-01
2.793097060265646303e-01,3.038723391422823439e-01
2.803731145768350030e-01,3.056889892753129057e-01
2.814405718147104940e-01,3.075125558929575065e-01
2.825120931546537539e-01,3.093430653281676879e-01
2.835876940698144888e-01,3.111805440141512391e-01
2.846673900922527811e-01,3.130250184847547246e-01
2.857511968131637436e-01,3.148765153748462331e-01
2.868391298831022285e-01,3.167350614206999593e-01
2.879312050122093125e-01,3.186077880893505854e-01
2.890274379704384500e-01,3.205923407832296790e-01
2.901278445877841783e-01,3.225844492127588059e-01
2.912324407545096028e-01,3.245841421446923891e-01
2.923412424213769345e-01,3.265914484553090191e-01
2.934542655998766958e-01,3.286063971308257337e-01
2.945715263624603120e-01,3.306290172678197359e-01
2.956930408427706491e-01,3.326593380736453387e-01
2.968188252358763823e-01,3.346973888668582919e-01
2.979488957985048092e-01,3.367431990776373341e-01
2.990832688492774394e-01,3.387967982482109064e-01
3.002219607689448622e-01,3.408582160332817024e-01
3.013649880006238901e-01,3.429274822004568235e-01
3.025123670500347584e-01,3.450046266306764364e-01
3.036641144857394892e-01,3.470896793186457607e-01
3.048202469393810898e-01,3.491826703732678339e-01
3.059807811059239713e-01,3.512836300180790516e-01
3.071457337438945334e-01,3.533925885916843757e-01
3.083151216756238600e-01,3.555095765481969261e-01
3.094889617874899135e-01,3.576346244576762423e-01
3.106672710301620066e-01,3.597677630065710952e-01
3.118500664188450511e-01,3.619090229981613560e-01
3.130373650335255831e-01,3.640584353530038619e-01
3.142291840192185659e-01,3.662160311093785592e-01
3.154255405862141926e-01,3.683818414237359229e-01
3.166264520103275193e-01,3.705558975711484848e-01
3.178319356331470447e-01,3.727382309457610288e-01
3.190420088622854533e-01,3.749288730612443388e-01
3.202566891716310815e-01,3.771278555512507791e-01
3.214759941016001044e-01,3.793352101698704293e-01
3.226999412593898886e-01,3.815509687920899395e-01
3.239285483192331783e-01,3.837751634142527735e-01
3.251618330226532794e-01,3.860078261545210609e-01
3.263998131787205770e-01,3.882489892533399489e-01
3.276425066643092743e-01,3.904986850739025628e-01
3.288899314243557415e-01,3.927569461026175213e-01
3.301421054721177528e-01,3.950238049495782278e-01
3.313990468894343344e-01,3.972992943490334938e-01
3.326607738269871106e-01,3.995834471598604387e-01
3.339273045045623722e-01,4.018762963660390541e-01
3.351986572113140883e-01,4.042464221543611846e-01
3.364748503060279172e-01,4.067744690049994172e-01
3.377559022173866055e-01,4.093121408223982516e-01
3.390418314442359415e-01,4.118594742514425922e-01
3.403326565558517647e-01,4.144165060765339081e-01
3.416283961922083612e-01,4.169832732221224192e-01
3.429290690642473605e-01,4.195598127532393917e-01
3.442346939541482409e-01,4.221461618760333212e-01
3.455452897155992242e-01,4.247423579383062253e-01
3.468608752740698353e-01,4.273484384300538230e-01
3.481814696270840170e-01,4.299644409840063797e-01
3.495070918444942443e-01,4.325904033761719947e-01
3.508377610687575254e-01,4.352263635263828867e-01
3.521734965152111818e-01,4.378723594988420120e-01
3.535143174723506254e-01,4.405284295026733465e-01
3.548602433021080249e-01,4.431946118924736111e-01
3.562112934401314712e-01,4.458709451688657732e-01
3.575674873960660860e-01,4.485574679790552688e-01
3.589288447538354632e-01,4.512542191173880557e-01
3.602953851719246092e-01,4.539612375259109434e-01
3.616671283836636608e-01,4.566785622949332546e-01
3.630440941975131008e-01,4.594062326635925952e-01
3.644263024973495302e-01,4.621442880204200687e-01
3.658137732427529931e-01,4.648927679039100425e-01
3.672065264692950248e-01,4.676517120030906915e-01
3.686045822888281975e-01,4.704211601580971513e-01
3.700079608897762773e-01,4.732011523607468351e-01
3.714166825374259351e-01,4.759917287551169718e-01
3.728307675742194016e-01,4.787929296381243649e-01
3.742502364200481213e-01,4.816047954601072045e-01
3.756751095725476275e-01,4.844273668254091003e-01
3.771054076073936390e-01,4.872606844929656678e-01
3.785411511785989891e-01,4.901047893768928909e-01
3.799823610188121648e-01,4.929597225470779276e-01
3.814290579396162340e-01,4.958255252297721349e-01
3.828812628318299938e-01,4.994248805727756202e-01
3.843389966658090628e-01,5.031486454249405327e-01
3.858022804917491944e-01,5.068865876697904449e-01
3.872711354399896999e-01,5.106387612845417756e-01
3.887455827213191495e-01,5.144052204519178328e-01
3.902256436272812934e-01,5.181860195609302444e-01
3.917113395304824830e-01,5.219812132076638855e-01
3.932026918849007013e-01,5.257908561960668026e-01
3.946997222261948712e-01,5.296150035387399146e-01
3.962024521720162173e-01,5.334537104577325994e-01
3.977109034223201833e-01,5.373070323853396113e-01
3.992250977596799588e-01,5.411750249649016631e-01
4.007450570496008946e-01,5.450577440516086725e-01
4.022708032408363610e-01,5.489552457133068941e-01
4.038023583657046611e-01,5.528675862313081613e-01
4.053397445404070543e-01,5.567948221012024579e-01
4.068829839653472780e-01,5.607370100336740437e-01
4.084320989254522360e-01,5.646942069553203547e-01
4.099871117904935192e-01,5.686664700094741232e-01
4.115480450154104797e-01,5.726538565570280515e-01
4.131149211406349164e-01,5.766564241772641486e-01
4.146877627924156484e-01,5.806742306686830668e-01
4.162665926831463636e-01,5.847073340498418759e-01
4.178514336116927463e-01,5.887557925601889508e-01
4.194423084637222132e-01,5.928196646609070752e-01
4.210392402120340383e-01,5.968990090357562117e-01
4.226422519168912539e-01,6.009938845919217121e-01
4.242513667263537180e-01,6.051043504608647483e-01
4.258666078766121244e-01,6.092304659991758520e-01
4.274879986923239006e-01,6.118854520477101655e-01
4.291155625869497170e-01,6.139678725451924723e-01
4.307493230630916603e-01,6.160582213878572633e-01
4.323893037128328509e-01,6.181565287610866211e-01
4.340355282180777263e-01,6.202628249651859216e-01
4.356880203508943783e-01,6.223771404158224829e-01
4.373468039738575008e-01,6.244995056444638815e-01
4.390119030403932809e-01,6.266299512988199316e-01
4.406833415951251220e-01,6.287685081432846657e-01
4.423611437742208663e-01,6.309152070593800898e-01
4.440453338057414601e-01,6.330700790462030492e-01
4.457359360099905632e-01,6.352331552208722032e-01
4.474329747998660456e-01,6.374044668189778884e-01
4.491364746812123165e-01,6.395840451950326466e-01
4.508464602531739862e-01,6.417719218229240852e-01
4.525629562085517477e-01,6.439681282963699571e-01
4.542859873341583699e-01,6.461726963293735748e-01
4.560155785111768001e-01,6.483856577566823320e-01
4.577517547155194877e-01,6.506070445342474473e-01
4.594945410181890399e-01,6.528368887396847065e-01
4.612439625856400993e-01,6.550752225727383138e-01
4.630000446801431635e-01,6.573220783557460756e-01
4.647628126601487941e-01,6.595774885341052496e-01
4.665322919806544344e-01,6.618414856767420584e-01
4.683085081935713934e-01,6.641141024765813139e-01
4.700914869480942726e-01,6.663953717510189279e-01
4.718812539910711701e-01,6.686853264423952004e-01
4.736778351673754384e-01,6.709839996184714384e-01
4.754812564202789971e-01,6.732914244729070186e-01
4.772915437918268111e-01,6.756076343257380046e-01
4.791087234232130898e-01,6.779326626238594278e-01
4.809328215551588181e-01,6.802665429415081233e-01
4.827638645282904539e-01,6.826093089807465653e-01
4.846018787835205122e-01,6.849609945719505877e-01
4.864468908624293153e-01,6.875211283741384793e-01
4.882989274076483532e-01,6.906298857179264949e-01
4.901580151632444760e-01,6.937504789523715187e-01
4.920241809751069728e-01,6.968829531399515220e-01
4.938974517913347073e-01,7.000273535147091275e-01
4.957778546626251392e-01,7.031837254829051975e-01
4.976654167426654007e-01,7.063521146236748649e-01
4.995601652885239830e-01,7.095325666896856731e-01
5.014621276610444767e-01,7.127251276077976039e-01
5.033713313252408117e-01,7.159298434797272126e-01
5.052878038506937175e-01,7.191467605827127629e-01
5.072115729119488492e-01,7.223759253701828031e-01
5.091426662889163568e-01,7.256173844724261857e-01
5.110811118672722309e-01,7.288711846972669717e-01
5.130269376388609803e-01,7.321373730307390026e-01
5.149801717020993097e-01,7.354159966377643576e-01
5.169408422623827937e-01,7.387071028628356961e-01
5.189089776324923298e-01,7.420107392306984906e-01
5.208846062330034776e-01,7.453269534470384761e-01
5.228677565926966864e-01,7.486557933991694336e-01
5.248584573489692984e-01,7.519973071567259693e-01
5.268567372482489963e-01,7.553515429723559604e-01
5.288626251464090267e-01,7.587185492824192190e-01
5.308761500091849772e-01,7.620983747076859327e-01
5.328973409125928873e-01,7.654910680540385481e-01
5.349262270433486899e-01,7.688966783131765403e-01
5.369628376992908736e-01,7.723152546633252902e-01
5.390072022898022563e-01,7.757468464699440736e-01
5.410593503362355339e-01,7.791915032864406010e-01
5.431193114723392723e-01,7.826492748548858902e-01
5.451871154446856771e-01,7.861202111067325804e-01
5.472627921131004713e-01,7.896043621635361331e-01
5.493463714510936624e-01,7.931017783376781427e-01
5.514378835462928619e-01,7.966125101330935321e-01
5.535373586008773827e-01,8.001366082459994145e-01
5.556448269320146682e-01,8.036741235656275073e-01
5.577603189722977195e-01,8.072251071749585449e-01
5.598838652701848551e-01,8.107896103514600217e-01
5.620154964904408024e-01,8.143676845678272658e-01
5.641552434145793438e-01,8.179593814927260675e-01
5.663031369413079608e-01,8.209260084926357504e-01
5.684592080869739217e-01,8.233191959011519900e-01
5.706234879860122566e-01,8.257214948295963364e-01
5.727960078913953978e-01,8.281329399680209535e-01
5.749767991750842633e-01,8.305535661385520241e-01
5.771658933284815607e-01,8.329834082958935682e-01
5.793633219628864239e-01,8.354225015278317068e-01
5.815691168099504926e-01,8.378708810557405906e-01
5.837833097221368783e-01,8.403285822350926582e-01
5.860059326731796858e-01,8.427956405559681174e-01
5.882370177585456439e-01,8.452720916435675358e-01
5.904765971958978454e-01,8.477579712587263172e-01
5.927247033255607089e-01,8.502533152984312892e-01
5.949813686109873823e-01,8.527581597963388438e-01
5.972466256392279238e-01,8.552725409232954101e-01
5.995205071214005921e-01,8.577964949878598144e-01
6.018030458931634685e-01,8.603300584368274162e-01
6.040942749151891888e-01,8.628732678557565761e-01
6.063942272736406736e-01,8.654261599694966778e-01
6.087029361806488570e-01,8.679887716427189259e-01
6.110204349747925257e-01,8.705611398804483647e-01
6.133467571215792669e-01,8.731433018285982284e-01
6.156819362139294149e-01,8.757352947745065119e-01
6.180260059726603306e-01,8.783371561474740963e-01
6.203790002469741216e-01,8.809489235193060930e-01
6.227409530149459194e-01,8.835706346048528559e-01
6.251118983840144860e-01,8.862023272625559889e-01
6.274918705914753758e-01,8.888440394949946866e-01
6.298809040049748731e-01,8.914958094494345175e-01
6.322790331230055960e-01,8.941576754183770959e-01
6.346862925754062079e-01,8.968296758401151925e-01
6.371027171238603515e-01,8.995118492992862924e-01
6.395283416623986916e-01,9.022042345274299269e-01
6.419632012179035119e-01,9.049068704035478916e-01
6.444073309506136438e-01,9.076197959546642435e-01
6.468607661546327270e-01,9.103430503563901821e-01
6.493235422584386907e-01,9.130766729334884868e-01
6.517956948253952332e-01,9.158207031604428394e-01
6.542772595542658554e-01,9.185751806620267024e-01
6.567682722797286710e-01,9.213401452138759717e-01
6.592687689728945477e-01,9.049463730532182337e-01
6.617787857418260256e-01,8.828994808951582396e-01
6.642983588320588995e-01,8.607686501802854773e-01
6.668275246271259116e-01,8.385535613315228121e-01
6.693663196490814427e-01,8.162538935550797126e-01
6.719147805590296452e-01,7.938693248358125176e-01
6.744729441576535756e-01,7.713995319325778199e-01
6.770408473857464360e-01,7.488441903735656435e-01
6.796185273247450365e-01,7.262029744516139695e-01
6.822060211972658106e-01,7.034755572195006135e-01
6.848033663676413862e-01,6.846580433299908064e-01
6.874106003424608202e-01,6.846363839867513068e-01
6.900277607711110539e-01,6.846146421804598647e-01
6.926548854463205895e-01,6.845928175971571772e-01
6.952920123047051648e-01,6.845709099216882310e-01
6.979391794273156480e-01,6.845489188376986389e-01
7.005964250401877091e-01,6.845268440276291999e-01
7.032637875148943785e-01,6.845046851727116799e-01
7.059413053690992701e-01,6.844824419529647042e-01
7.086290172671136922e-01,6.844601140471878731e-01
7.113269620204545340e-01,6.844377011329584315e-01
7.140351785884045954e-01,6.844152028866258286e-01
7.167537060785753589e-01,6.843926189833074991e-01
7.194825837474718710e-01,6.843699490968837562e-01
7.222218510010591785e-01,6.843471928999934617e-01
7.249715473953318723e-01,6.843243500640289190e-01
7.277317126368849642e-01,6.843014202591315431e-01
7.305023865834873176e-01,6.842784031541866430e-01
7.332836092446571863e-01,6.842552984168192021e-01
7.360754207822401973e-01,6.740412530450535789e-01
7.388778615109889980e-01,6.576881387985537009e-01
7.416909718991454570e-01,6.412727637672049896e-01
7.445147925690253077e-01,6.247948909071463497e-01
7.473493642976046791e-01,6.082542822720254927e-01
7.501947280171082921e-01,5.916506990095660168e-01
7.530509248156014301e-01,5.749839013581136138e-01
7.559179959375830204e-01,5.582536486431745049e-01
7.587959827845807137e-01,5.414596992739439951e-01
7.616849269157495161e-01,5.246018107398121577e-01
7.645848700484713101e-01,5.081900001067354289e-01
7.674958540589573719e-01,5.104778909564866574e-01
7.704179209828534436e-01,5.127744924333276222e-01
7.733511130158462477e-01,5.150798377010012974e-01
7.762954725142732215e-01,5.173939600495141011e-01
7.792510419957338064e-01,5.197168928956168443e-01
7.822178641397037335e-01,5.220486697832867895e-01
7.851959817881511983e-01,5.243893243842127072e-01
7.881854379461553650e-01,5.267388904982801545e-01
7.911862757825276482e-01,5.290974020540606393e-01
7.941985386304348804e-01,5.314648931093007844e-01
7.972222699880251451e-01,5.338413978514142677e-01
8.002575135190558298e-01,5.362269505979758710e-01
8.033043130535242327e-01,5.386215857972165288e-01
8.063627125883007229e-01,5.410253380285214853e-01
8.094327562877632332e-01,5.434382420029283400e-01
8.125144884844364146e-01,5.458603325636303127e-01
8.156079536796299045e-01,5.482916446864768423e-01
8.187131965440828107e-01,5.507322134804810698e-01
8.218302619186077518e-01,5.531820741883251014e-01
8.249591948147387832e-01,5.556412621868701551e-01
8.281000404153807670e-01,5.581098129876662650e-01
8.312528440754626269e-01,5.605877622374663138e-01
8.344176513225918246e-01,5.630751457187395115e-01
8.375945078577119451e-01,5.655719993501892029e-01
8.407834595557623913e-01,5.680783591872706761e-01
8.439845524663411869e-01,5.705942614227123011e-01
8.471978328143698889e-01,5.735194849078264490e-01
8.504233470007606099e-01,5.768140841598028423e-01
8.536611416030869259e-01,5.801212268534808869e-01
8.569112633762555609e-01,5.834409607451787050e-01
8.601737592531822907e-01,5.867733337730357546e-01
8.634486763454692904e-01,5.901183940577050535e-01
8.667360619440852565e-01,5.934761899030481791e-01
8.700359635200489716e-01,5.968467697968328212e-01
8.733484287251139788e-01,6.002301824114325557e-01
8.766735053924573640e-01,6.036264766045303931e-01
8.800112415373700925e-01,6.070357014198237700e-01
8.833616853579508987e-01,6.104579060877330932e-01
8.867248852358009525e-01,6.138931400261118387e-01
8.901008897367242989e-01,6.173414528409616464e-01
8.934897476114279646e-01,6.208028943271471922e-01
8.968915077962263949e-01,6.242775144691161682e-01
9.003062194137477769e-01,6.277653634416204831e-01
9.037339317736436950e-01,6.312664916104411272e-01
9.071746943733012269e-01,6.347809495331155905e-01
9.106285568985573731e-01,6.383087879596675007e-01
9.140955692244169262e-01,6.418500578333403705e-01
9.175757814157721182e-01,6.454048102913315654e-01
9.210692437281263745e-01,6.489730966655324895e-01
9.245760066083192896e-01,6.525549684832688824e-01
9.280961206952554887e-01,6.561504774680452234e-01
9.316296368206357092e-01,6.597596755402913571e-01
9.351766060096911026e-01,6.633826148181127813e-01
9.387370794819196451e-01,6.670193476180423797e-01
9.423111086518258794e-01,6.706699264557968165e-01
9.458987451296638760e-01,6.743344040470345968e-01
9.495000407221816374e-01,6.780128333081165692e-01
9.531150474333697220e-01,6.817052673568709809e-01
9.567438174652124205e-01,6.831789143671677111e-01
9.603864032184412647e-01,6.838284145598533259e-01
9.640428572932908668e-01,6.844803875776622748e-01
9.677132324902604221e-01,6.851348428353174480e-01
9.713975818108746552e-01,6.857917897833853971e-01
9.750959584584494300e-01,6.864512379084142246e-01
9.788084158388605793e-01,6.871131967330696977e-01
9.825350075613145107e-01,6.877776758162728044e-01
9.862757874391225865e-01,6.884446847533381986e-01
9.900308094904781697e-01,6.891142331761124229e-01
9.938001279392367771e-01,6.897863307531130195e-01
9.975837972156987865e-01,6.904609871896683071e-01
1.001381871957395919e+00,6.911382122280576024e-01
1.005194407009879720e+00,6.918180156476514409e-01
1.009021457427514035e+00,6.925004072650533526e-01
1.012863078474269374e+00,6.931853969342411936e-01
1.016719325624521497e+00,6.938729945467095872e-01
1.020590254563852550e+00,6.945632100316132540e-01
1.024475921189854200e+00,6.952560533559091205e-01
1.028376381612936763e+00,6.959515345245018692e-01
1.032291692157136787e+00,6.966496635803867132e-01
1.036221909360933724e+00,6.973504506047965013e-01
1.040167089978061954e+00,6.980539057173446027e-01
1.044127290978335898e+00,6.987600390761740110e-01
1.048102569548466700e+00,6.994688608781014505e-01
1.052092983092893341e+00,7.001803813587662573e-01
1.056098589234607532e+00,7.008946107927774838e-01
1.060119445815988826e+00,7.016115594938625577e-01
1.064155610899637283e+00,7.023312378150158297e-01
1.068207142769214801e+00,7.030627790837420399e-01
1.072274099930282887e+00,7.038036998909171782e-01
1.076356541111152421e+00,7.045474415865342621e-01
1.080454525263726318e+00,7.052940149104879319e-01
1.084568111564356174e+00,7.060434306435631191e-01
1.088697359414691812e+00,7.067956996075897003e-01
1.092842328442543254e+00,7.075508326655993718e-01
1.097003078502738926e+00,7.083088407219823024e-01
1.101179669677990303e+00,7.090697347226446734e-01
1.105372162279762538e+00,7.098335256551671080e-01
1.109580616849140444e+00,7.106002245489623226e-01
1.113805094157707343e+00,7.113698424754354432e-01
1.118045655208418809e+00,7.121423905481433225e-01
1.122302361236487300e+00,7.129178799229552999e-01
1.126575273710262559e+00,7.136963217982138508e-01
1.130864454332123348e+00,7.144777274148971236e-01
1.135169965039363627e+00,7.152621080567802547e-01
1.139491868005092501e+00,7.160494750505992378e-01
1.143830225639126397e+00,7.168398397662133492e-01
1.148185100588895224e+00,7.176332136167710152e-01
1.152556555740342992e+00,7.184296080588727929e-01
1.156944654218839741e+00,7.192290345927382367e-01
1.161349459390088601e+00,7.200315047623707665e-01
1.165771034861045941e+00,7.208370301557257553e-01
1.170209444480834637e+00,7.216456224048765078e-01
1.174664752341671337e+00,7.224572931861832359e-01
1.179137022779786603e+00,7.186816075344323318e-01
1.183626320376359287e+00,6.635587720659237299e-01
1.188132709958444222e+00,6.082260688653357006e-01
1.192656256599911258e+00,5.526826989087356701e-01
1.197197025622385835e+00,4.969278601300686216e-01
1.201755082596188018e+00,4.409607474096281510e-01
1.206330493341284615e+00,3.847805525623643752e-01
1.210923323928234874e+00,3.283864643262729421e-01
1.215533640679149041e+00,2.791854745937759619e-01
1.220161510168641383e+00,2.783363754907114407e-01
1.224806999224796078e+00,2.774840436348038897e-01
1.229470174930128223e+00,2.766284667180779477e-01
1.234151104622556616e+00,2.757696323856981269e-01
1.238849855896371421e+00,2.749075282357910655e-01
1.243566496603215388e+00,2.740421418192657277e-01
1.248301094853058402e+00,2.731734606396342691e-01
1.253053719015186251e+00,2.723014721528309590e-01
1.257824437719182953e+00,2.714261637670317695e-01
1.262613319855926397e+00,2.705475228424717438e-01
1.267420434578578448e+00,2.696655366912633078e-01
1.272245851303589026e+00,2.687801925772121403e-01
1.277089639711691982e+00,2.678914777156342630e-01
1.281951869748918282e+00,2.669993792731704119e-01
1.286832611627599432e+00,2.661038843676015730e-01
1.291731935827387545e+00,2.652049800676622993e-01
1.296649913096267648e+00,2.643026533928545252e-01
1.301586614451581969e+00,2.633968913132599954e-01
1.306542111181057342e+00,2.630139001946486532e-01
1.311516474843829494e+00,2.630056944099121163e-01
1.316509777271482440e+00,2.629974573835057172e-01
1.321522090569079655e+00,2.629891889964837137e-01
1.326553487116211238e+00,2.629808891294477258e-01
1.331604039568033748e+00,2.629725576625447370e-01
1.336673820856323802e+00,2.629641944754653182e-01
1.341762904190527461e+00,2.629557994474420735e-01
1.346871363058820936e+00,2.629473724572479187e-01
1.351999271229168409e+00,2.629389133831940284e-01
1.357146702750390732e+00,2.629304221031284472e-01
1.362313731953230800e+00,2.629218984944339255e-01
1.367500433451431130e+00,2.629133424340265868e-01
1.372706882142807006e+00,2.629047537983539296e-01
1.377933153210332717e+00,2.628961324633929397e-01
1.383179322123221811e+00,2.628874783046484254e-01
1.388445464638022875e+00,2.628787911971513513e-01
1.393731656799707563e+00,2.628700710154567299e-01
1.399037974942774376e+00,2.628613176336420665e-01
1.404364495692344894e+00,2.628525309253053610e-01
1.409711295965277333e+00,2.628437107635634984e-01
1.415078452971270107e+00,2.628348570210500834e-01
1.420466044213981149e+00,2.628259695699140530e-01
1.425874147492147692e+00,2.628170482818173448e-01
1.431302840900704920e+00,2.628080930279334537e-01
1.436752202831920622e+00,2.627991036789453227e-01
1.442222311976519400e+00,2.626376287970828005e-01
1.447713247324826868e+00,2.608287967744934988e-01
1.453225088167902967e+00,2.590130780329780169e-01
1.458757914098693487e+00,2.571904463529107732e-01
1.464311805013173373e+00,2.553608754148417592e-01
1.469886841111506692e+00,2.535243387991147346e-01
1.475483102899198151e+00,2.516808099854874747e-01
1.481100671188261941e+00,2.498302623527471067e-01
1.486739627098382810e+00,2.479726691783274151e-01
1.492400052058093785e+00,2.461080036379209024e-01
1.498082027805945016e+00,2.442362388050938193e-01
1.503785636391691050e+00,2.423573476508949498e-01
1.509510960177469219e+00,2.404713030434675880e-01
1.515258081838994908e+00,2.385780777476555203e-01
1.521027084366749937e+00,2.366776444246118383e-01
1.526818051067186266e+00,2.347699756314022834e-01
1.532631065563924366e+00,2.326507276923379108e-01
1.538466211798962702e+00,2.296256345182410563e-01
1.544323574033891866e+00,2.265890239858949495e-01
1.550203236851106725e+00,2.235408522455630542e-01
1.556105285155033657e+00,2.204810752805591856e-01
1.562029804173349579e+00,2.174096489066155435e-01
1.567976879458220729e+00,2.143265287712405875e-01
1.573946596887529914e+00,2.112316703530827677e-01
1.579939042666123949e+00,2.081250289612836812e-01
1.585954303327052228e+00,2.050065597348362800e-01
1.591992465732821938e+00,2.018762176419336973e-01
1.598053617076646393e+00,1.987339574793225705e-01
1.604137844883711139e+00,1.955797338716461498e-01
1.610245237012430275e+00,1.924135012707934578e-01
1.616375881655722546e+00,1.892352139552373747e-01
1.622529867342277665e+00,1.860448260293783851e-01
1.628707282937841727e+00,1.835739183843203282e-01
1.634908217646493966e+00,1.829193625549836721e-01
1.641132761011941277e+00,1.822623146523300319e-01
1.647381002918804294e+00,1.816027651883539429e-01
1.653653033593922794e+00,1.809407046389260310e-01
1.659948943607651328e+00,1.802761234436564275e-01
1.666268823875173499e+00,1.796090120057559358e-01
1.672612765657810474e+00,1.789393606918978363e-01
1.678980860564338817e+00,1.782671598320789419e-01
1.685373200552318762e+00,1.775923997194791826e-01
1.691789877929414043e+00,1.769150706103225223e-01
1.698230985354732159e+00,1.762351627237352392e-01
1.704696615840155971e+00,1.755526662416056205e-01
1.711186862751693960e+00,1.748675713084411887e-01
1.717701819810820707e+00,1.741798680312273417e-01
1.724241581095837361e+00,1.734895464792837461e-01
1.730806241043223670e+00,1.729528558467838539e-01
1.737395894449008882e+00,1.726618240752832989e-01
1.744010636470132436e+00,1.723696842661186779e-01
1.750650562625826190e+00,1.720764322006871627e-01
1.757315768798986433e+00,1.717820636443244675e-01
1.764006351237564996e+00,1.714865743462438141e-01
1.770722406555953032e+00,1.711899600394746201e-01
1.777464031736382566e+00,1.708922164408005762e-01
1.784231324130319596e+00,1.705933392506981672e-01
1.791024381459877857e+00,1.702933241532743058e-01
1.797843301819222139e+00,1.699921668162041877e-01
1.804688183675992263e+00,1.696898628906685913e-01
1.811559125872718168e+00,1.693864080112912063e-01
1.818456227628251209e+00,1.690817977960756002e-01
1.825379588539198128e+00,1.687760278463417418e-01
1.832329308581353899e+00,1.684690937466626626e-01
1.839305488111152354e+00,1.681609910648007300e-01
1.846308227867107910e+00,1.677182159640654147e-01
1.853337628971277962e+00,1.665875896158083846e-01
1.860393792930715273e+00,1.654526586633793539e-01
1.867476821638942130e+00,1.643134067179708724e-01
1.874586817377413173e+00,1.631698173283795406e-01
1.881723882816999982e+00,1.620218739807671171e-01
1.888888121019467237e+00,1.608695600984231533e-01
1.896079635438967292e+00,1.597128590415246296e-01
1.903298529923527216e+00,1.585517541068967307e-01
1.910544908716555357e+00,1.573862285277704831e-01
1.917818876458339927e+00,1.562162654735418099e-01
1.925120538187566899e+00,1.550418480495273366e-01
1.932449999342829905e+00,1.538629592967215021e-01
1.939807365764159464e+00,1.526795821915507834e-01
1.947192743694544204e+00,1.514916996456287246e-01
1.954606239781473631e+00,1.502992945055079965e-01
1.962047961078468683e+00,1.491023495524341214e-01
1.969518015046636483e+00,1.479008475020955893e-01
1.977016509556215107e+00,1.466947710043750297e-01
1.984543552888134554e+00,1.454841026430986062e-01
1.992099253735582387e+00,1.443576988817527329e-01
1.999683721205567144e+00,1.434459379848845584e-01
2.007297064820501742e+00,1.425307057645620323e-01
2.014939394519776439e+00,1.416119890045062224e-01
2.022610820661356001e+00,1.406897744381197524e-01
2.030311454023363105e+00,1.397640487482960936e-01
2.038041405805687045e+00,1.388347985672265528e-01
2.045800787631582018e+00,1.379020104762078425e-01
2.053589711549287156e+00,1.369656710054474869e-01
2.061408290033634128e+00,1.360257666338704763e-01
2.069256635987682724e+00,1.350822837889227024e-01
2.077134862744340893e+00,1.341352088463762526e-01
2.085043084068010533e+00,1.331845281301313744e-01
2.092981414156220854e+00,1.322302279120203816e-01
2.100949967641287053e+00,1.312722944116080370e-01
2.108948859591956992e+00,1.303107137959937656e-01
2.116978205515080536e+00,1.293454721796108431e-01
2.125038121357269105e+00,1.283765556240269445e-01
2.133128723506580116e+00,1.274039501377416672e-01
2.141250128794187191e+00,1.264276416759857746e-01
2.149402454496076142e+00,1.254476161405171930e-01
2.157585818334731620e+00,1.244638593794184511e-01
2.165800338480841081e+00,1.234763571868916082e-01
2.174046133555001870e+00,1.224850953030532374e-01
2.182323322629428741e+00,1.214900594137290485e-01
2.190632025229681368e+00,1.204912351502461926e-01
2.198972361336381631e+00,1.194886080892269137e-01
2.207344451386954454e+00,1.184821637523792714e-01
2.215748416277359301e+00,1.174718876062888911e-01
2.224184377363843890e+00,1.164577650622082017e-01
2.232652456464687685e+00,1.154397814758468810e-01
2.241152775861969815e+00,1.144179221471592484e-01
2.249685458303327223e+00,1.104707074216205454e-01
2.258250627003735023e+00,1.034706913641236653e-01
2.266848405647276632e+00,9.644402432828003136e-02
2.275478918388938787e+00,8.939060484651427385e-02
2.284142289856396779e+00,8.231033106493902685e-02
2.292838645151821453e+00,7.520310074187808169e-02
2.301568109853676880e+00,6.806881124639728442e-02
2.310330810018544678e+00,6.090735955681354091e-02
2.319126872182932786e+00,5.371864225921657576e-02
2.327956423365113103e+00,4.650255554596712665e-02
2.336819591066947144e+00,3.925899521420481847e-02
2.345716503275731668e+00,3.198785666433986985e-02
2.354647288466048760e+00,2.468903489854107000e-02
2.363612075601614571e+00,1.913331931221319560e-02
2.372610994137148932e+00,1.913270762822267754e-02
2.381644174020238314e+00,1.913209361538367390e-02
2.390711745693218315e+00,1.913147726482961747e-02
2.399813840095050832e+00,1.913085856766019721e-02
2.408950588663221204e+00,1.913023751494119518e-02
2.418122123335630924e+00,1.912961409770439630e-02
2.427328576552507666e+00,1.912898830694743230e-02
2.436570081258312204e+00,1.912836013363365673e-02
2.445846770903665313e+00,1.912772956869202706e-02
2.455158779447265793e+00,1.912709660301696243e-02
2.464506241357835581e+00,1.912646122746820831e-02
2.473889291616050201e+00,1.912582343287072204e-02
2.483308065716498980e+00,1.912518321001451665e-02
2.492762699669631044e+00,1.901377008287739173e-02
2.502253330003729737e+00,1.890104255298405769e-02
2.511780093766873723e+00,1.878788583850977620e-02
2.521343128528926503e+00,1.867429830543126945e-02
2.530942572383512612e+00,1.856027831350414228e-02
2.540578563950021351e+00,1.844582421623909563e-02
2.550251242375601191e+00,1.833093436087821632e-02
2.559960747337171494e+00,1.821560708837110035e-02
2.569707219043443569e+00,1.809984073335083737e-02
2.579490798236936389e+00,1.798363362411007846e-02
2.589311626196019844e+00,1.786698408257675341e-02
2.599169844736943791e+00,1.774989042428997549e-02
2.609065596215896843e+00,1.763235095837560260e-02
2.618999023531051407e+00,1.751436398752192342e-02
2.628970270124637132e+00,1.739592780795503821e-02
2.638979479985002818e+00,1.727704070941436798e-02
2.649026797648705411e+00,1.715770097512785489e-02
2.659112368202587007e+00,1.703790688178726670e-02
2.669236337285879390e+00,1.693256549229743557e-02
2.679398851092299250e+00,1.684560627899166219e-02
2.689600056372166037e+00,1.675831598814379181e-02
2.699840100434514500e+00,1.667069335925095222e-02
2.710119131149229421e+00,1.658273712701116911e-02
2.720437296949171913e+00,1.649444602130514803e-02
2.730794746832331921e+00,1.640581876717786894e-02
2.741191630363971399e+00,1.631685408482024674e-02
2.751628097678793683e+00,1.622755068955055932e-02
2.762104299483099545e+00,1.613790729179601785e-02
2.772620387056975666e+00,1.604792259707401095e-02
2.783176512256470669e+00,1.595759530597350845e-02
2.793772827515788926e+00,1.586692411413629170e-02
2.804409485849498562e+00,1.577590771223803812e-02
2.815086640854731037e+00,1.568454478596951335e-02
2.825804446713408247e+00,1.559283401601751703e-02
2.836563058194461195e+00,1.550077407804588935e-02
2.847362630656072646e+00,1.540836364267633186e-02
2.858203320047911333e+00,1.531560137546927533e-02
2.869085282913395041e+00,1.522248593690452706e-02
2.880008676391939471e+00,1.512901598236202419e-02
2.890973658221239084e+00,1.500720293295228214e-02
2.901980386739531959e+00,1.479806162487391080e-02
2.913029020887900611e+00,1.458812405855447296e-02
2.924119720212553286e+00,1.437738720242081117e-02
2.935252644867139438e+00,1.416584801335764657e-02
2.946427955615053218e+00,1.395350343666380312e-02
2.957645813831762727e+00,1.374035040600795135e-02
2.968906381507132597e+00,1.352638584338447525e-02
2.980209821247772783e+00,1.331160665906884477e-02
2.991556296279374472e+00,1.309600975157323120e-02
3.002945970449079738e+00,1.287959200760147027e-02
3.014379008227838774e+00,1.266235030200428720e-02
3.025855574712785323e+00,1.244428149773415399e-02
3.037375835629629428e+00,1.222538244579982232e-02
3.048939957335037310e+00,1.208427721213861834e-02
3.060548106819047209e+00,1.194305489468868060e-02
3.072200451707467916e+00,1.180129490519720575e-02
3.083897160264311488e+00,1.165899519659943651e-02
3.095638401394211758e+00,1.151615371403694014e-02
3.107424344644873493e+00,1.137276839482782333e-02
3.119255160209510880e+00,1.122883716843705616e-02
3.131131018929316667e+00,1.108435795644643895e-02
3.143052092295915756e+00,1.093932867252475280e-02
3.155018552453856095e+00,1.079374722239744878e-02
3.167030572203079153e+00,1.064761150381659909e-02
3.179088325001431237e+00,1.050091940653034503e-02
3.191191984967151729e+00,1.035366881225262443e-02
3.203341726881404838e+00,1.020585759463236639e-02
3.215537726190785150e+00,1.005748361922301735e-02
3.227780159009869809e+00,9.897917177617451129e-03
3.240069202123743608e+00,9.636885057779782243e-03
3.252405032990568490e+00,9.374859117168430483e-03
3.264787829744131287e+00,9.111835572035579048e-03
3.277217771196429208e+00,8.847810624227528398e-03
3.289695036840241116e+00,8.582780461130047264e-03
3.302219806851724115e+00,8.316741255613248340e-03
3.314792262093020359e+00,8.049689165976200295e-03
3.327412584114855854e+00,7.715351837209642391e-03
3.340080955159178355e+00,6.991031635207662492e-03
3.352797558161773051e+00,6.263953747814528239e-03
3.365562576754918656e+00,5.534107675766461801e-03
3.378376195270024862e+00,4.801482879826536425e-03
3.391238598740309307e+00,4.066068780631620048e-03
3.404149972903454557e+00,3.327854758540460360e-03
3.417110504204304178e+00,2.586830153479532501e-03
3.430120379797541474e+00,1.842984264789885532e-03
3.443179787550405990e+00,1.096306351071822888e-03
3.456288916045391790e+00,3.467856300306264728e-04
3.469447954582985716e+00,5.849865537538304177e-06
3.482657093184386099e+00,5.799558013857051201e-06
3.495916522594261444e+00,5.749058955654536258e-06
3.509226434283490015e+00,5.698367633706390910e-06
3.522587020451938944e+00,5.647483316011866689e-06
3.535998474031226468e+00,5.596405267783308171e-06
3.549460988687521468e+00,5.545132751435498996e-06
3.562974758824326571e+00,5.493665026575056168e-06
3.576539979585293239e+00,5.442001349989710005e-06
3.590156846857042616e+00,5.390140975637562917e-06
3.603825557271982838e+00,5.338083154636358342e-06
3.617546308211163186e+00,5.285827135252609929e-06
3.631319297807108715e+00,5.233372162890806946e-06
3.645144724946697057e+00,5.180717480082456218e-06
3.659022789274015253e+00,5.127862326475203682e-06
3.672953691193256986e+00,5.074805938821796700e-06
3.686937631871602949e+00,5.021547550969120911e-06
3.700974813242139394e+00,4.968086393847077844e-06
3.715065438006759369e+00,4.914421695457539607e-06
3.729209709639106141e+00,4.850747866461272739e-06
3.743407832387493528e+00,4.786805487546867930e-06
3.757660011277874190e+00,4.722619662482909435e-06
3.771966452116781277e+00,4.658189464403249978e-06
3.786327361494319366e+00,4.593513962912866653e-06
3.800742946787128318e+00,4.528592224074512531e-06
3.815213416161397308e+00,4.463423310395138723e-06
3.829738978575852659e+00,4.398006280812447730e-06
3.844319843784790969e+00,4.332340190681223179e-06
3.858956222341093589e+00,4.266424091759760358e-06
3.873648325599283293e+00,4.200257032196098536e-06
3.888396365718559622e+00,4.133838056514350705e-06
3.903200555665871097e+00,4.067166205600868140e-06
3.918061109218996307e+00,4.000240516690362614e-06
3.932978240969615680e+00,3.933060023352076887e-06
3.947952166326426759e+00,3.865051901417776519e-06
3.962983101518239515e+00,3.791519982392293880e-06
3.978071263597114715e+00,3.717708107211598437e-06
3.993216870441480548e+00,3.643615210005953001e-06
4.008420140759296757e+00,3.569240220847519417e-06
4.023681294091195682e+00,3.494582065734995074e-06
4.039000550813669932e+00,3.419639666578013106e-06
4.054378132142237412e+00,3.344411941181664978e-06
4.069814260134650752e+00,3.268897803230796070e-06
4.085309157694092086e+00,3.193096162274377503e-06
4.100863048572401581e+00,3.117005923709712354e-06
4.116476157373298861e+00,3.040625988766677885e-06
4.132148709555638177e+00,2.963955254491797932e-06
4.147880931436649377e+00,2.886992613732388992e-06
4.163673050195221492e+00,2.664664621026796701e-06
4.179525293875168579e+00,2.415600020949315006e-06
4.195437891388539065e+00,2.165587163723619595e-06
4.211411072518901122e+00,1.914622439075122116e-06
4.227445067924683109e+00,1.662702222983755705e-06
4.243540109142484695e+00,1.409822877631948956e-06
4.259696428590430628e+00,1.155980751351934543e-06
4.275914259571530707e+00,9.011721785729570423e-07
4.292193836277033547e+00,8.599856943588600240e-07
4.308535393789829193e+00,8.427427225613765537e-07
4.324939168087820640e+00,8.254341020476297256e-07
4.341405396047355758e+00,8.080595828749695398e-07
4.357934315446623685e+00,7.906189141491587957e-07
4.374526164969110731e+00,7.731118440207257691e-07
4.391181184207027854e+00,7.555381196813487570e-07
4.407899613664786109e+00,7.378974873601872609e-07
4.424681694762456097e+00,7.201896923202333921e-07
4.441527669839269166e+00,7.024144788546166906e-07
4.458437782157099072e+00,6.512899572329251735e-07
4.475412275903992487e+00,5.220675748084056540e-07
4.492451396197679081e+00,3.923532073816228884e-07
4.509555389089127786e+00,2.621449818308873939e-07
4.526724501566081749e+00,1.314410179030926857e-07
4.543958981556641241e+00,2.394281864394049010e-10
