1.000000000000000021e-02,5.098124272448313121e+00
1.007072300075525194e-02,5.095599438856259766e+00
1.014194617579408653e-02,5.093058220475524145e+00
1.021367306249912864e-02,5.090500521354407226e+00
1.028590722327043204e-02,5.087926245125546920e+00
1.035865224570241272e-02,5.085335295006411904e+00
1.043191174276203274e-02,5.082727573799598275e+00
1.050568935296824179e-02,5.080102983893418411e+00
1.057998874057268328e-02,5.077461427262338844e+00
1.065481359574169638e-02,5.074802805467597544e+00
1.073016763473956872e-02,5.072127019657760805e+00
1.080605460011313523e-02,5.069433970569403591e+00
1.088247826087764512e-02,5.066723558527785443e+00
1.095944241270395240e-02,5.063995683447613416e+00
1.103695087810703176e-02,5.061250244833827239e+00
1.111500750663583711e-02,5.058487141782409324e+00
1.119361617506448199e-02,5.055706272981316474e+00
1.127278078758479039e-02,5.052907536711376046e+00
1.135250527600020591e-02,5.050090830847333123e+00
1.143279359992106260e-02,5.047256052858801745e+00
1.151364974696124886e-02,5.044403099811443525e+00
1.159507773293625386e-02,5.041531868368054781e+00
1.167708160206261912e-02,5.038642254789811759e+00
1.175966542715880039e-02,5.035734154937472340e+00
1.184283330984744684e-02,5.032807464272724296e+00
1.192658938075911480e-02,5.029862077859516667e+00
1.201093779973742143e-02,5.026897890365535027e+00
1.209588275604562765e-02,5.023914796063646548e+00
1.218142846857475994e-02,5.020912688833409909e+00
1.226757918605306599e-02,5.017891462162724636e+00
1.235433918725710109e-02,5.014851009149492000e+00
1.244171278122420399e-02,5.011791222503287457e+00
1.252970430746651841e-02,5.008711994547199176e+00
1.261831813618652202e-02,5.005613217219591959e+00
1.270755866849407681e-02,5.002494782076158941e+00
1.279743033662500765e-02,4.999356580291765439e+00
1.288793760416124916e-02,4.996198502662498875e+00
1.297908496625252428e-02,4.993020439607877670e+00
1.307087694983959970e-02,4.989822281172967777e+00
1.316331811387913206e-02,4.986603917030580035e+00
1.325641304957008229e-02,4.983365236483653149e+00
1.335016638058175026e-02,4.980106128467634008e+00
1.344458276328341223e-02,4.976826481552892645e+00
1.353966688697558728e-02,4.973526183947288182e+00
1.363542347412293083e-02,4.970205123498761424e+00
1.373185728058879534e-02,4.966863187698023374e+00
1.382897309587140591e-02,4.963500263681271285e+00
1.392677574334177416e-02,4.960116238233096553e+00
1.402527008048323233e-02,4.956710997789277151e+00
1.412446099913269512e-02,4.953284428439905795e+00
1.422435342572361469e-02,4.949836415932321820e+00
1.432495232153065817e-02,4.946366845674332602e+00
1.442626268291611474e-02,4.942875602737445639e+00
1.452828954157804955e-02,4.939362571860150375e+00
1.463103796480020279e-02,4.935827637451331462e+00
1.473451305570367201e-02,4.932270683593744209e+00
1.483871995350035354e-02,4.928691594047557523e+00
1.494366383374819141e-02,4.925090252254069156e+00
1.504934990860823212e-02,4.921466541339396983e+00
1.515578342710348879e-02,4.917820344118305265e+00
1.526296967537963539e-02,4.914151543098165931e+00
1.537091397696756234e-02,4.910460020482939392e+00
1.547962169304777091e-02,4.906745658177306346e+00
1.558909822271661340e-02,4.903008337790840443e+00
1.569934900325450217e-02,4.899247940642329269e+00
1.581037951039591591e-02,4.895464347764116653e+00
1.592219525860137305e-02,4.891657439906667015e+00
1.603480180133130470e-02,4.887827097543119059e+00
1.614820473132189474e-02,4.883973200873902520e+00
1.626240968086281949e-02,4.880095629831656012e+00
1.637742232207700654e-02,4.876194264085991215e+00
1.649324836720234000e-02,4.872268983048573254e+00
1.660989356887536059e-02,4.868319665878164670e+00
1.672736372041698505e-02,4.864346191485847903e+00
1.684566465612022737e-02,4.860348438540343707e+00
1.696480225153998087e-02,4.856326285473386406e+00
1.708478242378481601e-02,4.852279610485289219e+00
1.720561113181088078e-02,4.848208291550579752e+00
1.732729437671784445e-02,4.844112206423710099e+00
1.744983820204696473e-02,4.839991232644932140e+00
1.757324869408119494e-02,4.835845247546307846e+00
1.769753198214757753e-02,4.831674128257732903e+00
1.782269423892153190e-02,4.827477751713202814e+00
1.794874168073351886e-02,4.823255994657090540e+00
1.807568056787775199e-02,4.819008733650608889e+00
1.820351720492312600e-02,4.814735845078356391e+00
1.833225794102632741e-02,4.810437205155043472e+00
1.846190917024719685e-02,4.806112689932260373e+00
1.859247733186627366e-02,4.801762175305380076e+00
1.872396891070463379e-02,4.797385537020665502e+00
1.885639043744594123e-02,4.792982650682462875e+00
1.898974848896082396e-02,4.788553391760427047e+00
1.912404968863350846e-02,4.784097635597043485e+00
1.925930070669077884e-02,4.779615257415168905e+00
1.939550826053327084e-02,4.775106132325712238e+00
1.953267911506909038e-02,4.770570135335514550e+00
1.967082008304981214e-02,4.766007141355224519e+00
1.980993802540879922e-02,4.761417025207528297e+00
1.995003985160205898e-02,4.756799661635292331e+00
2.009113251995126373e-02,4.752154925309979738e+00
2.023322303798951588e-02,4.747482690840136854e+00
2.037631846280920506e-02,4.742782832780100044e+00
2.052042590141265818e-02,4.738055225638750478e+00
2.066555251106502733e-02,4.733299743888492728e+00
2.081170549964980396e-02,4.728516261974276880e+00
2.095889212602678603e-02,4.723704654322957275e+00
2.110711970039261254e-02,4.718864795352493147e+00
2.125639558464381684e-02,4.713996559481635984e+00
2.140672719274248903e-02,4.709099821139546727e+00
2.155812199108446750e-02,4.704174454775592373e+00
2.171058749887019856e-02,4.699220334869405491e+00
2.186413128847815648e-02,4.694237335940909972e+00
2.201876098584095234e-02,4.689225332560701176e+00
2.217448427082409704e-02,4.684184199360478473e+00
2.233130887760736982e-02,4.679113811043599469e+00
2.248924259506905957e-02,4.674014042395871371e+00
2.264829326717266236e-02,4.668884768296491572e+00
2.280846879335661492e-02,4.663725863729069054e+00
2.296977712892648779e-02,4.658537203792950443e+00
2.313222628545019005e-02,4.653318663714551384e+00
2.329582433115584897e-02,4.648070118858970368e+00
2.346057939133250336e-02,4.642791444741676266e+00
2.362649964873369049e-02,4.637482517040518282e+00
2.379359334398382583e-02,4.632143211607671063e+00
2.396186877598750070e-02,4.626773404481958174e+00
2.413133430234164212e-02,4.621372971901250182e+00
2.430199833975061827e-02,4.615941790315025273e+00
2.447386936444424788e-02,4.610479736397138595e+00
2.464695591259880372e-02,4.604986687058792327e+00
2.482126658076094089e-02,4.599462519461563481e+00
2.499681002627468854e-02,4.593907111030770984e+00
2.517359496771140112e-02,4.588320339468866749e+00
2.535163018530280088e-02,4.582702082769115393e+00
2.553092452137699364e-02,4.577052219229424956e+00
2.571148688079777020e-02,4.571370627466294856e+00
2.589332623140670059e-02,4.565657186429023184e+00
2.607645160446868046e-02,4.559911775414106749e+00
2.626087209512039181e-02,4.554134274079745914e+00
2.644659686282207003e-02,4.548324562460601683e+00
2.663363513181239359e-02,4.542482520982657590e+00
2.682199619156662093e-02,4.536608030478399556e+00
2.701168939725797496e-02,4.530700972202102328e+00
2.720272417022226788e-02,4.524761227845264244e+00
2.739510999842582201e-02,4.518788679552309340e+00
2.758885643693671091e-02,4.512783209936427120e+00
2.778397310839931383e-02,4.506744702095673460e+00
2.798046970351223545e-02,4.500673039629159433e+00
2.817835598150961879e-02,4.494568106653523465e+00
2.837764177064582352e-02,4.488429787819586458e+00
2.857833696868360487e-02,4.482257968329087738e+00
2.878045154338559897e-02,4.476052533951809131e+00
2.898399553300954820e-02,4.469813371042746120e+00
2.918897904680665956e-02,4.463540366559512584e+00
2.939541226552391112e-02,4.457233408079981807e+00
2.960330544190947072e-02,4.450892383820070464e+00
2.981266890122208357e-02,4.444517182651734011e+00
3.002351304174380453e-02,4.438107694121273816e+00
3.023584833529646340e-02,4.431663808467586563e+00
3.044968532776174894e-02,4.425185416640874614e+00
3.066503463960499817e-02,4.418672410321435429e+00
3.088190696640265992e-02,4.412124681938675685e+00
3.110031307937351219e-02,4.405542124690274619e+00
3.132026382591362318e-02,4.398924632561668879e+00
3.154177013013510084e-02,4.392272100345587127e+00
3.176484299340867623e-02,4.385584423661923026e+00
3.198949349490998878e-02,4.378861498977745903e+00
3.221573279217006952e-02,4.372103223627465951e+00
3.244357212162921750e-02,4.365309495833348485e+00
3.267302279919534480e-02,4.358480214726056623e+00
3.290409622080571472e-02,4.351615280365517258e+00
3.313680386299322489e-02,4.344714593761938914e+00
3.337115728345611820e-02,4.337778056897113821e+00
3.360716812163228734e-02,4.330805572745711984e+00
3.384484809927709725e-02,4.323797045297072650e+00
3.408420902104575267e-02,4.316752379576939802e+00
3.432526277507950974e-02,4.309671481669585802e+00
3.456802133359612728e-02,4.302554258739976767e+00
3.481249675348448147e-02,4.295400619056282565e+00
3.505870117690337157e-02,4.288210472012524477e+00
3.530664683188459996e-02,4.280983728151369405e+00
3.555634603294027807e-02,4.273720299187257154e+00
3.580781118167446209e-02,4.266420098029575669e+00
3.606105476739899368e-02,4.259083038806186217e+00
3.631608936775400365e-02,4.251709036886983206e+00
3.657292764933233603e-02,4.244298008907843034e+00
3.683158236830890581e-02,4.236849872794545391e+00
3.709206637107399090e-02,4.229364547787113793e+00
3.735439259487154801e-02,4.221841954464213842e+00
3.761857406844143492e-02,4.214282014767740669e+00
3.788462391266684409e-02,4.206684652027719906e+00
3.815255534122564268e-02,4.199049790987203323e+00
3.842238166124687521e-02,4.191377357827613892e+00
3.869411627397156828e-02,4.183667280193996696e+00
3.896777267541835788e-02,4.175919487220682846e+00
3.924336445705377263e-02,4.168133909557042216e+00
3.952090530646725636e-02,4.160310479393406702e+00
3.980040900805101312e-02,4.152449130487217310e+00
4.008188944368458462e-02,4.144549798189333778e+00
4.036536059342434729e-02,4.136612419470555579e+00
4.065083653619782494e-02,4.128636932948235305e+00
4.093833145050296274e-02,4.120623278913189580e+00
4.122785961511220981e-02,4.112571399356679258e+00
4.151943540978193792e-02,4.104481237997598342e+00
4.181307331596628013e-02,4.096352740309916030e+00
4.210878791753674966e-02,4.088185853550055704e+00
4.240659390150620239e-02,4.079980526784736661e+00
4.270650605875861427e-02,4.071736710918757218e+00
4.300853928478336891e-02,4.063454358723046056e+00
4.331270858041539468e-02,4.055133424862771285e+00
4.361902905257986768e-02,4.046773865925781699e+00
4.392751591504276409e-02,4.038375640451000947e+00
4.423818448916636004e-02,4.029938708957064186e+00
4.455105020467018534e-02,4.021463033971123480e+00
4.486612860039740358e-02,4.012948580057772219e+00
4.518343532508652116e-02,4.004395313848048588e+00
4.550298613814861975e-02,3.995803204068709036e+00
4.582479691045007048e-02,3.987172221571455122e+00
4.614888362510079917e-02,3.978502339362518292e+00
4.647526237824797790e-02,3.969793532632101218e+00
4.680394937987573944e-02,3.961045778784188176e+00
4.713496095460989466e-02,3.952259057466292358e+00
4.746831354252908225e-02,3.943433350599439891e+00
4.780402369998094231e-02,3.934568642408189376e+00
4.814210810040474992e-02,3.925664919450775781e+00
4.848258353515916275e-02,3.916722170649360457e+00
4.882546691435655367e-02,3.907740387320401076e+00
4.917077526770251283e-02,3.898719563205057081e+00
4.951852574534191392e-02,3.889659694499715936e+00
4.986873561871059402e-02,3.880560779886629952e+00
5.022142228139315351e-02,3.871422820564565548e+00
5.057660324998683454e-02,3.862245820279572861e+00
5.093429616497152645e-02,3.853029785355841064e+00
5.129451879158587746e-02,3.843774724726509273e+00
5.165728902070963746e-02,3.834480649964656873e+00
5.202262486975225975e-02,3.825147575314309822e+00
5.239054448354760196e-02,3.815775517721432308e+00
5.276106613525543415e-02,3.806364496865028979e+00
5.313420822726856035e-02,3.796914535188287143e+00
5.350998929212727462e-02,3.787425657929588407e+00
5.388842799343931261e-02,3.777897893153845388e+00
5.426954312680727643e-02,3.768331271783520453e+00
5.465335362076168685e-02,3.758725827629855853e+00
5.503987853770153649e-02,3.749081597424102519e+00
5.542913707484062313e-02,3.739398620848612076e+00
5.582114856516131457e-02,3.729676940568019461e+00
5.621593247837461393e-02,3.719916602260454841e+00
5.661350842188714316e-02,3.710117654648559693e+00
5.701389614177500287e-02,3.700280149530611240e+00
5.741711552376446703e-02,3.690404141811564287e+00
5.782318659421962354e-02,3.680489689534054421e+00
5.823212952113703683e-02,3.670536853909271535e+00
5.864396461514737036e-02,3.660545699347888426e+00
5.905871233052416985e-02,3.650516293490812636e+00
5.947639326619979377e-02,3.640448707239936077e+00
5.989702816678827563e-02,3.630343014788723455e+00
6.032063792361602034e-02,3.620199293652740735e+00
6.074724357575890521e-02,3.610017624700091687e+00
6.117686631108772838e-02,3.599798092181697662e+00
6.160952746731999941e-02,3.589540783761474341e+00
6.204524853308023002e-02,3.579245790546414341e+00
6.248405114896668500e-02,3.568913207116409581e+00
6.292595710862668168e-02,3.558543131554074979e+00
6.337098835983850931e-02,3.548135665474279943e+00
6.381916700560190392e-02,3.537690914053600366e+00
6.427051530523558709e-02,3.527208986059511719e+00
6.472505567548285377e-02,3.516689993879486664e+00
6.518281069162494556e-02,3.506134053549736951e+00
6.564380308860226498e-02,3.495541284783969527e+00
6.610805576214355550e-02,3.484911811001678572e+00
6.657559176990297811e-02,3.474245759356391794e+00
6.704643433260544516e-02,3.463543260763522813e+00
6.752060683519958695e-02,3.452804449928178698e+00
6.799813282801971115e-02,3.442029465372395070e+00
6.847903602795485378e-02,3.431218449462417830e+00
6.896334031962729483e-02,3.420371548435476416e+00
6.945106975657823478e-02,3.409488912426344331e+00
6.994224856246301913e-02,3.398570695493587035e+00
7.043690113225370419e-02,3.387617055645450570e+00
7.093505203345112919e-02,3.376628154865489506e+00
7.143672600730469058e-02,3.365604159137753904e+00
7.194194797004142827e-02,3.354545238471686730e+00
7.245074301410338313e-02,3.343451566926661567e+00
7.296313640939389167e-02,3.332323322636047358e+00
7.347915360453260991e-02,3.321160687831002267e+00
7.399882022811947457e-02,3.309963848863759495e+00
7.452216209000757374e-02,3.298732996230532954e+00
7.504920518258503814e-02,3.287468324594021496e+00
7.557997568206598071e-02,3.276170032805396648e+00
7.611449994979041511e-02,3.264838323925909336e+00
7.665280453353393031e-02,3.253473405247950367e+00
7.719491616882562246e-02,3.242075488315693477e+00
7.774086178027660166e-02,3.230644788945180590e+00
7.829066848291661718e-02,3.219181527243980767e+00
7.884436358354129926e-02,3.207685927630187006e+00
7.940197458206788017e-02,3.196158218851026689e+00
7.996352917290153184e-02,3.184598634000816997e+00
8.052905524631030765e-02,3.173007410538387418e+00
8.109858088981077018e-02,3.161384790303951142e+00
8.167213438956276439e-02,3.149731019535285892e+00
8.224974423177437710e-02,3.138046348883470671e+00
8.283143910411668032e-02,3.126331033427810713e+00
8.341724789714859145e-02,3.114585332690293917e+00
8.400719970575169782e-02,3.102809510649271907e+00
8.460132383057535066e-02,3.091003835752551776e+00
8.519964977949186224e-02,3.079168580929792398e+00
8.580220726906208351e-02,3.067304023604172425e+00
8.640902622601134841e-02,3.055410445703405919e+00
8.702013678871559077e-02,3.043488133670002593e+00
8.763556930869868811e-02,3.031537378470783306e+00
8.825535435213924251e-02,3.019558475605672143e+00
8.887952270138943511e-02,3.007551725115702901e+00
8.950810535650306765e-02,2.995517431590255519e+00
9.014113353677602469e-02,2.983455904173494488e+00
9.077863868229606170e-02,2.971367456569992349e+00
9.142065245550498598e-02,2.959252407049524969e+00
9.206720674277062144e-02,2.947111078451075450e+00
9.271833365597090260e-02,2.934943798185898345e+00
9.337406553408859888e-02,2.922750898239783623e+00
9.403443494481743270e-02,2.910532715174449336e+00
9.469947468617964659e-02,2.898289590127953286e+00
9.536921778815490858e-02,2.886021868814295122e+00
9.604369751432086100e-02,2.873729901522036556e+00
9.672294736350511846e-02,2.861414043111953909e+00
9.740700107144910358e-02,2.849074653013839331e+00
9.809589261248334580e-02,2.836712095222229557e+00
9.878965620121538116e-02,2.824326738291179417e+00
9.948832629422829643e-02,2.811918955328109870e+00
1.001919375917929012e-01,2.799489123986517836e+00
1.009005250395903497e-01,2.787037626457798734e+00
1.016141238304483774e-01,2.774564849461903737e+00
1.023327694060888887e-01,2.762071184237080423e+00
1.030564974588882854e-01,2.749557026528385073e+00
1.037853439336501454e-01,2.737022776575309457e+00
1.045193450293905035e-01,2.724468839098138861e+00
1.052585372011357184e-01,2.711895623283311796e+00
1.060029571617329830e-01,2.699303542767650388e+00
1.067526418836738100e-01,2.686693015621420155e+00
1.075076286009302301e-01,2.674064464330278668e+00
1.082679548108041317e-01,2.661418315776068688e+00
1.090336582757895356e-01,2.648755001216463345e+00
1.098047770254481914e-01,2.636074956263362079e+00
1.105813493582983031e-01,2.623378620860187027e+00
1.113634138437166743e-01,2.610666439257927962e+00
1.121510093238543421e-01,2.597938859989985083e+00
1.129441749155656732e-01,2.585196335845775462e+00
1.137429500123512127e-01,2.572439323843136894e+00
1.145473742863140354e-01,2.559668285199466098e+00
1.153574876901303503e-01,2.546883685301601918e+00
1.161733304590336635e-01,2.534085993674449977e+00
1.169949431128130962e-01,2.521275683948343449e+00
1.178223664578259139e-01,2.508453233825116424e+00
1.186556415890241550e-01,2.495619125042846331e+00
1.194948098919957069e-01,2.482773843339385333e+00
1.203399130450197446e-01,2.469917878414499057e+00
1.211909930211367420e-01,2.457051723890736117e+00
1.220480920902330957e-01,2.444175877272952491e+00
1.229112528211405708e-01,2.431290839906520951e+00
1.237805180837504154e-01,2.418397116934217550e+00
1.246559310511426849e-01,2.405495217251707007e+00
1.255375352017303325e-01,2.392585653461772655e+00
1.264253743214187875e-01,2.379668941827094653e+00
1.273194925057804794e-01,2.366745602221756339e+00
1.282199341622450028e-01,2.353816158081329490e+00
1.291267440123044785e-01,2.340881136351615766e+00
1.300399670937350260e-01,2.327941067436013700e+00
1.309596487628333639e-01,2.314996485141522786e+00
1.318858346966695072e-01,2.302047926623371321e+00
1.328185708953554534e-01,2.289095932328240490e+00
1.337579036843298264e-01,2.276141045936139751e+00
1.347038797166586199e-01,2.263183814300917529e+00
1.356565459753522884e-01,2.250224787389315750e+00
1.366159497756992691e-01,2.237264518218744502e+00
1.375821387676158802e-01,2.224303562793617850e+00
1.385551609380130111e-01,2.211342480040309422e+00
1.395350646131793271e-01,2.198381831740766401e+00
1.405218984611815436e-01,2.185422182464729968e+00
1.415157114942815209e-01,2.172464099500576840e+00
1.425165530713705109e-01,2.159508152784812118e+00
1.435244729004207798e-01,2.146554914830199223e+00
1.445395210409541331e-01,2.133604960652526472e+00
1.455617479065285380e-01,2.120658867696008532e+00
1.465912042672414539e-01,2.107717215757397788e+00
1.476279412522520096e-01,2.094780586908662201e+00
1.486720103523199443e-01,2.081849565418446790e+00
1.497234634223631455e-01,2.068924737672118486e+00
1.507823526840330053e-01,2.056006692090551091e+00
1.518487307283081789e-01,2.043096019047595746e+00
1.529226505181064122e-01,2.030193310786239547e+00
1.540041653909151320e-01,2.017299161333512725e+00
1.550933290614404936e-01,2.004414166414092868e+00
1.561901956242751632e-01,1.991538923362720759e+00
1.572948195565850305e-01,1.978674031035249081e+00
1.584072557208147936e-01,1.965820089718588015e+00
1.595275593674128634e-01,1.952977701039352532e+00
1.606557861375753626e-01,1.940147467871377485e+00
1.617919920660097211e-01,1.927329994241971933e+00
1.629362335837175324e-01,1.914525885237063685e+00
1.640885675207974514e-01,1.901735746905181657e+00
1.652490511092676861e-01,1.888960186160308030e+00
1.664177419859082518e-01,1.876199810683606639e+00
1.675946981951239312e-01,1.863455228824087540e+00
1.687799781918269126e-01,1.850727049498177790e+00
1.699736408443401348e-01,1.838015882088248842e+00
1.711757454373208642e-01,1.825322336340148066e+00
1.723863516747053126e-01,1.812647022259667784e+00
1.736055196826738478e-01,1.799990550008109258e+00
1.748333100126372164e-01,1.787353529796831042e+00
1.760697836442439157e-01,1.774736571780908934e+00
1.773150019884087991e-01,1.762140285951876439e+00
1.785690268903631917e-01,1.749565282029600377e+00
1.798319206327263775e-01,1.737012169353300717e+00
1.811037459385990422e-01,1.724481556771765511e+00
1.823845659746785031e-01,1.711974052532759583e+00
1.836744443543958660e-01,1.699490264171706233e+00
1.849734451410754987e-01,1.687030798399600018e+00
1.862816328511169850e-01,1.674596260990264263e+00
1.875990724571989232e-01,1.662187256666926460e+00
1.889258293915064280e-01,1.649804388988150849e+00
1.902619695489806417e-01,1.637448260233216768e+00
1.916075592905914782e-01,1.625119471286903039e+00
1.929626654466335411e-01,1.612818621523742779e+00
1.943273553200453030e-01,1.600546308691811026e+00
1.957016966897518750e-01,1.588303128796064501e+00
1.970857578140312316e-01,1.576089675981233951e+00
1.984796074339043592e-01,1.563906542414370326e+00
1.998833147765493590e-01,1.551754318167032798e+00
2.012969495587398072e-01,1.539633591097214538e+00
2.027205819903070694e-01,1.527544946730948094e+00
2.041542827776276492e-01,1.515488968143765547e+00
2.055981231271346577e-01,1.503466235841924847e+00
2.070521747488545394e-01,1.491477327643536688e+00
2.085165098599685296e-01,1.479522818559592778e+00
2.099912011883994234e-01,1.467603280674939059e+00
2.114763219764238811e-01,1.455719283029237365e+00
2.129719459843095464e-01,1.443871391498015466e+00
2.144781474939791432e-01,1.432060168673727318e+00
2.159950013126993307e-01,1.420286173747001612e+00
2.175225827767962028e-01,1.408549962388052634e+00
2.190609677553969625e-01,1.396852086628297185e+00
2.206102326541981018e-01,1.385193094742244835e+00
2.221704544192600328e-01,1.373573531129744785e+00
2.237417105408288365e-01,1.361993936198512722e+00
2.253240790571848784e-01,1.350454846247165719e+00
2.269176385585186528e-01,1.338956793348632601e+00
2.285224681908340771e-01,1.327500305234134093e+00
2.301386476598793196e-01,1.316085905177673432e+00
2.317662572351055494e-01,1.304714111881161154e+00
2.334053777536536090e-01,1.293385439360193345e+00
2.350560906243687465e-01,1.282100396830511801e+00
2.367184778318441318e-01,1.270859488595231568e+00
2.383926219404925162e-01,1.259663213932893822e+00
2.400786060986470349e-01,1.248512066986320335e+00
2.417765140426904880e-01,1.237406536652419620e+00
2.434864301012148458e-01,1.226347106472924775e+00
2.452084391992090384e-01,1.215334254526126756e+00
2.469426268622770260e-01,1.204368453319681009e+00
2.486890792208855117e-01,1.193450169684511009e+00
2.504478830146416590e-01,1.182579864669827563e+00
2.522191255966012569e-01,1.171757993439437540e+00
2.540028949376070266e-01,1.160985005169211215e+00
2.557992796306578498e-01,1.150261342945895437e+00
2.576083688953090811e-01,1.139587443667289257e+00
2.594302525821032823e-01,1.128963737943793788e+00
2.612650211770332076e-01,1.118390650001425346e+00
2.631127658060356533e-01,1.107868597586322501e+00
2.649735782395173378e-01,1.097397991870803224e+00
2.668475508969128662e-01,1.086979237361000550e+00
2.687347768512748369e-01,1.076612731806171119e+00
2.706353498338964769e-01,1.066298866109643306e+00
2.725493642389665849e-01,1.056038024241554574e+00
2.744769151282581698e-01,1.045830583153319671e+00
2.764180982358496741e-01,1.035676912693967999e+00
2.783730099728796148e-01,1.025577375528307744e+00
2.803417474323349756e-01,1.015532327057040440e+00
2.823244083938735716e-01,1.005542115338819098e+00
2.843210913286801644e-01,9.956070810142961802e-01
2.863318954043574394e-01,9.857275572322462542e-01
2.883569204898509541e-01,9.759038695777282335e-01
2.903962671604095047e-01,9.661363360024182168e-01
2.924500367025803516e-01,9.564252667570642963e-01
2.945183311192393627e-01,9.467709643261805752e-01
2.966012531346575165e-01,9.371737233649585219e-01
2.986989061996026540e-01,9.276338306384565024e-01
3.008113944964773689e-01,9.181515649631247777e-01
3.029388229444936464e-01,9.087271971506466484e-01
3.050812972048835281e-01,8.993609899541916697e-01
3.072389236861471362e-01,8.900531980170597324e-01
3.094118095493369469e-01,8.808040678237880616e-01
3.116000627133811429e-01,8.716138376537295729e-01
3.138037918604426602e-01,8.624827375371324489e-01
3.160231064413173696e-01,8.534109892137653475e-01
3.182581166808700068e-01,8.443988060940906815e-01
3.205089335835086262e-01,8.354463932230397072e-01
3.227756689386978017e-01,8.265539472463849791e-01
3.250584353265106308e-01,8.177216563797512494e-01
3.273573461232204274e-01,8.089497003802866848e-01
3.296725155069314406e-01,8.002382505210096086e-01
3.320040584632497072e-01,7.915874695678380979e-01
3.343520907909940387e-01,7.829975117593489520e-01
3.367167291079471991e-01,7.744685227892532664e-01
3.390980908566479379e-01,7.660006397916204746e-01
3.414962943102238802e-01,7.575939913288485261e-01
3.439114585782656608e-01,7.492486973824227237e-01
3.463437036127426927e-01,7.409648693464193636e-01
3.487931502139609563e-01,7.327426100238297879e-01
3.512599200365618679e-01,7.245820136256478916e-01
3.537441355955653899e-01,7.164831657727736003e-01
3.562459202724545526e-01,7.084461435007107788e-01
3.587653983213029973e-01,7.004710152670660106e-01
3.613026948749465395e-01,6.925578409618581288e-01
3.638579359511981415e-01,6.847066719206263974e-01
3.664312484591062402e-01,6.769175509403373425e-01
3.690227602052583711e-01,6.691905122980861265e-01
3.716325999001285352e-01,6.615255817725973486e-01
3.742608971644698634e-01,6.539227766684944099e-01
3.769077825357523004e-01,6.463821058433441014e-01
3.795733874746459180e-01,6.389035697374697564e-01
3.822578443715502483e-01,6.314871604065047661e-01
3.849612865531692463e-01,6.241328615566822391e-01
3.876838482891335480e-01,6.168406485828445973e-01
3.904256647986686923e-01,6.096104886091507913e-01
3.931868722573115260e-01,6.024423405324638159e-01
3.959676078036724056e-01,5.953361550684013181e-01
3.987680095462478591e-01,5.882918748000244280e-01
4.015882165702788220e-01,5.813094342291280636e-01
4.044283689446588892e-01,5.743887598301390396e-01
4.072886077288907503e-01,5.675297701065504796e-01
4.101690749800923075e-01,5.607323756499084100e-01
4.130699137600521431e-01,5.539964792012834760e-01
4.159912681423345582e-01,5.473219757152144593e-01
4.189332832194354039e-01,5.407087524260962841e-01
4.218961051099882620e-01,5.341566889169514498e-01
4.248798809660214726e-01,5.276656571905732340e-01
4.278847589802665663e-01,5.212355217429956999e-01
4.309108883935188206e-01,5.148661396392411049e-01
4.339584195020489421e-01,5.085573605913223938e-01
4.370275036650680955e-01,5.023090270384360512e-01
4.401182933122451679e-01,4.961209742293199998e-01
4.432309419512773796e-01,4.899930303067297488e-01
4.463656041755147408e-01,4.839250163939693983e-01
4.495224356716371328e-01,4.779167466834553513e-01
4.527015932273878995e-01,4.719680285272421227e-01
4.559032347393603413e-01,4.660786625294752183e-01
4.591275192208397193e-01,4.602484426407155715e-01
4.623746068097009942e-01,4.544771562540778631e-01
4.656446587763621858e-01,4.487645843031333737e-01
4.689378375317941883e-01,4.431105013615347366e-01
4.722543066355869290e-01,4.375146757442845979e-01
4.755942308040729261e-01,4.319768696106116579e-01
4.789577759185079109e-01,4.264968390683895327e-01
4.823451090333097935e-01,4.210743342800365441e-01
4.857563983843552480e-01,4.157090995698519142e-01
4.891918133973358063e-01,4.104008735327092650e-01
4.926515246961721273e-01,4.051493891440662298e-01
4.961357041114884958e-01,3.999543738712187380e-01
4.996445246891469405e-01,3.948155497857380736e-01
5.031781606988416922e-01,3.897326336770386424e-01
5.067367876427550932e-01,3.847053371670019484e-01
5.103205822642723488e-01,3.797333668256051009e-01
5.139297225567620586e-01,3.748164242874808538e-01
5.175643877724148689e-01,3.699542063693525007e-01
5.212247584311469062e-01,3.651464051882787332e-01
5.249110163295651610e-01,3.603927082806425153e-01
5.286233445499967099e-01,3.556927987218189702e-01
5.323619274695821080e-01,3.510463552464639925e-01
5.361269507694319536e-01,3.464530523693514219e-01
5.399186014438497327e-01,3.419125605066963280e-01
5.437370678096185017e-01,3.374245460979067301e-01
5.475825395153544051e-01,3.329886717276910324e-01
5.514552075509251416e-01,3.286045962484583915e-01
5.553552642569362652e-01,3.242719749029506215e-01
5.592829033342839873e-01,3.199904594470436292e-01
5.632383198537749269e-01,3.157596982726475487e-01
5.672217102658154708e-01,3.115793365306474549e-01
5.712332724101683024e-01,3.074490162538264793e-01
5.752732055257772092e-01,3.033683764796924476e-01
5.793417102606648328e-01,2.993370533731697369e-01
5.834389886818962534e-01,2.953546803490711969e-01
5.875652442856156288e-01,2.914208881943087803e-01
5.917206820071527762e-01,2.875353051897697743e-01
5.959055082312018081e-01,2.836975572318025662e-01
6.001199308020712664e-01,2.799072679532588759e-01
6.043641590340068648e-01,2.761640588440239519e-01
6.086384037215878395e-01,2.724675493709899921e-01
6.129428771501955753e-01,2.688173570974012327e-01
6.172777931065576151e-01,2.652130978015290186e-01
6.216433668893651676e-01,2.616543855946197317e-01
6.260398153199665527e-01,2.581408330380454696e-01
6.304673567531356992e-01,2.546720512596369890e-01
6.349262110879171361e-01,2.512476500691118719e-01
6.394165997785471456e-01,2.478672380725764068e-01
6.439387458454530755e-01,2.445304227860300161e-01
6.484928738863298125e-01,2.412368107478412849e-01
6.530792100872936379e-01,2.379860076301337501e-01
6.576979822341180171e-01,2.347776183490520585e-01
6.623494197235451075e-01,2.316112471738401013e-01
6.670337535746800883e-01,2.284864978347170283e-01
6.717512164404640940e-01,2.254029736294838049e-01
6.765020426192301928e-01,2.223602775288344435e-01
6.812864680663391903e-01,2.193580122803253096e-01
6.861047304058990326e-01,2.163957805109695542e-01
6.909570689425669210e-01,2.134731848284131261e-01
6.958437246734341386e-01,2.105898279206659118e-01
7.007649402999958088e-01,2.077453126543471196e-01
7.057209602402049198e-01,2.049392421714119061e-01
7.107120306406113919e-01,2.021712199843363200e-01
7.157383993885877427e-01,1.994408500697205100e-01
7.208003161246399060e-01,1.967477369602900483e-01
7.258980322548068687e-01,1.940914858352640049e-01
7.310318009631461278e-01,1.914717026090662910e-01
7.362018772243095199e-01,1.888879940183568196e-01
7.414085178162047596e-01,1.863399677073602767e-01
7.466519813327513466e-01,1.838272323114668316e-01
7.519325281967220720e-01,1.813493975390961244e-01
7.572504206726776710e-01,1.789060742517950553e-01
7.626059228799925149e-01,1.764968745425579411e-01
7.679993008059726733e-01,1.741214118123600441e-01
7.734308223190661247e-01,1.717793008448767200e-01
7.789007571821667808e-01,1.694701578793894603e-01
7.844093770660128806e-01,1.671936006818638965e-01
7.899569555626795303e-01,1.649492486141873049e-01
7.955437681991671672e-01,1.627367227015601991e-01
8.011700924510857247e-01,1.605556456980384017e-01
8.068362077564360524e-01,1.584056421502167133e-01
8.125423955294883704e-01,1.562863384590522930e-01
8.182889391747590890e-01,1.541973629398236956e-01
8.240761241010862159e-01,1.521383458802293698e-01
8.299042377358052391e-01,1.501089195966193168e-01
8.357735695390229314e-01,1.481087184883670693e-01
8.416844110179957372e-01,1.461373790903837955e-01
8.476370557416067486e-01,1.441945401237737512e-01
8.536317993549460414e-01,1.422798425446478721e-01
8.596689395939948186e-01,1.403929295910873454e-01
8.657487763004120263e-01,1.385334468282782838e-01
8.718716114364273295e-01,1.367010421918178065e-01
8.780377490998374501e-01,1.348953660292066536e-01
8.842474955391103064e-01,1.331160711395369955e-01
8.905011591685945138e-01,1.313628128113856763e-01
8.967990505838379089e-01,1.296352488589344876e-01
9.031414825770128774e-01,1.279330396563201633e-01
9.095287701524522594e-01,1.262558481702392987e-01
9.159612305422938361e-01,1.246033399908188233e-01
9.224391832222362808e-01,1.229751833607705958e-01
9.289629499274063562e-01,1.213710492028496901e-01
9.355328546683381319e-01,1.197906111456313039e-01
9.421492237470657782e-01,1.182335455476322267e-01
9.488123857733281596e-01,1.166995315197907335e-01
9.555226716808922216e-01,1.151882509463294790e-01
9.622804147439870670e-01,1.136993885040235019e-01
9.690859505938573815e-01,1.122326316798963053e-01
9.759396172354327659e-01,1.107876707873631100e-01
9.828417550641149747e-01,1.093641989808529502e-01
9.897927068826842811e-01,1.079619122689247507e-01
9.967928179183249693e-01,1.065805095259109714e-01
1.003842435839772174e+00,1.052196925021083584e-01
1.010941910774576735e+00,1.038791658325455836e-01
1.018091595326499954e+00,1.025586370443506423e-01
1.025291844593018586e+00,1.012578165627498611e-01
1.032543016182969842e+00,9.997641771572002289e-02
1.039845470234303182e+00,9.871415673732727991e-02
1.047199569431976229e+00,9.747075276977436309e-02
1.054605679025959475e+00,9.624592786419201851e-02
1.062064166849384650e+00,9.503940698019486266e-02
1.069575403336805675e+00,9.385091798423822462e-02
1.077139761542605045e+00,9.268019164679856814e-02
1.084757617159513465e+00,9.152696163841328447e-02
1.092429348537277800e+00,9.039096452460126940e-02
1.100155336701443387e+00,8.927193975970171280e-02
1.107935965372287113e+00,8.816962967965505382e-02
1.115771620983866175e+00,8.708377949376014393e-02
1.123662692703219834e+00,8.601413727543208432e-02
1.131609572449690182e+00,8.496045395199640360e-02
1.139612654914390566e+00,8.392248329354608238e-02
1.147672337579811908e+00,8.289998190089022112e-02
1.155789020739555140e+00,8.189270919262839343e-02
1.163963107518223294e+00,8.090042739137497108e-02
1.172195003891432386e+00,7.992290150916858682e-02
1.180485118705984604e+00,7.895989933209193734e-02
1.188833863700164750e+00,7.801119140413342867e-02
1.197241653524198979e+00,7.707655101032080680e-02
1.205708905760839666e+00,7.615575415915358526e-02
1.214236040946114148e+00,7.524857956436570294e-02
1.222823482590202016e+00,7.435480862604632035e-02
1.231471657198479397e+00,7.347422541114694006e-02
1.240180994292690686e+00,7.260661663340627070e-02
1.248951926432292581e+00,7.175177163271562186e-02
1.257784889235926462e+00,7.090948235396056509e-02
1.266680321403064857e+00,7.007954332535913655e-02
1.275638664735789352e+00,6.926175163633117859e-02
1.284660364160743917e+00,6.845590691492114965e-02
1.293745867751222800e+00,6.766181130480505845e-02
1.302895626749429603e+00,6.687926944190657197e-02
1.312110095588891800e+00,6.610808843065070495e-02
1.321389731917021804e+00,6.534807781988123676e-02
1.330734996617857435e+00,6.459904957846653029e-02
1.340146353834941406e+00,6.386081807062453375e-02
1.349624270994383757e+00,6.313320003098565891e-02
1.359169218828067294e+00,6.241601453942772354e-02
1.368781671397037325e+00,6.170908299570052741e-02
1.378462106115035501e+00,6.101222909387189058e-02
1.388211003772222174e+00,6.032527879661426368e-02
1.398028848559044635e+00,5.964806030936214976e-02
1.407916128090296093e+00,5.898040405436114769e-02
1.417873333429321425e+00,5.832214264463403408e-02
1.427900959112419654e+00,5.767311085788934949e-02
1.437999503173392091e+00,5.703314561039402042e-02
1.448169467168291424e+00,5.640208593083632233e-02
1.458411356200319808e+00,5.577977293420145061e-02
1.468725678944921231e+00,5.516604979568353467e-02
1.479112947675050194e+00,5.456076172465619545e-02
1.489573678286602032e+00,5.396375593872781984e-02
1.500108390324049523e+00,5.337488163790153617e-02
1.510717607006233365e+00,5.279398997886465550e-02
1.521401855252361823e+00,5.222093404942833306e-02
1.532161665708166476e+00,5.165556884314445596e-02
1.542997572772272008e+00,5.109775123411605668e-02
1.553910114622723659e+00,5.054733995203083280e-02
1.564899833243730276e+00,5.000419555743322586e-02
1.575967274452568567e+00,4.946818041726505633e-02
1.587112987926705410e+00,4.893915868068898778e-02
1.598337527231085797e+00,4.841699625522496303e-02
1.609641449845637728e+00,4.790156078321598787e-02
1.621025317192948956e+00,4.739272161864980376e-02
1.632489694666161784e+00,4.689034980435594080e-02
1.644035151657044169e+00,4.639431804960235384e-02
1.655662261584273542e+00,4.590450070811308986e-02
1.667371601921921132e+00,4.542077375653055110e-02
1.679163754228121253e+00,4.494301477334317757e-02
1.691039304173968860e+00,4.447110291830288359e-02
1.702998841572593847e+00,4.400491891235348840e-02
1.715042960408467820e+00,4.354434501809313629e-02
1.727172258866892740e+00,4.308926502079447191e-02
1.739387339363723139e+00,4.263956421000318631e-02
1.751688808575271983e+00,4.219512936173976797e-02
1.764077277468456328e+00,4.175584872132541425e-02
1.776553361331127956e+00,4.132161198685699310e-02
1.789117679802645577e+00,4.089231029335244072e-02
1.801770856904636453e+00,4.046783619758902162e-02
1.814513521072003366e+00,4.004808366365902872e-02
1.827346305184121444e+00,3.963294804926447562e-02
1.840269846596286785e+00,3.922232609277361004e-02
1.853284787171355585e+00,3.881611590106216758e-02
1.866391773311638191e+00,3.841421693816173683e-02
1.879591455990990756e+00,3.801653001473834226e-02
1.892884490787151375e+00,3.762295727842147886e-02
1.906271537914306924e+00,3.723340220500803710e-02
1.919753262255868842e+00,3.684776959056088735e-02
1.933330333397511813e+00,3.646596554442452925e-02
1.947003425660413400e+00,3.608789748317755425e-02
1.960773218134760354e+00,3.571347412554380651e-02
1.974640394713461644e+00,3.534260548828095649e-02
1.988605644126129945e+00,3.497520288306590203e-02
2.002669659973272065e+00,3.461117891439634275e-02
2.016833140760753817e+00,3.425044747852517418e-02
2.031096789934477176e+00,3.389292376344500701e-02
2.045461315915330758e+00,3.353852424993917364e-02
2.059927432134361691e+00,3.318716671371250287e-02
2.074495857068223259e+00,3.283877022861726031e-02
2.089167314274842369e+00,3.249325517098504423e-02
2.103942532429374346e+00,3.215054322507484436e-02
2.118822245360376222e+00,3.181055738964790047e-02
2.133807192086262017e+00,3.147322198567565482e-02
2.148898116852011153e+00,3.113846266518475320e-02
2.164095769166118455e+00,3.080620642124555497e-02
2.179400903837836800e+00,3.047638159910095665e-02
2.194814281014648039e+00,3.014891790843742328e-02
2.210336666220032775e+00,2.982374643679161497e-02
2.225968830391475528e+00,2.950079966408742857e-02
2.241711549918771418e+00,2.918001147829137054e-02
2.257565606682566450e+00,2.886131719217528008e-02
2.273531788093211770e+00,2.854465356116748023e-02
2.289610887129851502e+00,2.822995880227368443e-02
2.305803702379824571e+00,2.791717261404217526e-02
2.322111038078310319e+00,2.760623619754686703e-02
2.338533704148290759e+00,2.729709227835242641e-02
2.355072516240755753e+00,2.698968512942860609e-02
2.371728295775233697e+00,2.668396059496846301e-02
2.388501869980571790e+00,2.637986611506572959e-02
2.405394071936026279e+00,2.607735075119940391e-02
2.422405740612648462e+00,2.577636521246711929e-02
2.439537720914934926e+00,2.547686188250674472e-02
2.456790863722809526e+00,2.517879484703587287e-02
2.474166025933864699e+00,2.488211992193634786e-02
2.491664070505939854e+00,2.458679468180273442e-02
2.509285866499961326e+00,2.429277848886853691e-02
2.527032289123124720e+00,2.400003252221724614e-02
2.544904219772343712e+00,2.370851980717981339e-02
2.562902546078045241e+00,2.341820524481112720e-02
2.581028161948235589e+00,2.312905564133502581e-02
2.599281967612915967e+00,2.284103973743765309e-02
2.617664869668775207e+00,2.255412823728507321e-02
2.636177781124234620e+00,2.226829383713153226e-02
2.654821621444776181e+00,2.198351125338129930e-02
2.673597316598627316e+00,2.169975724995882801e-02
2.692505799102730357e+00,2.141701066483621060e-02
2.711548008069078364e+00,2.113525243556094516e-02
2.730724889251336940e+00,2.085446562362223977e-02
2.750037395091826209e+00,2.057463543748632578e-02
2.769486484768832746e+00,2.029574925412908418e-02
2.789073124244227930e+00,2.001779663888828692e-02
2.808798286311467329e+00,1.974076936345227698e-02
2.828662950643881846e+00,1.946466142180167808e-02
2.848668103843357446e+00,1.918946904391451852e-02
2.868814739489313315e+00,1.891519070704443528e-02
2.889103858188073026e+00,1.864182714438065644e-02
2.909536467622535483e+00,1.836938135089470972e-02
2.930113582602247302e+00,1.809785858618384591e-02
2.950836225113781186e+00,1.782726637411722465e-02
2.971705424371517523e+00,1.755761449909562510e-02
2.992722216868737295e+00,1.728891499873877469e-02
3.013887646429125766e+00,1.702118215281665445e-02
3.035202764258589259e+00,1.675443246824846397e-02
3.056668628997491144e+00,1.648868465999807700e-02
3.078286306773207581e+00,1.622395962770353112e-02
3.100056871253086044e+00,1.596028042788742718e-02
3.121981403697783541e+00,1.569767224160287591e-02
3.144060993014941907e+00,1.543616233738723774e-02
3.166296735813299179e+00,1.517578002940136832e-02
3.188689736457125168e+00,1.491655663065408893e-02
3.211241107121099336e+00,1.465852540122183044e-02
3.233951967845519970e+00,1.440172149139374615e-02
3.256823446591960103e+00,1.414618187969081224e-02
3.279856679299263167e+00,1.389194530572620233e-02
3.303052809939984957e+00,1.363905219789580438e-02
3.326412990577185536e+00,1.338754459591207958e-02
3.349938381421674549e+00,1.313746606821257490e-02
3.373630150889606050e+00,1.288886162430662868e-02
3.397489475660538716e+00,1.264177762214078668e-02
3.421517540735847351e+00,1.239626167059593165e-02
3.445715539497606006e+00,1.215236252725190001e-02
3.470084673767835248e+00,1.191012999158538518e-02
3.494626153868200635e+00,1.166961479379094620e-02
3.519341198680137062e+00,1.143086847944660076e-02
3.544231035705359467e+00,1.119394329026998820e-02
3.569296901126859378e+00,1.095889204123968313e-02
3.594540039870269155e+00,1.072576799438341652e-02
3.619961705665723617e+00,1.049462472956072707e-02
3.645563161110100037e+00,1.026551601259302789e-02
3.671345677729752843e+00,1.003849566111875841e-02
3.697310536043638240e+00,9.813617408573683740e-03
3.723459025626941976e+00,9.590934766719154056e-03
3.749792445175096578e+00,9.370500887158843273e-03
3.776312102568314177e+00,9.152368422304412929e-03
3.803019314936512796e+00,8.936589386264603627e-03
3.829915408724764436e+00,8.723215016145978093e-03
3.857001719759141967e+00,8.512295634264699373e-03
3.884279593313097134e+00,8.303880511775238102e-03
3.911750384174244477e+00,8.098017734229131376e-03
3.939415456711678143e+00,7.894754069576442185e-03
3.967276184943707040e+00,7.694134839124022913e-03
3.995333952606112238e+00,7.496203791958171679e-03
4.023590153220879095e+00,7.301002983333354859e-03
4.052046190165383699e+00,7.108572657517764695e-03
4.080703476742123748e+00,6.918951135570784207e-03
4.109563436248881096e+00,6.732174708513335298e-03
4.138627502049441631e+00,6.548277536327134531e-03
4.167897117644755234e+00,6.367291553200831247e-03
4.197373736744657080e+00,6.189246379409281580e-03
4.227058823340041904e+00,6.014169240186025348e-03
4.256953851775601372e+00,5.842084891916784345e-03
4.287060306823019751e+00,5.673015555946329773e-03
4.317379683754746900e+00,5.506980860255481294e-03
4.347913488418234884e+00,5.343997789226647213e-03
4.378663237310754575e+00,5.184080641675972538e-03
4.409630457654684754e+00,5.027240997289505846e-03
4.440816687473396307e+00,4.873487691557190984e-03
4.472223475667610693e+00,4.722826799258336011e-03
4.503852382092338402e+00,4.575261626505403717e-03
4.535704977634366308e+00,4.430792711313597670e-03
4.567782844290247724e+00,4.289417832618022501e-03
4.600087575244907079e+00,4.151132027620419926e-03
4.632620774950732212e+00,4.015927617305397636e-03
4.665384059207298151e+00,3.883794239927452780e-03
4.698379055241581170e+00,3.754718892231645108e-03
4.731607401788815004e+00,3.628685978136771215e-03
4.765070749173839104e+00,3.505677364574259682e-03
4.798770759393106822e+00,3.385672444148249156e-03
4.832709106197189186e+00,3.268648204251893910e-03
4.866887475173941269e+00,3.154579302251831873e-03
4.901307563832183689e+00,3.043438146330684855e-03
4.935971081686049367e+00,2.935194981558607741e-03
4.970879750339845415e+00,2.829817980751074200e-03
5.006035303573603379e+00,2.727273339657840159e-03
5.041439487429151711e+00,2.627525376020446897e-03
5.077094060296849953e+00,2.530536632032108404e-03
5.113000793002938416e+00,2.436267979730805371e-03
5.149161468897450966e+00,2.344678728862507888e-03
5.185577883942828592e+00,2.255726736753245216e-03
5.222251846803077413e+00,2.169368519741660378e-03
5.259185178933637239e+00,2.085559365733077788e-03
5.296379714671807903e+00,2.004253447452867837e-03
5.333837301327894131e+00,1.925403935993025934e-03
5.371559799276911740e+00,1.848963114267877187e-03
5.409549082051029245e+00,1.774882490014836629e-03
5.447807036432573469e+00,1.703112908002016139e-03
5.486335562547784761e+00,1.633604661129112699e-03
5.525136573961145992e+00,1.566307600135444667e-03
5.564211997770461160e+00,1.501171241656439363e-03
5.603563774702529088e+00,1.438144874399357315e-03
5.643193859209571173e+00,1.377177663236161783e-03
5.683104219566259552e+00,1.318218751041902621e-03
5.723296837967517980e+00,1.261217358133458893e-03
5.763773710626932001e+00,1.206122879191738519e-03
5.804536847875906957e+00,1.152884977575662417e-03
5.845588274263531225e+00,1.101453676959675667e-03
5.886930028657091363e+00,1.051779450249455640e-03
5.928564164343377740e+00,1.003813305746696291e-03
5.970492749130616339e+00,9.575068705515482788e-04
6.012717865451219446e+00,9.128124711997406176e-04
6.055241610465158963e+00,8.696832115392853302e-04
6.098066096164178163e+00,8.280730478510379359e-04
6.141193449476634925e+00,7.879368612123008406e-04
6.184625812373186093e+00,7.492305270894807122e-04
6.228365341973125524e+00,7.119109821249261505e-04
6.272414210651564126e+00,6.759362880533247107e-04
6.316774606147276927e+00,6.412656926438667620e-04
6.361448731671411672e+00,6.078596875140041510e-04
6.406438806016858223e+00,5.756800625993152348e-04
6.451747063668501703e+00,5.446899569910219115e-04
6.497375754914157753e+00,5.148539057665109603e-04
6.543327145956349788e+00,4.861378823402099400e-04
6.589603519024886502e+00,4.585093357518811152e-04
6.636207172490164119e+00,4.319372221874519984e-04
6.683140420977371043e+00,4.063920298963663016e-04
6.730405595481391501e+00,3.818457965308099116e-04
6.778005043482632885e+00,3.582721177908345690e-04
6.825941129063561874e+00,3.356461461189160032e-04
6.874216233026173128e+00,3.139445780567566243e-04
6.922832753010177420e+00,2.931456287624798797e-04
6.971793103612142772e+00,2.732289921002182013e-04
7.021099716505362132e+00,2.541757846682766823e-04
7.070755040560676719e+00,2.359684721414403118e-04
7.120761541968050778e+00,2.185907763843786408e-04
7.171121704359111781e+00,2.020275619649100130e-04
7.221838028930448239e+00,1.862647009762443935e-04
7.272913034567887181e+00,1.712889154849786414e-04
7.324349257971554117e+00,1.570875974729485662e-04
7.376149253781875359e+00,1.436486068478404969e-04
7.428315594706486280e+00,1.309600489656332853e-04
7.480850871647950484e+00,1.190100341335917464e-04
7.533757693832503044e+00,1.077864227289984406e-04
7.587038688939579778e+00,9.727656084407823231e-05
7.640696503232383918e+00,8.746701270031477982e-05
7.694733801689255692e+00,7.834329739525617241e-05
7.749153268136092620e+00,6.988963875904428253e-05
7.803957605379584272e+00,6.208873809672876170e-05
7.859149535341510173e+00,5.492158025063325922e-05
7.914731799193866379e+00,4.836728360451025735e-05
7.970707157495071193e+00,4.240300424377988170e-05
8.027078390327009316e+00,3.700390338041587441e-05
8.083848297433169350e+00,3.214318528312913787e-05
8.141019698357636614e+00,2.779221031589947943e-05
8.198595432585188192e+00,2.392068434699768804e-05
8.256578359682256618e+00,2.049692189672310612e-05
8.314971359439020659e+00,1.748817618253356121e-05
8.373777332012377173e+00,1.486102500939077026e-05
8.432999198069994762e+00,1.258179760937296690e-05
8.492639898935413711e+00,1.061702444330317088e-05
8.552702396734058965e+00,8.933889993106646255e-06
8.613189674540430829e+00,7.500667968893174098e-06
8.674104736526190962e+00,6.287119270749566704e-06
8.735450608109443849e+00,5.264835458212457523e-06
8.797230336104918891e+00,4.407514190944363555e-06
8.859446988875371076e+00,3.691157754464902694e-06
8.922103656483901801e+00,3.094190905405709190e-06
8.985203450847500051e+00,2.597499348453246354e-06
9.048749505891533929e+00,2.184394712097394053e-06
9.112744977705464322e+00,1.840515545410691500e-06
9.177193044699528457e+00,1.553676385578131792e-06
9.242096907762670455e+00,1.313678281357120214e-06
9.307459790421448886e+00,1.112094381048390739e-06
9.373284939000198435e+00,9.420434858114514484e-07
9.439575622782214737e+00,7.979630594891565099e-07
9.506335134172138268e+00,6.753913059873378509e-07
9.573566788859515952e+00,5.707657801364064635e-07
9.641273925983409043e+00,4.812437590844587839e-07
9.709459908298304853e+00,4.045474117440520428e-07
9.778128122341067652e+00,3.388347883728683254e-07
9.847281978599200514e+00,2.825959213341059813e-07
9.916924911680160548e+00,2.345719715524359123e-07
9.987060380482020605e+00,1.936944302084525173e-07
1.005769186836517193e+01,1.590409033483176761e-07
1.012882288332542657e+01,1.298039297425388032e-07
1.020045695816814479e+01,1.052695278424961135e-07
1.027259765068379416e+01,8.480262851823550509e-08
1.034524854382456027e+01,6.783711483826597477e-08
1.041841324588238393e+01,5.386876249817735340e-08
1.049209539066808539e+01,4.244988667400751178e-08
1.056629863769193101e+01,3.318491656918828873e-08
1.064102667234530664e+01,2.572642854071047883e-08
1.071628320608379603e+01,1.977138208116014085e-08
1.079207197661153650e+01,1.505743936035482957e-08
1.086839674806679490e+01,1.135932984963546094e-08
1.094526131120899137e+01,8.485265525913525264e-09
1.102266948360689192e+01,6.273433469863793821e-09
1.110062510982830020e+01,4.588600886516598604e-09
1.117913206163091111e+01,3.318868529176806815e-09
1.125819423815469555e+01,2.372605507469503747e-09
1.133781556611546826e+01,1.675593299114258121e-09
1.141799999999999926e+01,1.168400448199579727e-09
