1.566484790619006584e-01 8.308484369473022572e-28
1.583930298138853943e-01 6.794166903034664134e-28
1.601570091447141186e-01 5.555851326614347370e-28
1.619406334250917678e-01 4.486381424138710174e-28
1.637441214353838881e-01 3.590727280092363531e-28
1.655676943924522804e-01 2.885105329388094036e-28
1.674115759767898504e-01 2.334342514441567579e-28
1.692759923599572169e-01 1.906175863816265463e-28
1.711611722323250206e-01 1.654276531914055529e-28
1.730673468311252627e-01 1.435665457731028585e-28
1.749947499688150887e-01 1.245943629592098372e-28
1.769436180617560972e-01 1.113913973674157508e-28
1.789141901592135875e-01 9.967297638168167201e-29
1.809067079726783267e-01 8.918733812104394658e-29
1.829214159055150279e-01 7.980479333392624999e-29
1.849585610829410642e-01 6.992248730931378180e-29
1.870183933823389710e-01 6.109092305524982361e-29
1.891011654639064288e-01 5.337483009196860785e-29
1.912071328016479999e-01 4.573211191032998336e-29
1.933365537147112012e-01 3.852748998157339165e-29
1.954896893990727136e-01 3.245788183127726200e-29
1.976668039595763371e-01 2.732846808433079598e-29
1.998681644423284942e-01 2.300874078166086682e-29
2.020940408674541111e-01 1.941350746887677474e-29
2.043447062622176236e-01 1.658217734650151815e-29
2.066204366945123549e-01 1.416377777130951782e-29
2.089215113067234564e-01 1.214876830472464969e-29
2.112482123499675735e-01 1.062580825964662738e-29
2.136008252187139023e-01 9.293765288688953481e-30
2.159796384857907703e-01 8.128438768824725017e-30
2.183849439377823221e-01 7.095498077555979695e-30
2.208170366108190841e-01 6.193820781635838174e-30
2.232762148267673219e-01 5.406726272870448729e-30
2.257627802298212416e-01 4.782298116747671287e-30
2.282770378235031150e-01 4.289523630149331086e-30
2.308192960080748812e-01 3.847525295249245707e-30
2.333898666183669424e-01 3.451071068483062069e-30
2.359890649620278447e-01 3.116013722825750643e-30
2.386172098582000911e-01 2.826952455421551301e-30
2.412746236766267760e-01 2.564706351153909037e-30
2.439616323771936213e-01 2.326787864802767266e-30
2.466785655499113272e-01 2.125242482990018434e-30
2.494257564553433448e-01 1.954872603749454772e-30
2.522035420654837323e-01 1.798160411095118723e-30
2.550122631050904531e-01 1.654011037766938329e-30
2.578522640934787225e-01 1.525312798561672579e-30
2.607238933867799813e-01 1.412094422074537318e-30
2.636275032206715774e-01 1.307279830559564069e-30
2.665634497535819825e-01 1.210245241870684113e-30
2.695320931103776241e-01 1.125603582423579270e-30
2.725337974265358842e-01 1.057976372645558201e-30
2.755689308928100378e-01 9.944122625002810917e-31
2.786378658003919040e-01 9.346671375450584710e-31
2.817409785865773730e-01 8.802183902938473835e-31
2.848786498809402490e-01 8.349698003546290331e-31
2.880512645520204584e-01 7.920472637154440800e-31
2.912592117545323989e-01 7.513312070600317604e-31
2.945028849770988666e-01 7.132069994901485687e-31
2.977826820905163929e-01 6.805949320028231531e-31
3.010990053965585944e-01 6.494740822777383963e-31
3.044522616773224222e-01 6.197762629663017161e-31
3.078428622451245822e-01 5.915721433698772624e-31
3.112712229929531227e-01 5.702529416927810321e-31
3.147377644454812939e-01 5.497020459023677364e-31
3.182429118106490096e-01 5.298917676290464064e-31
3.217870950318195700e-01 5.107954163425164457e-31
3.253707488405163661e-01 4.938570801162693101e-31
3.289943128097475022e-01 4.775914986894377563e-31
3.326582314079238878e-01 4.618616373115941521e-31
3.363629540533781825e-01 4.466498516106560808e-31
3.401089351694907559e-01 4.337579461402427631e-31
3.438966342404290444e-01 4.215949230153079122e-31
3.477265158675087453e-01 4.097729636860975056e-31
3.515990498261818420e-01 3.982825043697034443e-31
3.555147111236591773e-01 3.869833896509714953e-31
3.594739800571757904e-01 3.759593909043387794e-31
3.634773422729039583e-01 3.652494328933442698e-31
3.675252888255227668e-01 3.548445695371805214e-31
3.716183162384515959e-01 3.457518363558839178e-31
3.757569265647536239e-01 3.374474393226652497e-31
3.799416274487180667e-01 3.293425004060288367e-31
3.841729321881278691e-01 3.214322289462688473e-31
3.884513597972215626e-01 3.137119493475374277e-31
3.927774350703555628e-01 3.061770983141902951e-31
3.971516886463756224e-01 2.988232221535363191e-31
4.015746570737055432e-01 2.916459741433327837e-31
4.060468828761604199e-01 2.841719569413165140e-31
4.105689146194928529e-01 2.763302686298464103e-31
4.151413069786804022e-01 2.687049706907272640e-31
4.197646208059623851e-01 2.612900918596872062e-31
4.244394231996342914e-01 2.536265496196776430e-31
4.291662875736080851e-01 2.453857621680172659e-31
4.339457937277481081e-01 2.374127328746639412e-31
4.387785279189891918e-01 2.296987617905178942e-31
4.436650829332471901e-01 2.215249128018965988e-31
4.486060581581308715e-01 2.116868866332906115e-31
4.536020596564627749e-01 2.022857718606535312e-31
4.586537002406194663e-01 1.933021650422120557e-31
4.637615995476989661e-01 1.846619622491379596e-31
4.689263841155266177e-01 1.761372178347013597e-31
4.741486874595058909e-01 1.680060101640862801e-31
4.794291501503257780e-01 1.602501719866166817e-31
4.847684198925340526e-01 1.529400078093327959e-31
4.901671516039845522e-01 1.470903116936527842e-31
4.956260074961699180e-01 1.414643565410859513e-31
5.011456571554492312e-01 1.360535846389606362e-31
5.067267776251790368e-01 1.308497655926122721e-31
5.123700534887607461e-01 1.265222740785712156e-31
5.180761769536113004e-01 1.223551608909909365e-31
5.238458479360703635e-01 1.183252949386855806e-31
5.296797741472519805e-01 1.144281558732176427e-31
5.355786711798528055e-01 1.103027118677479297e-31
5.415432625959277768e-01 1.062788001929839254e-31
5.475742800156415679e-01 1.024016833240051281e-31
5.536724632070103569e-01 9.866600609480877554e-32
5.598385601766422415e-01 9.551240990480660326e-32
5.660733272614875133e-01 9.257885310039294287e-32
5.723775292216117805e-01 8.973539721096297561e-32
5.787519393340020413e-01 8.697927488772405399e-32
5.851973394874168122e-01 8.412149153129470560e-32
5.917145202782931879e-01 8.127623398630993733e-32
5.983042811077224910e-01 7.852721213983671258e-32
6.049674302795040592e-01 7.587117099315341520e-32
6.117047850992934910e-01 7.346484470605280376e-32
6.185171719748527863e-01 7.124114447840833817e-32
6.254054265174189275e-01 6.908475321632765134e-32
6.323703936441994466e-01 6.699363355128801895e-32
6.394129276820110785e-01 6.471391759128968244e-32
6.465338924720720470e-01 6.226729923530129920e-32
6.537341614759610842e-01 5.991317939590196032e-32
6.610146178827566166e-01 5.764806101130011966e-32
6.683761547173694417e-01 5.542755966716904249e-32
6.758196749500817724e-01 5.323418007243714258e-32
6.833460916073054170e-01 5.112759690308414002e-32
6.909563278835750832e-01 4.910437545064616227e-32
6.986513172547873518e-01 4.718789714300581323e-32
7.064320035927014185e-01 4.540387942892279073e-32
7.142993412807151499e-01 4.368730950117609605e-32
7.222542953309301073e-01 4.203563738290969627e-32
7.302978415025204173e-01 4.048597462235125560e-32
7.384309664214198099e-01 3.913456901405798214e-32
7.466546677013424782e-01 3.782827278339917052e-32
7.549699540661501951e-01 3.656558019742618380e-32
7.633778454735830055e-01 3.532975979771961034e-32
7.718793732403681496e-01 3.402528477304385392e-32
7.804755801687220940e-01 3.276897466937905226e-32
7.891675206742601034e-01 3.155905110111279464e-32
7.979562609153330044e-01 3.038842384557052526e-32
8.068428789238020205e-01 2.903885956752127855e-32
8.158284647372705534e-01 2.774923007746374409e-32
8.249141205327892301e-01 2.651687364311141112e-32
8.341009607620494259e-01 2.533924674096750896e-32
8.433901122880826939e-01 2.434842893630006780e-32
8.527827145234816442e-01 2.340639468608919505e-32
8.622799195701621455e-01 2.250080749087690357e-32
8.718828923606801728e-01 2.163025722378322917e-32
8.815928108011227282e-01 2.087307186468035657e-32
8.914108659155913772e-01 2.015782283059851106e-32
9.013382619922930550e-01 1.946708294323330234e-32
9.113762167312594586e-01 1.880001235765746942e-32
9.215259613937100136e-01 1.813735824136629635e-32
9.317887409530797305e-01 1.749174806150343130e-32
9.421658142477284947e-01 1.686911876445702768e-32
9.526584541353502189e-01 1.626865233187535011e-32
9.632679476491027293e-01 1.563870985442243557e-32
9.739955961554758179e-01 1.500606949267984967e-32
9.848427155139181099e-01 1.439902164023192382e-32
9.958106362382397325e-01 1.381653099081039317e-32
1.006900703659815655e+00 1.324760053669001421e-32
1.018114278092603797e+00 1.269419203407824223e-32
1.029452735000002006e+00 1.216390175351079365e-32
1.040917465163563538e+00 1.165576394872986084e-32
1.052509874853590377e+00 1.113403606357279296e-32
1.064231386001627921e+00 1.059568716280498576e-32
1.076083436374879465e+00 1.008336831414973639e-32
1.088067479752563793e+00 9.595820921904489700e-33
1.100184986104236540e+00 9.157474166773469769e-33
1.112437441770097291e+00 8.782989003524246691e-33
1.124826349643304857e+00 8.423818012604482657e-33
1.137353229354323814e+00 8.079334937229929693e-33
1.150019617457321397e+00 7.791341911337978354e-33
1.162827067618644517e+00 7.628670503007687475e-33
1.175777150807391536e+00 7.469395427092184130e-33
1.188871455488108797e+00 7.313445773319094443e-33
1.202111587815632765e+00 7.169595174758186079e-33
1.215499171832101988e+00 7.071624217627921076e-33
1.229035849666162861e+00 6.974992012297148586e-33
1.242723281734392504e+00 6.879680265013880189e-33
1.256563146944969844e+00 6.784779658763512293e-33
1.270557142903608661e+00 6.679798612943507189e-33
1.284706986121787464e+00 6.576441941169010247e-33
1.299014412227298187e+00 6.474684509464249065e-33
1.313481176177139220e+00 6.374501572752340904e-33
1.328109052472779217e+00 6.315293989607522273e-33
1.342899835377818096e+00 6.257634798260601869e-33
1.357855339138073436e+00 6.200502040418161899e-33
1.372977398204116017e+00 6.143890909695858636e-33
1.388267867456284943e+00 6.060876857830016348e-33
1.403728622432208306e+00 5.975314587713718015e-33
1.419361559556857610e+00 5.890960212467944759e-33
1.435168596375163697e+00 5.807796680067121355e-33
1.451151671787225705e+00 5.742257834357232489e-33
1.467312746286135505e+00 5.682006539694587735e-33
1.483653802198454441e+00 5.622387438606790003e-33
1.500176843927365944e+00 5.563393897730900540e-33
1.516883898198536862e+00 5.473967027998504620e-33
1.533777014308717046e+00 4.961191927840047375e-33
1.550858264377106277e+00 3.926622724501476615e-33
1.568129743599522730e+00 3.261191742463782910e-33
1.585593570505401839e+00 2.723549483568424171e-33
1.603251887217652216e+00 2.159770698647009503e-33
1.621106859715414128e+00 1.514960054293604973e-33
1.639160678099738089e+00 1.107924467892365290e-33
1.657415556862223083e+00 9.735782368897297857e-34
1.675873735156648836e+00 8.555227461926572079e-34
1.694537477073630116e+00 7.517825907769720116e-34
1.713409071918333026e+00 6.606219020014850895e-34
1.732490834491280829e+00 5.700692137461496108e-34
1.751785105372289930e+00 4.863107275898908973e-34
1.771294251207566228e+00 4.148472641917569947e-34
1.791020664999999568e+00 3.530504085942563518e-34
1.810966766402690276e+00 3.004589924231879205e-34
1.831135002015745528e+00 2.557017466355863776e-34
1.851527845686381513e+00 2.176116704152320003e-34
1.872147798812364039e+00 1.851956027832540906e-34
1.892997390648835321e+00 1.576083269100842536e-34
1.914079178618551591e+00 1.341305319244962103e-34
1.935395748625578616e+00 1.155214501083621537e-34
1.956949715372479304e+00 1.041094608894690341e-34
1.978743722681036044e+00 9.382482505655011265e-35
2.000780443816541965e+00 8.455617502657428339e-35
2.023062581815706196e+00 7.620314485868071644e-35
2.045592869818209536e+00 6.867528343764463197e-35
2.068374071401953174e+00 6.189107502042375418e-35
2.091408980922039085e+00 5.577705653973340570e-35
2.114700423853530076e+00 5.026702210633722511e-35
2.138251257138023664e+00 4.530130609597550714e-35
2.162064369534080654e+00 4.122572639514858333e-35
2.186142681971570578e+00 3.819201352188134003e-35
2.210489147909949104e+00 3.538154507878405500e-35
2.235106753700532689e+00 3.277789298657384167e-35
2.259998518952805568e+00 3.040878584387493507e-35
2.285167496904806583e+00 2.832427598342134357e-35
2.310616774797642048e+00 2.638265842326009234e-35
2.336349474254167724e+00 2.457413795451727600e-35
2.362368751661889199e+00 2.330190807114091486e-35
2.388677798560125520e+00 2.213372787063552889e-35
2.415279842031486712e+00 2.102411132838055617e-35
2.442178145097707809e+00 1.997012250857894046e-35
2.469376007119893579e+00 1.896897266089409859e-35
2.496876764203222354e+00 1.799742413830994234e-35
2.524683789606147588e+00 1.695879346042428345e-35
2.552800494154173538e+00 1.598010212034305626e-35
2.581230326658221053e+00 1.505789102111113309e-35
2.609976774337664729e+00 1.418890069012825258e-35
2.639043363248076091e+00 1.337005975883773800e-35
2.668433658713730949e+00 1.266475458731311393e-35
2.698151265764935580e+00 1.210230684510201290e-35
2.728199829580219671e+00 1.156483767318495408e-35
2.758583035933458660e+00 1.105123776143958693e-35
2.789304611645970322e+00 1.057674175172510770e-35
2.820368325043650870e+00 1.016286361695191953e-35
2.851777986419198108e+00 9.765180933903303245e-36
2.883537448499486899e+00 9.383059958888725027e-36
2.915650606918140042e+00 9.022083957014315037e-36
2.948121400693378469e+00 8.701284773730590332e-36
2.980953812711177431e+00 8.391892280573789435e-36
3.014151870213810813e+00 8.093500888669255259e-36
3.047719645293834212e+00 7.805719430708802727e-36
3.081661255393572052e+00 7.528170648161134918e-36
3.115980863810163370e+00 7.260490696715659615e-36
3.150682680206235542e+00 7.002328669312374648e-36
3.185770961126263234e+00 6.753346136130318385e-36
3.221250010518678319e+00 6.542180549196383661e-36
3.257124180263796465e+00 6.354702272435157766e-36
3.293397870707617692e+00 6.172596532245245965e-36
3.330075531201579508e+00 5.995709368660345452e-36
3.367161660648315014e+00 5.865186463402647740e-36
3.404660808053486587e+00 5.753849219027614812e-36
3.442577573083778208e+00 5.644625459375084303e-36
3.480916606631086374e+00 5.537475064737517656e-36
3.519682611383004645e+00 5.432358676989180455e-36
3.558880342399655117e+00 5.329237685128608184e-36
3.598514607696948975e+00 5.228074211096859214e-36
3.638590268836340069e+00 5.128831095863655649e-36
3.679112241521145688e+00 5.031471885778518106e-36
3.720085496199511788e+00 4.935960819180980268e-36
3.761515058674087530e+00 4.842262813264151456e-36
3.803406010718497043e+00 4.750343451188874286e-36
3.845763490700668807e+00 4.660168969441201461e-36
3.888592694213116818e+00 4.608477383551228311e-36
3.931898874710222813e+00 4.568113210111577233e-36
3.975687344152642577e+00 4.528102573504490392e-36
4.019963473658865638e+00 4.488442377214533692e-36
4.064732694164042037e+00 4.443889160475926496e-36
4.110000497086141458e+00 1.206303707248213556e-36
4.155772434999537523e+00 9.857800275701141586e-37
4.202054122316086548e+00 8.055701536165184711e-37
4.248851235973795326e+00 6.634292228224134001e-37
4.296169516133159227e+00 5.508392168886970407e-37
4.344014766881252321e+00 4.701679555743042578e-37
4.392392856943657442e+00 4.013111261349934886e-37
4.441309720404332140e+00 3.424401912577423290e-37
4.490771357433484212e+00 2.921577341007575142e-37
4.540783835023557202e+00 2.492585384951045278e-37
4.591353287733405786e+00 2.126584778046251133e-37
4.642485918440772075e+00 1.814326139245513870e-37
4.694187999103132114e+00 1.560400556957937707e-37
4.746465871527012936e+00 1.379652143530912580e-37
4.799325948145887644e+00 1.219840654799735057e-37
4.852774712806725788e+00 1.058715350143025470e-37
4.906818721565304742e+00 9.113074040789125639e-38
4.961464603490380654e+00 7.844234851387273623e-38
5.016719061476815789e+00 6.752059747161946516e-38
5.072588873067754633e+00 5.811951285622348589e-38
5.129080891285964228e+00 5.002736796078538634e-38
5.186202045474429312e+00 4.360778503487585537e-38
5.243959342146312430e+00 3.812998400007867931e-38
5.302359865844366915e+00 3.340992466023737888e-38
5.361410780009943089e+00 2.934115741104510014e-38
5.421119327861655179e+00 2.576789762247838486e-38
5.481492833283835076e+00 2.261637979490827929e-38
5.542538701724890160e+00 1.985001742199241055e-38
5.604264421105655813e+00 1.772737807196063020e-38
5.666677562737868712e+00 1.600837157652628040e-38
5.729785782252868387e+00 1.445605545794012206e-38
5.793596820540643400e+00 1.296607367194640010e-38
5.858118504699328710e+00 1.136703444905253526e-38
5.923358748995288359e+00 9.965196514771212559e-39
5.989325555833876713e+00 9.020975913835866344e-39
6.056027016741023061e+00 3.031236713483044722e-39
6.123471313355744350e+00 2.741625134406391710e-39
6.191666718433697980e+00 2.479683735742346422e-39
6.260621596861938976e+00 2.242768842515862035e-39
6.330344406684953462e+00 2.036341584075037511e-39
6.400843700142124781e+00 1.862554820949924939e-39
6.472128124716761022e+00 1.702557614616451237e-39
6.544206424196799432e+00 1.552800159696886715e-39
6.617087439747320055e+00 1.416215413360836014e-39
6.690780110995013352e+00 1.281707966346089237e-39
6.765293477124718180e+00 1.159283827657326689e-39
6.840636677988171321e+00 1.070784056138450502e-39
6.916818955225110699e+00 9.898137599060286945e-40
6.993849653396854826e+00 9.149662564387452722e-40
7.071738221132522817e+00 8.407795112084602797e-40
7.150494212287985540e+00 7.393931846784773869e-40
7.230127287117777968e+00 6.638144799816033643e-40
7.310647213460007343e+00 6.010952717939132967e-40
7.392063867934494326e+00 5.498360430999349573e-40
7.474387237154238584e+00 5.043756529540457858e-40
7.557627418950385589e+00 4.597680269104613434e-40
7.641794623610828729e+00 4.166793691631465379e-40
7.726899175132616371e+00 3.804316808203788940e-40
7.812951512488289119e+00 3.493900823713825591e-40
7.899962190906338222e+00 3.206304056454345075e-40
7.987941883165913914e+00 2.936911228525032960e-40
8.076901380905949779e+00 2.692922897334398974e-40
8.166851595948880771e+00 2.490373013451148040e-40
8.257803561639086354e+00 2.303058046060169250e-40
8.349768434196239042e+00 2.134347880664490025e-40
8.442757494083755532e+00 1.980633914583730557e-40
8.536782147392443676e+00 1.837990300989739129e-40
8.631853927239589552e+00 1.710892687303996915e-40
8.727984495183614300e+00 1.593010891327419413e-40
8.825185642654485463e+00 1.483219028931972646e-40
8.923469292400065811e+00 1.380839170469440973e-40
9.022847499948555949e+00 1.285526127638574195e-40
9.123332455087243886e+00 1.202281995289190150e-40
9.224936483357698336e+00 1.128374650272191510e-40
9.327672047567636682e+00 1.059010578521252076e-40
9.431551749319613265e+00 9.963941685339816819e-41
9.536588330556750037e+00 9.387519786061725233e-41
9.642794675125644588e+00 8.844444349103339473e-41
9.750183810356745084e+00 8.338176581391365248e-41
9.858768908662268515e+00 7.863087909911518673e-41
9.968563289151937568e+00 7.415068615479074055e-41
1.007958041926671733e+01 7.029823490596678450e-41
1.019183391643073122e+01 6.695124959752512529e-41
1.030533754972158889e+01 6.376361837058934004e-41
1.042010524155930540e+01 6.072775418161055783e-41
1.053615106941403390e+01 5.780893039328721962e-41
1.065348926753281411e+01 5.500785905277200976e-41
1.077213422868555703e+01 5.234251069832967714e-41
1.089210050593046830e+01 4.980630901443332468e-41
1.101340281439913582e+01 4.739680110555131934e-41
1.113605603310149661e+01 4.511134051245153770e-41
1.126007520675089069e+01 4.293608419476223929e-41
1.138547554760947911e+01 4.086571813291317269e-41
1.151227243735417183e+01 3.895240978424290401e-41
1.164048142896336024e+01 3.724186684505831392e-41
1.177011824862464451e+01 3.560644010954323820e-41
1.190119879766383093e+01 3.404283095015520696e-41
1.203373915449538067e+01 3.255653183917323134e-41
1.216775557659461704e+01 3.119813937971354795e-41
1.230326450249185655e+01 2.989642464265525811e-41
1.244028255378878356e+01 2.864902280022351589e-41
1.257882653719725852e+01 2.745366769498818881e-41
1.271891344660083689e+01 2.637166287692256453e-41
1.286056046513926177e+01 2.535887679041244950e-41
1.300378496731612543e+01 2.438498607662932501e-41
1.314860452113008016e+01 2.344849698478086898e-41
1.329503689022970470e+01 2.255289275559143860e-41
1.344310003609242088e+01 2.175614860308280727e-41
1.359281212022765040e+01 2.098755167104067551e-41
1.374419150640451726e+01 2.024610758000556313e-41
1.389725676290435885e+01 1.953085707975960999e-41
1.405202666479832629e+01 1.886184363207177490e-41
1.420852019625033691e+01 1.824145951694818636e-41
1.436675655284569153e+01 1.764148042997588709e-41
1.452675514394560352e+01 1.706123523022185788e-41
1.468853559506797879e+01 1.650007485122162011e-41
1.485211775029468662e+01 1.599020334294797023e-41
1.501752167470561972e+01 1.550334923031440609e-41
1.518476765683993612e+01 1.503131837676670925e-41
1.535387621118463208e+01 1.457365945817260810e-41
1.552486808069086521e+01 1.413756785642066107e-41
1.569776423931829257e+01 1.374640067849536539e-41
1.587258589460777713e+01 1.336605656169628594e-41
1.604935449028268835e+01 1.299623604671611420e-41
1.622809170887916252e+01 1.263664795987745694e-41
1.640881947440578870e+01 1.230102225875297898e-41
1.659155995503276415e+01 1.198486265305711827e-41
1.677633556581104912e+01 1.167682894894679525e-41
1.696316897142182611e+01 1.137671229533714674e-41
1.715208308895656586e+01 1.108430920901256077e-41
1.734310109072803030e+01 1.082510574327660405e-41
1.753624640711262828e+01 1.057356239968850382e-41
1.773154272942437260e+01 1.032786417717412598e-41
1.792901401282089324e+01 1.008787525245975143e-41
1.812868447924177673e+01 9.861363966730157234e-42
1.833057862037964014e+01 9.656592853547214541e-42
1.853472120068430939e+01 9.456073810253959530e-42
1.874113726040042849e+01 9.259718542666232087e-42
1.894985211863892616e+01 9.067440590028082307e-42
1.916089137648264540e+01 8.895814015683767764e-42
1.937428092012660841e+01 8.734620087580046595e-42
1.959004692405323667e+01 8.576347025673667464e-42
1.980821585424290276e+01 8.420941903285579257e-42
2.002881447142028293e+01 8.269688987451520785e-42
2.025186983433683707e+01 8.137661308072930717e-42
2.047740930308985341e+01 8.007741484037809434e-42
2.070546054247844836e+01 7.879895862901942890e-42
2.093605152539694103e+01 7.754091329490396740e-42
2.116921053626604277e+01 7.637299453672965397e-42
2.140496617450222772e+01 7.530596919652583428e-42
2.164334735802577114e+01 7.425385152209380019e-42
2.188438332680776099e+01 7.321643323487719985e-42
2.212810364645681105e+01 7.219350896622902015e-42
2.237453821184552538e+01 7.134525657453863804e-42
2.262371725077741047e+01 7.053867606638004742e-42
2.287567132769466483e+01 6.974121420390830324e-42
2.313043134742722629e+01 6.895276789797320866e-42
2.338802855898354949e+01 6.820536198340155443e-42
2.364849455938366773e+01 6.758243288019366365e-42
2.391186129753486966e+01 6.696519307554551336e-42
2.417816107815058047e+01 6.635359060829710495e-42
2.444742656571288109e+01 6.574757399185813226e-42
2.471969078847914147e+01 6.523905226064379430e-42
2.499498714253330434e+01 6.479622717442438033e-42
2.527334939588224572e+01 6.435640786542366515e-42
2.555481169259778795e+01 6.391957393123571707e-42
2.583940855700483041e+01 6.348570510794070778e-42
2.612717489791613090e+01 6.319055146963796490e-42
2.641814601291421738e+01 6.289961414702150102e-42
2.671235759268104104e+01 6.261001633678026585e-42
2.700984572537578288e+01 6.232175187162817863e-42
2.731064690106147808e+01 6.208429760466580623e-42
2.761479801618088459e+01 6.193436423162223811e-42
2.792233637808223179e+01 6.178479294717886376e-42
2.823329970959536439e+01 6.163558287689092325e-42
2.854772615365883581e+01 6.148673314842842882e-42
2.886565427799855499e+01 6.143129069897157905e-42
2.918712307985853727e+01 6.140737293044560638e-42
2.951217199078423548e+01 6.138346447410639507e-42
2.984084088145939262e+01 6.135956532632931692e-42
3.017317006659648371e+01 6.135625735792664121e-42
3.050920030988179121e+01 6.148813571147926611e-42
3.084897282897548010e+01 6.162029752267556904e-42
3.119252930056738649e+01 6.175274340077679210e-42
3.153991186548911330e+01 6.188547395635067840e-42
3.189116313388303325e+01 6.207831442723507013e-42
3.224632619042888138e+01 6.232761089146875709e-42
3.260544459962854802e+01 6.257790848995766460e-42
3.296856241114972619e+01 6.282921124309493968e-42
3.333572416522905257e+01 6.308152318741898938e-42
3.370697489813547065e+01 6.339304317774261622e-42
3.408236014769435940e+01 6.371226444591903893e-42
3.446192595887328025e+01 6.403309318098585742e-42
3.484571888942983975e+01 6.435553747748561409e-42
3.523378601562249912e+01 6.470833756868202975e-42
3.562617493798499169e+01 6.513330629250293701e-42
3.602293378716501593e+01 6.556106597685446577e-42
3.642411122982797167e+01 6.599163495123044460e-42
3.682975647462643565e+01 6.642503166549949154e-42
3.723991927823612968e+01 6.687664456577888617e-42
3.765464995145910621e+01 6.733864364691061708e-42
3.807399936539488294e+01 6.780383432284017324e-42
3.849801895768035109e+01 6.827223864183301127e-42
3.892676073879911058e+01 6.874852700663309977e-42
3.936027729846115619e+01 6.929379628661856982e-42
3.979862181205342608e+01 6.984339029326570959e-42
4.024184804716252728e+01 7.039734332753507643e-42
4.069001037016976596e+01 7.095568996244394303e-42
4.114316375291979000e+01 7.151296322176613452e-42
4.160136377946344766e+01 7.206795776788506472e-42
4.206466665287579332e+01 7.262725949038755158e-42
4.253312920214997916e+01 7.319090181620942076e-42
4.300680888916789257e+01 7.375891843170949739e-42
4.348576381574853400e+01 7.437375074326004711e-42
4.397005273077474641e+01 7.500171613664323685e-42
4.445973503739943311e+01 7.563498367670244024e-42
4.495487080033197458e+01 7.627359813144506042e-42
4.545552075320578922e+01 7.691760464687153296e-42
4.596174630602796185e+01 7.756704875016682430e-42
4.647360955271181382e+01 7.822197635291772540e-42
4.699117327869340954e+01 7.888243375436349850e-42
4.751450096863283790e+01 7.954846764466142236e-42
4.804365681420125611e+01 8.022012510819117077e-42
4.857870572195471937e+01 8.089745362688736968e-42
4.911971332129560608e+01 8.158050108358848027e-42
4.966674597252281131e+01 8.226931576542561137e-42
5.021987077497148277e+01 8.296412981777453491e-42
5.077915557524351442e+01 8.369296001738013926e-42
5.134466897552960774e+01 8.442819290524281456e-42
5.191648034202408013e+01 8.516988472823456061e-42
5.249465981343336551e+01 8.591809222734400153e-42
5.307927830957930126e+01 8.668445782450877987e-42
5.367040754009797610e+01 8.747558575836297381e-42
5.426812001323603596e+01 8.827393394165179128e-42
5.487248904474433431e+01 8.907956827017031683e-42
5.548358876687093044e+01 8.989255524110745006e-42
5.610149413745424596e+01 9.071296195854629120e-42
5.672628094911736696e+01 9.154085613899115048e-42
5.735802583856486336e+01 9.237630611696720244e-42
5.799680629598307746e+01 9.321938085065650105e-42
5.864270067454508251e+01 9.407560805101887233e-42
5.929578820002156903e+01 9.496634425117711454e-42
5.995614898049871755e+01 9.586551421003975328e-42
6.062386401620426568e+01 9.677319778097512481e-42
6.129901520944308402e+01 9.768947557342574741e-42
6.198168537464334094e+01 9.859573817399861604e-42
6.267195824851457076e+01 9.949557471431980466e-42
6.336991850031884610e+01 1.004036236359683232e-41
6.407565174225639737e+01 1.013199598894552313e-41
6.478924453996681621e+01 1.022446591093293404e-41
6.551078442314728534e+01 1.032274971219871479e-41
6.624035989628896459e+01 1.042225316392791381e-41
6.697806044953306071e+01 1.052271575321094843e-41
6.772397656964768942e+01 1.062414672540359820e-41
6.847819975112707880e+01 1.072655541498035627e-41
6.924082250741430755e+01 1.082995124639277336e-41
7.001193838224905619e+01 1.093434373493712184e-41
7.079164196114174956e+01 1.103974248762934857e-41
7.158002888297552602e+01 1.114615720409044660e-41
7.237719585173707060e+01 1.125221621698159213e-41
7.318324064837885601e+01 1.135875559019550282e-41
7.399826214281263503e+01 1.146630371029322196e-41
7.482236030603701238e+01 1.157487012839396849e-41
7.565563622239997699e+01 1.168491348978727310e-41
7.649819210199785857e+01 1.179954494556579032e-41
7.735013129321258418e+01 1.191530096000410519e-41
7.821155829538837168e+01 1.203219256525888481e-41
7.908257877164975014e+01 1.215023090171456835e-41
7.996329956186218624e+01 1.226629886106180469e-41
8.085382869573716391e+01 1.238034350948223389e-41
8.175427540608315269e+01 1.249544847625791148e-41
8.266475014220421258e+01 1.261162361958937658e-41
8.358536458344768505e+01 1.272887888933276742e-41
8.451623165290291695e+01 1.285303618031215901e-41
8.545746553125243850e+01 1.297912716505166109e-41
8.640918167077744272e+01 1.310645512883716388e-41
8.737149680951920061e+01 1.323503220669294499e-41
8.834452898559827361e+01 1.336508106265675814e-41
8.932839755169305818e+01 1.349695709480496580e-41
9.032322318967972308e+01 1.363013437516638389e-41
9.132912792543507408e+01 1.376462574342797712e-41
9.234623514380434983e+01 1.390044416596790774e-41
9.337466960373562586e+01 1.403760273710627840e-41
9.441455745358287288e+01 1.417611468036825010e-41
9.546602624657937497e+01 1.431599334975757769e-41
9.652920495648352528e+01 1.445725223104496755e-41
9.760422399339849164e+01 1.459990494306778821e-41
9.869121521976899203e+01 1.474396523904402965e-41
9.979031196655515146e+01 1.488944700789681773e-41
1.009016490495870499e+02 1.503636427559416881e-41
1.020253627861015104e+02 1.518473120650197595e-41
1.031615910114625336e+02 1.533417728226003089e-41
1.043104730960684776e+02 1.548460878237919584e-41
1.054721499624472472e+02 1.563651604711301943e-41
1.066467641025419226e+02 1.578991355402236446e-41
1.078344595951889175e+02 1.594481592269599728e-41
1.090353821237907681e+02 1.610123791614392897e-41
1.102496789941857571e+02 1.625919444220412564e-41
1.114774991527164900e+02 1.641870055496438251e-41
1.127189932044997818e+02 1.657977145619545408e-41
1.139743134318999154e+02 1.674430826249156309e-41
1.152436138132077588e+02 1.691716516693386134e-41
1.165270500415277439e+02 1.709180652905218386e-41
1.178247795438753371e+02 1.726825077037996734e-41
1.191369615004871036e+02 1.744651650262182531e-41
1.204637568643458252e+02 1.762297887882882387e-41
1.218053283809231147e+02 1.779887760957775530e-41
1.231618406081418442e+02 1.797653202327319821e-41
1.245334599365609307e+02 1.815595964376278500e-41
1.259203546097849085e+02 1.833717816980342536e-41
1.273226947451007192e+02 1.852020547680801302e-41
1.287406523543444905e+02 1.870505961860687307e-41
1.301744013650008185e+02 1.889175882922977929e-41
1.316241176415357188e+02 1.908032152470426683e-41
1.330899790069699122e+02 1.927203126943248184e-41
1.345721652646896018e+02 1.946768578924882638e-41
1.360708582205015489e+02 1.966532664307405502e-41
1.375862417049334567e+02 1.986497399667112655e-41
1.391185015957827318e+02 2.006664822053187085e-41
1.406678258409163789e+02 2.027303473191338350e-41
1.422344044813247024e+02 2.048231981986497737e-41
1.438184296744320250e+02 2.069376542540153668e-41
1.454200957176666407e+02 2.090739385224383160e-41
1.470395990722934982e+02 2.112263738063997372e-41
1.486771383875123718e+02 2.133707972022488078e-41
1.503329145248241048e+02 2.155369913250059363e-41
1.520071305826685091e+02 2.177251771965824833e-41
1.536999919213365047e+02 2.199355780827564272e-41
1.554117061881597124e+02 2.221892507228573842e-41
1.571424833429806540e+02 2.244829821495702919e-41
1.588925356839064307e+02 2.268003925069279972e-41
1.606620778733494603e+02 2.291417262401824721e-41
1.624513269643580315e+02 2.315072303180691984e-41
1.642605024272401124e+02 2.338598310635623467e-41
1.660898261764837400e+02 2.362340350232480345e-41
1.679395225979772590e+02 2.386323425000556859e-41
1.698098185765324217e+02 2.410549981989675095e-41
1.717009435237144146e+02 2.435568617558969365e-41
1.736131294059815389e+02 2.461962232215892955e-41
1.755466107731382692e+02 2.488641867512816353e-41
1.775016247871053565e+02 2.515610622979887479e-41
1.794784112510102716e+02 2.542871631736209044e-41
1.814772126386014293e+02 2.570114679171205323e-41
1.834982741239903703e+02 2.597526404765548524e-41
1.855418436117248007e+02 2.625230491905482852e-41
1.876081717671967795e+02 2.653230058792210761e-41
1.896975120473894094e+02 2.681380046113782401e-41
1.918101207319661228e+02 2.708602092302531922e-41
1.939462569547059729e+02 2.736100503566712029e-41
1.961061827352892237e+02 2.763878085634283688e-41
1.982901630114367606e+02 2.791937672717530650e-41
2.004984656714075584e+02 2.820519714725185553e-41
2.027313615868579859e+02 2.849636851077509364e-41
2.049891246460670118e+02 2.879054573036473652e-41
2.072720317875316596e+02 2.908775983644372060e-41
2.095803630339362371e+02 2.938804217977251207e-41
2.119144015265002565e+02 2.970479493910971816e-41
2.142744335597085694e+02 3.002669796636779052e-41
2.166607486164284921e+02 3.035208937182054942e-41
2.190736394034179000e+02 3.068100695810332104e-41
2.215134018872288095e+02 3.101059959924931401e-41
2.239803353305107976e+02 3.133603808737213479e-41
2.264747423287187189e+02 3.166489186610269706e-41
2.289969288472292988e+02 3.199719677696107239e-41
2.315472042588709201e+02 3.233298903760200648e-41
2.341258813818716078e+02 3.266863246568680765e-41
2.367332765182297862e+02 3.300588131418193951e-41
2.393697094925102817e+02 3.334661169150845549e-41
2.420355036910770536e+02 3.369085953861339874e-41
2.447309861017579635e+02 3.403957043378008862e-41
2.474564873539538041e+02 3.440844827965175220e-41
2.502123417591935208e+02 3.478132355743637907e-41
2.529988873521409687e+02 3.515823958624973298e-41
2.558164659320585201e+02 3.553924015464484797e-41
2.586654231047323265e+02 3.591899827755779751e-41
2.615461083248645764e+02 3.629594759957663539e-41
2.644588749389375835e+02 3.667685278891376492e-41
2.674040802285557561e+02 3.706175536013062183e-41
2.703820854542698839e+02 3.745069726346259509e-41
2.733932558998894251e+02 3.784372088938635262e-41
2.764379609172885353e+02 3.824086907324417668e-41
2.795165739717108977e+02 3.864218509991075465e-41
2.826294726875793799e+02 3.904771270850886864e-41
2.857770388948154050e+02 3.946188723491668935e-41
2.889596586756746319e+02 3.989628134704866934e-41
2.921777224121038898e+02 4.033545724378034962e-41
2.954316248336256763e+02 4.077946756271273917e-41
2.987217650657559034e+02 4.122836552087912020e-41
3.020485466789609177e+02 4.166504165150011319e-41
3.054123777381597051e+02 4.209516333884741572e-41
3.088136708527772498e+02 4.252972531135038125e-41
3.122528432273554131e+02 4.296877340750598777e-41
3.157303167127276424e+02 4.341235393901890644e-41
3.192465178577634219e+02 4.389013683887689680e-41
3.228018779616887741e+02 4.437327685977873153e-41
3.263968331269898613e+02 4.486173525734961406e-41
3.300318243129056555e+02 4.535557057596491820e-41
3.337072973895159862e+02 4.584885245905085378e-41
3.374237031924323560e+02 4.633785638273113926e-41
3.411814975780976624e+02 4.683207580962502293e-41
3.449811414797019893e+02 4.733156636602342431e-41
3.488231009637206625e+02 4.783638427150001997e-41
3.527078472870822452e+02 4.835292805502848981e-41
3.566358569549734057e+02 4.887691598187961196e-41
3.606076117792871401e+02 4.940658222767707063e-41
3.646235989377221358e+02 4.994198832686628773e-41
3.686843110335403253e+02 5.048319648072277596e-41
3.727902461559896778e+02 5.103026956458416432e-41
3.769419079414003591e+02 5.158327113514819038e-41
3.811398056349609647e+02 5.214226543786313780e-41
3.853844541531826735e+02 5.270731741438487268e-41
3.896763741470594482e+02 5.327849271012738552e-41
3.940160920659311614e+02 5.385585768188676327e-41
3.984041402220583450e+02 5.443947940554753308e-41
4.028410568559158378e+02 5.502942568388143093e-41
4.073273862022135177e+02 5.562576505441736746e-41
4.118636785566528147e+02 5.622856679741098618e-41
4.164504903434258836e+02 5.683790094388613267e-41
4.210883841834672126e+02 5.745383828377716009e-41
4.257779289634648308e+02 5.807645037415027236e-41
4.305196999056412324e+02 5.870909150462675362e-41
4.353142786383069733e+02 5.935535769880157422e-41
4.401622532672087118e+02 6.000873795287703735e-41
4.450642184476632792e+02 6.066931057800318169e-41
4.500207754574989849e+02 6.133715474737357179e-41
4.550325322708089288e+02 6.200479940254581469e-41
4.601001036325255313e+02 6.267672905811464254e-41
4.652241111338252608e+02 6.335594023812105009e-41
4.704051832883734505e+02 6.404251185052259355e-41
4.756439556094182421e+02 6.473652365838569981e-41
4.809410706877427515e+02 6.543805628914390096e-41
4.862971782704859720e+02 6.614719124397321841e-41
4.917129353408408292e+02 6.686401090725211086e-41
4.971890061986402998e+02 6.758859855614007076e-41
5.027260625418405766e+02 6.833253704826413720e-41
5.083247835489121940e+02 6.909643867200408857e-41
5.139858559621483209e+02 6.986888008829438800e-41
5.197099741719009671e+02 7.064995676499735252e-41
5.254978403017552182e+02 7.143976523723100451e-41
5.313501642946521315e+02 7.222756607620119217e-41
5.372676639999709778e+02 7.302264283597065210e-41
5.432510652615807203e+02 7.382647175351404043e-41
5.493011020068726111e+02 7.463914917206579714e-41
5.554185163367842506e+02 7.545726047671439642e-41
5.616040586168256823e+02 7.627497090446886759e-41
5.678584875691202569e+02 7.710154264443544001e-41
5.741825703654692461e+02 7.793707172431460131e-41
5.805770827214544170e+02 7.878165521243747715e-41
5.870428089915867531e+02 7.963539122903917155e-41
5.935805422655166694e+02 8.049837895765393666e-41
6.001910844653142476e+02 8.137071865664708848e-41
6.068752464438339302e+02 8.225251167085212264e-41
6.136338480841737919e+02 8.314534219522380890e-41
6.204677184002430295e+02 8.407483881064267204e-41
6.273776956384494952e+02 8.501472643456862766e-41
6.343646273805189821e+02 8.596512122993975806e-41
6.414293706474604733e+02 8.692614065830178831e-41
6.485727920046888357e+02 8.789132950330683681e-41
6.557957676683178079e+02 8.885883204104566627e-41
6.630991836126378303e+02 8.983698478928526942e-41
6.704839356787895213e+02 9.082590498491204105e-41
6.779509296846482584e+02 9.182571115534917547e-41
6.855010815359327125e+02 9.284958310975519983e-41
6.931353173385496120e+02 9.388756516581625558e-41
7.008545735121911093e+02 9.493715100848006217e-41
7.086597969051963446e+02 9.599847035854896785e-41
7.165519449106918728e+02 9.706804421703711745e-41
7.245319855840270975e+02 9.813656348559199107e-41
7.326008977615153981e+02 9.921684495082528635e-41
7.407596711804995948e+02 1.003090180903014904e-40
7.490093066007531206e+02 1.014132138068614644e-40
7.573508159272340663e+02 1.025401321681056806e-40
7.657852223342059688e+02 1.036864466011026482e-40
7.743135603907409177e+02 1.048455758876746325e-40
7.829368761876220333e+02 1.060176632873562182e-40
7.916562274656511136e+02 1.072028536612058792e-40
8.004726837454011275e+02 1.083829808646705405e-40
8.093873264583983200e+02 1.095760542841632245e-40
8.184012490797723558e+02 1.107822609850322547e-40
8.275155572623827993e+02 1.120017455376611970e-40
8.367313689724388723e+02 1.132346541038558868e-40
8.460498146266303365e+02 1.144811344543570409e-40
8.554720372307846219e+02 1.157413359865644318e-40
8.649991925200685046e+02 1.170154097424279481e-40
8.746324491007517281e+02 1.183035084265640205e-40
8.843729885935482571e+02 1.196214959294437315e-40
8.942220057785550580e+02 1.209587659756341336e-40
9.041807087418045512e+02 1.223109856022682938e-40
9.142503190234484691e+02 1.236783219333752965e-40
9.244320717675933565e+02 1.250723679333169822e-40
9.347272158738037433e+02 1.265408198101551214e-40
9.451370141502928846e+02 1.280265125128485818e-40
9.556627434688198264e+02 1.295296484627873301e-40
9.663056949213104190e+02 1.310504324579623756e-40
9.770671739782245595e+02 1.325890717008521074e-40
9.879485006486848988e+02 1.341457758266678698e-40
9.989510096423903178e+02 1.356849819264587866e-40
1.010076050533332364e+03 1.371960680134126709e-40
1.021324987925334540e+03 1.387239826478577054e-40
1.032699201619435371e+03 1.402689132446692705e-40
1.044200086783135475e+03 1.418310493059080002e-40
1.055829054121530135e+03 1.434105824440734992e-40
1.067587530050346231e+03 1.450077064055937678e-40
1.079476956870908680e+03 1.466226170945994748e-40
1.091498792947051697e+03 1.482555125969489875e-40
1.103654512884005271e+03 1.499065932045352322e-40
1.115945607709268870e+03 1.515760614398392937e-40
1.128373585055502417e+03 1.532641220807814867e-40
1.140939969345454074e+03 1.549709821858346016e-40
1.153646301978945530e+03 1.566968511194319520e-40
1.166494141521942083e+03 1.584419405776329667e-40
1.179485063897726832e+03 1.602064646141000195e-40
1.192620662580203771e+03 1.619906396663492598e-40
1.205902548789355251e+03 1.637946845823094786e-40
1.219332351688874269e+03 1.656188206471502861e-40
1.232911718585999097e+03 1.674632716104356984e-40
1.246642315133572765e+03 1.693282637135638576e-40
1.260525825534352634e+03 1.712140257175290835e-40
1.274563952747596431e+03 1.731207889309652454e-40
1.288758418697947491e+03 1.750487872385292263e-40
1.303110964486647390e+03 1.769982571295836936e-40
1.317623350605100541e+03 1.789694377272165351e-40
1.332297357150816424e+03 1.809625708175546680e-40
1.347134784045757897e+03 1.829779008794330279e-40
1.362137451257120574e+03 1.850156751143766303e-40
1.377307199020570806e+03 1.870761434769345898e-40
1.392645888065970667e+03 1.891595587053214822e-40
1.408155399845617694e+03 1.912661763524305258e-40
1.423837636765015304e+03 1.933962548171735382e-40
1.439694522416238442e+03 1.955500553761890627e-40
1.455728001813871515e+03 1.977278422158717437e-40
1.471940041633588180e+03 1.999298824647900393e-40
1.488332630453385036e+03 2.021564462264461863e-40
1.504907778997501055e+03 2.044078066124201788e-40
1.521667520383054580e+03 2.066842397758501272e-40
1.538613910369426549e+03 2.089860249453186529e-40
1.555749027610421081e+03 2.113134444590962596e-40
1.573074973909231176e+03 2.136667837997869475e-40
1.590593874476259771e+03 2.160463316293252156e-40
1.608307878189780240e+03 2.184523798243969641e-40
1.626219157859531833e+03 2.208852235122343788e-40
1.644329910493237776e+03 2.233451611068308401e-40
1.662642357566077635e+03 2.258324943455228403e-40
1.681158745293196262e+03 2.283475283260157853e-40
1.699881344905210199e+03 2.308905715437998854e-40
1.718812452926803871e+03 2.334619359300056092e-40
1.737954391458420787e+03 2.360619368896428233e-40
1.757309508461094083e+03 2.386908933403033932e-40
1.776880178044450076e+03 2.413491277512721860e-40
1.796668800757915960e+03 2.440369661830970875e-40
1.816677803885173489e+03 2.467547383275602038e-40
1.836909641741891164e+03 2.495027775481337696e-40
1.857366795976772210e+03 2.522814209208625272e-40
1.878051775875953354e+03 2.550910092757262443e-40
1.898967118670797618e+03 2.579318872384214427e-40
1.920115389849110898e+03 2.608044032726497759e-40
1.941499183469826676e+03 2.637089097228524109e-40
1.963121122481195016e+03 2.666457628574458803e-40
1.984983859042514041e+03 2.696153229124965974e-40
2.007090074849446864e+03 2.726179541359246556e-40
2.029442481462957858e+03 2.756540248321737782e-40
2.052043820641916227e+03 2.787239074074060268e-40
2.074896864679399641e+03 2.818279784151542170e-40
2.098004416742748163e+03 2.849666186025280488e-40
2.121369311217398717e+03 2.881402129569078387e-40
2.144994414054555364e+03 2.913491507531858895e-40
2.168882623122728091e+03 2.945938256014869796e-40
2.193036868563184271e+03 2.978746354954677287e-40
2.217460113149365952e+03 3.011919828611299125e-40
2.242155352650300756e+03 3.045462746061773361e-40
2.267125616198068656e+03 3.079379221699472183e-40
2.292373966659354210e+03 3.113673415738477781e-40
2.317903501011139724e+03 3.148349534724075667e-40
2.343717350720584363e+03 3.183411832048629755e-40
2.369818682129129684e+03 3.218864608473512914e-40
2.396210696840885248e+03 3.254712212656331586e-40
2.422896632115339798e+03 3.290959041684539491e-40
2.449879761264444369e+03 3.327609541614683083e-40
2.477163394054119635e+03 3.364668208017972461e-40
2.504750877110232977e+03 3.402139586531385754e-40
2.532645594329098458e+03 3.440028273415458257e-40
2.560850967292545192e+03 3.478338916117948433e-40
2.589370455687613685e+03 3.517076213844124641e-40
2.618207557730920598e+03 3.556244918132833700e-40
2.647365810597752898e+03 3.595849833439551930e-40
2.676848790855939114e+03 3.635895817725586706e-40
2.706660114904555030e+03 3.676387783054194422e-40
2.736803439417510617e+03 3.717330696192742112e-40
2.767282461792081904e+03 3.758729579222169668e-40
2.798100920602434144e+03 3.800589510152879882e-40
2.829262596058198596e+03 3.842915623547858533e-40
2.860771310468156116e+03 3.885713111152110962e-40
2.892630928709079853e+03 3.928987222529733261e-40
2.924845358699808457e+03 3.972743265707697994e-40
2.957418551880589348e+03 4.016986607827198670e-40
2.990354503697772543e+03 4.061722675801602717e-40
3.023657254093870506e+03 4.106956956982371041e-40
3.057330888003134987e+03 4.152694999832012671e-40
3.091379535852593563e+03 4.198942414604933399e-40
3.125807374068697300e+03 4.245704874035181664e-40
3.160618625589601834e+03 4.292988114032546824e-40
3.195817560383155978e+03 4.340797934385983715e-40
3.231408495970658805e+03 4.389140199475306404e-40
3.267395797956449314e+03 4.438020838990089950e-40
3.303783880563393723e+03 4.487445848657291614e-40
3.340577207174336309e+03 4.537421290976546632e-40
3.377780290879580207e+03 4.587953295964093708e-40
3.415397695030466366e+03 4.639048061904241313e-40
3.453434033799116605e+03 4.690711856109949831e-40
3.491893972744410803e+03 4.742951015691432492e-40
3.530782229384265975e+03 4.795771948333775903e-40
3.570103573774290908e+03 4.849181133082451310e-40
3.609862829092883203e+03 4.903185121138342193e-40
3.650064872232843300e+03 4.957790536661160960e-40
3.690714634399577335e+03 5.013004077582297970e-40
3.731817101715959780e+03 5.068832516425908750e-40
3.773377315833936791e+03 5.125282701139954745e-40
3.815400374552936228e+03 5.182361555936015722e-40
3.857891432445166629e+03 5.240076082138952916e-40
3.900855701487882015e+03 5.298433359045188861e-40
3.944298451702682542e+03 5.357440544791397516e-40
3.988225011801941491e+03 5.417104877232350211e-40
4.032640769842426380e+03 5.477433674829069133e-40
4.077551173886201923e+03 5.538434337545986538e-40
4.122961732668891273e+03 5.600114347758976761e-40
4.168878016275382834e+03 5.662481271172972260e-40
4.215305656823056779e+03 5.725542757750344786e-40
4.262250349152627678e+03 5.789306542648701749e-40
4.309717851526673257e+03 5.853780447170051295e-40
4.357713986335947993e+03 5.918972379719981282e-40
4.406244640813561091e+03 5.984890336778095216e-40
4.455315767757107096e+03 6.051542403878282645e-40
4.504933386258840073e+03 6.118936756600886804e-40
4.555103582443976848e+03 6.187081661575323360e-40
4.605832510217229355e+03 6.255985477494474064e-40
4.657126392017639773e+03 6.325656656139367544e-40
4.708991519581832108e+03 6.396103743416278576e-40
4.761434254715762108e+03 6.467335380404771097e-40
4.814461030075053714e+03 6.539360304418034895e-40
4.868078349954040277e+03 6.612187350073982528e-40
4.922292791083576958e+03 6.685825450379325889e-40
4.977111003437751606e+03 6.760283637825089996e-40
5.032539711049574180e+03 6.835571045494984078e-40
5.088585712835746563e+03 6.911696908185010055e-40
5.145255883430626454e+03 6.988670563536648547e-40
5.202557174029469024e+03 7.066501453181992702e-40
5.260496613241069099e+03 7.145199123902324987e-40
5.319081307949891197e+03 7.224773228798442772e-40
5.378318444187805653e+03 7.305233528475170753e-40
5.438215288015540864e+03 7.386589892238485152e-40
5.498779186413898969e+03 7.468852299305974822e-40
5.560017568185008713e+03 7.552030840031371731e-40
5.621937944863498160e+03 7.636135717141524380e-40
5.684547911637880134e+03 7.721177246988344350e-40
5.747855148282177652e+03 7.807165860813973113e-40
5.811867420097933064e+03 7.894112106030790655e-40
5.876592578866699114e+03 7.982026647514406181e-40
5.942038563813151086e+03 8.070920268912325880e-40
6.008213402578909154e+03 8.160803873966418428e-40
6.075125212207216464e+03 8.251688487850907465e-40
6.142782200138579356e+03 8.343585258523930181e-40
6.211192665217499780e+03 8.436505458095482562e-40
6.280364998710411783e+03 8.530460484209788832e-40
6.350307685334960297e+03 8.625461861443902588e-40
6.421029304300745025e+03 8.721521242720479257e-40
6.492538530361646735e+03 8.818650410737693803e-40
6.564844134879877856e+03 8.916861279414218828e-40
6.637954986901885604e+03 9.016165895351179884e-40
6.711880054246231339e+03 9.116576439308931388e-40
6.786628404603591662e+03 9.218105227701723287e-40
6.862209206649001317e+03 9.320764714108155697e-40
6.938631731166494319e+03 9.424567490799339954e-40
7.015905352186257005e+03 9.529526290282568692e-40
7.094039548134457618e+03 9.635653986863698846e-40
7.173043902995872486e+03 9.742963598226004542e-40
7.252928107489463400e+03 9.851468287027578150e-40
7.333701960257047176e+03 9.961181362514909206e-40
7.415375369065201994e+03 1.007211628215604414e-39
7.497958352020559687e+03 1.018428665329095976e-39
7.581461038798634036e+03 1.029770623480130709e-39
7.665893671886329685e+03 1.041238893879709981e-39
7.751266607838293567e+03 1.052834883232383342e-39
7.837590318547255265e+03 1.064560013908761911e-39
7.924875392528515476e+03 1.076415724120057548e-39
8.013132536218736277e+03 1.088403468094389243e-39
8.102372575289205997e+03 1.100524716255229793e-39
8.192606455973713310e+03 1.112780955401733253e-39
8.283845246411226981e+03 1.125173688891178691e-39
8.376100138003510438e+03 1.137704436823264200e-39
8.469382446787874869e+03 1.150374736226636153e-39
8.563703614825208206e+03 1.163186141247384041e-39
8.659075211603456410e+03 1.176140223339749677e-39
8.755508935456758991e+03 1.189238571458768533e-39
8.853016615000356978e+03 1.202482792255247312e-39
8.951610210581513456e+03 1.215874510272798613e-39
9.051301815746559441e+03 1.229415368147186699e-39
9.152103658724312481e+03 1.243107026807696273e-39
9.254028103925980759e+03 1.256951165680942041e-39
9.357087653461807349e+03 1.270949482896826410e-39
9.461294948674571060e+03 1.285103695496917582e-39
9.566662771690185764e+03 1.299415539644937767e-39
9.673204046985563764e+03 1.313886770839804750e-39
9.780931842973943276e+03 1.328519164130920282e-39
9.889859373607878297e+03 1.343314514335985068e-39
1.000000000000000000e+04 1.358274636261022578e-39
