7.776476460209863717e+02 2.635832672968130420e-52
7.749698207818739775e+02 2.145988982863154737e-52
7.669363450645372495e+02 2.427143588267407220e-52
7.731846039557990480e+02 3.661727347944733163e-52
7.365876590212646988e+02 5.480611942646002926e-52
7.285541833039279709e+02 6.414662940691621380e-52
7.258763580648159177e+02 9.543667350982982711e-52
7.240911412387409882e+02 1.221261401196539297e-51
7.187354907605164271e+02 1.370047696497958369e-51
6.705346364564957184e+02 1.324106182408451013e-51
6.687494196304207890e+02 1.115627233123125605e-51
6.508972513696722899e+02 7.546173575405205603e-52
6.508972513696722899e+02 6.402036081627446589e-52
6.508972513696722899e+02 5.431370691504344564e-52
6.508972513696722899e+02 4.607875871426332393e-52
6.508972513696722899e+02 3.909237879801598541e-52
6.958847153867584439e+02 3.347723559091887858e-52
7.044537561519176734e+02 3.058927917457492043e-52
7.089167982171046560e+02 2.525272818396397884e-52
7.071315813910297265e+02 1.973220518023886210e-52
6.973128888476181828e+02 1.673627312747895991e-52
7.038586838765592120e+02 9.118334275633343411e-53
7.062389729779924892e+02 7.060924703686900611e-53
7.013296267062866036e+02 6.283857666198174604e-53
6.892794131302815686e+02 6.325122136686643205e-53
6.491120345435974741e+02 4.870376867246310767e-53
6.482194261305598957e+02 3.992705262233132525e-53
6.419711672392979835e+02 3.290737270529755496e-53
6.357229083480361851e+02 2.814401925716307244e-53
6.321524746958864398e+02 2.184029020043365144e-53
6.223337821524746687e+02 1.777826471390896922e-53
6.071594391308385639e+02 1.360451501683774385e-53
6.018037886526140028e+02 1.070252869077437642e-53
5.955555297613520906e+02 8.613859276505330262e-54
6.000185718265391870e+02 6.809149633543707878e-54
6.053742223047637481e+02 5.394977113741519480e-54
6.080520475438760286e+02 4.245036865882625640e-54
6.098372643699508444e+02 2.795143403329573023e-54
6.080520475438760286e+02 2.169182296235802727e-54
6.053742223047637481e+02 1.891295181232836128e-54
5.955555297613520906e+02 1.626271947937204630e-54
5.794885783266785211e+02 1.122914293935690030e-54
5.794885783266785211e+02 6.951384541349612953e-55
5.794885783266785211e+02 5.897427909163690678e-55
5.794885783266785211e+02 4.736429492261164210e-55
5.821664035657908016e+02 3.626114309743084455e-55
5.848442288049030822e+02 3.097688095391480860e-55
5.821664035657908016e+02 2.682412659838947838e-55
5.616364100659301357e+02 1.774935637745272645e-55
5.625290184789674868e+02 1.484008316127969920e-55
5.625290184789674868e+02 1.259005599374421651e-55
5.652068437180796536e+02 1.020499400164358797e-55
5.652068437180796536e+02 8.423695027866418094e-56
5.652068437180796536e+02 7.146509283167608650e-56
5.794885783266785211e+02 4.938349494065235597e-56
5.777033615006037053e+02 4.132403823644519365e-56
5.723477110223791442e+02 3.652474852752524828e-56
5.509251091094810135e+02 2.521631717249134692e-56
5.509251091094810135e+02 2.139306375223226361e-56
5.475778275605905492e+02 1.544921564875878393e-56
5.652068437180796536e+02 1.203649401489366126e-56
5.652068437180796536e+02 1.035242407201069177e-56
5.509251091094810135e+02 6.767250830918984394e-57
5.509251091094810135e+02 5.741212226309052163e-57
5.509251091094810135e+02 4.870739780609690325e-57
5.509251091094810135e+02 4.132246827890780491e-57
5.509251091094810135e+02 3.505722870803008139e-57
5.509251091094810135e+02 2.974191368220979790e-57
5.471761537747237298e+02 2.175961060621531252e-57
5.464620670442938035e+02 1.750753955402992965e-57
5.464620670442938035e+02 1.485307736502769112e-57
5.652068437180796536e+02 1.050198404325213016e-57
5.616364100659301357e+02 7.697486951584391223e-58
5.634216268920048378e+02 6.412474677861620623e-58
5.652068437180796536e+02 5.045540386245345924e-58
5.652068437180796536e+02 3.509243739454895692e-58
5.643142353050423026e+02 2.997577265104289089e-58
5.602974974463738818e+02 2.407213224347819005e-58
5.634216268920048378e+02 2.084809595989692507e-58
5.652068437180796536e+02 1.629194966349428783e-58
5.652068437180796536e+02 1.172615724056088059e-58
5.625290184789674868e+02 9.099925458799661917e-59
5.527103259355558293e+02 7.509646972234313655e-59
5.509251091094810135e+02 6.072445795530231041e-59
5.509251091094810135e+02 5.151752301778177305e-59
5.509251091094810135e+02 4.165995256636381447e-59
5.495861964899247596e+02 2.887501267988052296e-59
5.607438016528926710e+02 2.359782476685990572e-59
5.634216268920048378e+02 2.057757778311816277e-59
5.652068437180796536e+02 1.511898589435257365e-59
5.634216268920048378e+02 1.189502452648227672e-59
5.598511932398552062e+02 1.002171305703403459e-59
5.516391958399109399e+02 8.488827885322613073e-60
5.509251091094810135e+02 5.596775513644055186e-60
5.509251091094810135e+02 4.748202306914763317e-60
5.509251091094810135e+02 4.028288269277347832e-60
5.533053982109141771e+02 3.176880724850413167e-60
5.625290184789674868e+02 2.689689125947006568e-60
5.652068437180796536e+02 2.045112201607594048e-60
5.652068437180796536e+02 1.319149483364300919e-60
5.616364100659301357e+02 1.066641471916563834e-60
5.491398922834060841e+02 9.361574473744073852e-61
5.205764230662085765e+02 6.596152949726491225e-61
5.205764230662085765e+02 5.596055903314515585e-61
5.205764230662085765e+02 4.813091234881621489e-61
5.300975794719412306e+02 3.105316581101990166e-61
5.348581576748074440e+02 2.528701109576916894e-61
5.196838146531712255e+02 1.794577506306436650e-61
5.205764230662085765e+02 1.431479491513217395e-61
5.303951156096203476e+02 1.142105965291000472e-61
5.000464295663479675e+02 1.141226845315846292e-61
4.964759959141982222e+02 1.317695990294744409e-61
5.129486784457070598e+02 2.029759152093141358e-61
4.955833875011608143e+02 2.561034577241801880e-61
4.927270405794409953e+02 3.136567686013440953e-61
4.830868697186368195e+02 3.655918713386779991e-61
4.795164360664872447e+02 4.808079526986906155e-61
4.795164360664872447e+02 5.590228920990329667e-61
4.795164360664872447e+02 6.589284600426599852e-61
4.420268827189154877e+02 9.336166492930446812e-61
4.289352926610332588e+02 9.972089200643763932e-61
4.214968892190548218e+02 1.218937549672407571e-60
4.375638406537283345e+02 1.781538306470585457e-60
4.214968892190548218e+02 2.418341304125261774e-60
4.281021914755316971e+02 2.930221818056453601e-60
4.348860154146160539e+02 3.095837393514911508e-60
4.500603584362523293e+02 2.992736946002131096e-60
4.964759959141982222e+02 3.459892466502081911e-60
4.937981706750859416e+02 5.147591241467034445e-60
4.964759959141982222e+02 7.659572316414877560e-60
4.964759959141982222e+02 1.035429231262724670e-59
4.937981706750859416e+02 1.583300391142904920e-59
5.129486784457070598e+02 2.359860215239148049e-59
4.955833875011608143e+02 3.228647070431353929e-59
4.836819419939950535e+02 4.463989870866943736e-59
4.438120995449903603e+02 3.313992620793698288e-59
4.380994057015508929e+02 2.788107280976606121e-59
4.265550035596001521e+02 2.553275299631285595e-59
4.152486303277927959e+02 2.671829854547770994e-59
4.058762419908999277e+02 2.659022100632619622e-59
3.947186368279321300e+02 2.551213650276108514e-59
3.795442938062958547e+02 2.845675675366516289e-59
3.768664685671835741e+02 3.153452651353947083e-59
3.741886433280712936e+02 4.502726811985454799e-59
3.768664685671835741e+02 6.839150331685848301e-59
3.843048720091621817e+02 8.136917964496806083e-59
3.902555947627449768e+02 1.046217774300045391e-58
4.072151546104559543e+02 1.491200294216157641e-58
3.911482031757824416e+02 2.033489730513007468e-58
3.938260284148947221e+02 2.755365262773827142e-58
3.902555947627449768e+02 3.590766310354983997e-58
3.902555947627449768e+02 4.854036552937882920e-58
3.938260284148947221e+02 6.443531999439675705e-58
4.009668957191939853e+02 7.323905903307894573e-58
4.188190639799425412e+02 9.905020405817915394e-58
4.188190639799425412e+02 1.167519243834560780e-57
4.134634135017179801e+02 1.357259788608080823e-57
4.072151546104559543e+02 1.666690547856192207e-57
4.072151546104559543e+02 2.923038969551059724e-57
3.947186368279321300e+02 3.638383443342653874e-57
3.831147274584456000e+02 3.948980020630354815e-57
3.768664685671835741e+02 4.685976643183522992e-57
3.724034265019964778e+02 6.465363167270836649e-57
3.625847339585849340e+02 7.830596543268015618e-57
3.599069087194726535e+02 1.022832300401511019e-56
3.599069087194726535e+02 1.264854694573282052e-56
3.634773423716223419e+02 1.717827122435757737e-56
3.625847339585849340e+02 2.492475631694108883e-56
3.250951806110131201e+02 3.037409122173916201e-56
3.170617048936762785e+02 3.886223551086375910e-56
3.117060544154518880e+02 7.331377541801980099e-56
3.072430123502647348e+02 8.426270950580276559e-56
3.045651871111524542e+02 1.041938570183320759e-55
3.081356207633021427e+02 1.309363321507167430e-55
3.152764880676014059e+02 1.542235929002978947e-55
3.465177825239112508e+02 2.141496392000115097e-55
3.420547404587240976e+02 3.036767883484867973e-55
3.337237286037081958e+02 3.357054790789714144e-55
3.295582226762002733e+02 4.425055996076929132e-55
3.487087304468213915e+02 6.286576440699394304e-55
3.465177825239112508e+02 7.979703071991428373e-55
3.465177825239112508e+02 9.976621874325651148e-55
3.295582226762002733e+02 1.279675290559770748e-54
3.054577955241898621e+02 1.549331437634218247e-54
2.942109295199183521e+02 1.681607893948783451e-54
2.876056272634413631e+02 1.981803653624248073e-54
2.849278020243291962e+02 2.772195310207720980e-54
2.876056272634413631e+02 3.986093533349123578e-54
2.938538861547033321e+02 4.731516630736019560e-54
3.009947534590027658e+02 5.033352085300275698e-54
3.099208375893770153e+02 6.652022337872154542e-54
3.045651871111524542e+02 8.206143346899555302e-54
2.986144643575696591e+02 9.627169652813750089e-54
2.911760609155910515e+02 1.184866137020916088e-53
2.884982356764787710e+02 1.465129398172473746e-53
2.884982356764787710e+02 1.703467816762540527e-53
2.813573683721795078e+02 2.448777908689958578e-53
2.884982356764787710e+02 3.127154282993182993e-53
2.950440307054199707e+02 4.365383058513027050e-53
2.974243198068530205e+02 5.313030151640308741e-53
2.992095366329278932e+02 6.799468433814121294e-53
2.947464945677407400e+02 8.640988568485378201e-53
2.893908440895161789e+02 1.018387566093346542e-52
2.867130188504038983e+02 1.276646050211169036e-52
2.670756337635806403e+02 2.033193392337612155e-52
2.652904169375058245e+02 2.331665492169296078e-52
2.670756337635806403e+02 2.943392669729587634e-52
2.629101278360727179e+02 4.070390489601945072e-52
2.572569412201690966e+02 4.852230121668570475e-52
2.545791159810568161e+02 7.169807247306414774e-52
2.737296237516779343e+02 9.781855190932606875e-52
2.751091094809174820e+02 1.158801376660317056e-51
2.751091094809174820e+02 1.293048409749468866e-51
2.751091094809174820e+02 1.524135074679353653e-51
2.751091094809174820e+02 1.796520306859913439e-51
2.563643328071316887e+02 2.511992185555818778e-51
2.563643328071316887e+02 3.106379322773079418e-51
2.563643328071316887e+02 3.712050556753611603e-51
2.563643328071316887e+02 4.315904564820470348e-51
2.411899897854954133e+02 6.076768492077999734e-51
2.178036493639149569e+02 6.889086532345611388e-51
2.063782616770359937e+02 7.422776053336188691e-51
2.001300027857739963e+02 9.219710483481695854e-51
2.001300027857739963e+02 1.280957231149066088e-50
2.051881171263193835e+02 1.555579718242551811e-50
2.158994180827684204e+02 1.736265297083793691e-50
2.260156467638592517e+02 2.799052651891528346e-50
2.447604234376451302e+02 3.935445510565699032e-50
2.447604234376451302e+02 4.638767189160948538e-50
2.447604234376451302e+02 5.467782739581891293e-50
2.447604234376451302e+02 6.444955495314973118e-50
2.447604234376451302e+02 7.596763316123688633e-50
2.260156467638592517e+02 1.021772872213664624e-49
2.224452131117095917e+02 1.260548151941408946e-49
2.179821710465224669e+02 1.489054936397513571e-49
2.179821710465224669e+02 1.999177060642987328e-49
2.215526046986721838e+02 2.324601714550814753e-49
2.242304299377843790e+02 2.702937550832752800e-49
2.438678150246076939e+02 3.460711620773368370e-49
2.447604234376451302e+02 3.932921935725882320e-49
2.447604234376451302e+02 4.635792614583583710e-49
2.451429699003755047e+02 5.525278068097988288e-49
2.299431237812239033e+02 7.679696115723947646e-49
2.260156467638592517e+02 1.078645365229511997e-48
2.295860804160089401e+02 1.349314426202453874e-48
2.385121645463831328e+02 1.583567651208272833e-48
2.429752066115702860e+02 2.083052693341045478e-48
2.492234655028322550e+02 2.523941159340111660e-48
2.599347664592812635e+02 2.740953029971660130e-48
2.706460674157303856e+02 2.722978817176098377e-48
2.826962809917355912e+02 2.560936412623548116e-48
3.166154006871576598e+02 3.115805637995516291e-48
3.420547404587240976e+02 3.922159837594320051e-48
3.545512582412480924e+02 4.438329037567498451e-48
3.666014718172532412e+02 4.594403004905856967e-48
3.795442938062958547e+02 4.380706713421261911e-48
3.911482031757824416e+02 4.381996689023522520e-48
4.143560219147553880e+02 5.727523401608703583e-48
4.197116723929799491e+02 6.524658022704030968e-48
4.322081901755037734e+02 6.306939277790869707e-48
4.375638406537283345e+02 5.314882047298133841e-48
4.554160089144767198e+02 4.389148050209929091e-48
4.661273098709258420e+02 4.390341077900544470e-48
4.759460024143375563e+02 4.272725676992715673e-48
4.911203454359736611e+02 3.409457612631290096e-48
4.964759959141982222e+02 2.795495715936995053e-48
4.991538211533105027e+02 2.339531747550663737e-48
5.009390379793853754e+02 1.879044436937947400e-48
5.018316463924227833e+02 1.361773573133576773e-48
5.027242548054602480e+02 1.163272405577359410e-48
5.321803324356951634e+02 8.730534506985406401e-49
5.523532825703408662e+02 8.045606502970710143e-49
5.723477110223791442e+02 7.672759450256641437e-49
5.821664035657908016e+02 7.265355787434065929e-49
5.875220540440153627e+02 6.249682460447004391e-49
6.056717584424427514e+02 5.439499409641741225e-49
6.169781316742503350e+02 4.853937341495123552e-49
6.373296034915035762e+02 4.460914951483127168e-49
6.638400733587149034e+02 5.029066260721256259e-49
6.732124616956078853e+02 4.729468991041760897e-49
6.803533289999072622e+02 3.931482188214667258e-49
6.839237626520570075e+02 3.009931155575986230e-49
6.883868047172439901e+02 2.661026730153401520e-49
6.999907140867306907e+02 2.212291479489800030e-49
7.285541833039279709e+02 2.110228897694918297e-49
7.455137431516390052e+02 2.388212422312530089e-49
7.642585198254248553e+02 3.388620526393463742e-49
7.749698207818739775e+02 3.297915490394598839e-49
7.544398272820131979e+02 2.148093647156821937e-49
7.794328628470611875e+02 1.563055187213639682e-49
7.812180796731360033e+02 1.238316606369801350e-49
7.838959049122481701e+02 8.732081380225780469e-50
7.889540192527936142e+02 7.159587999231561578e-50
7.954998142817346434e+02 6.102883260431868647e-50
8.017480731729967829e+02 5.154798181506895807e-50
8.088889404772961598e+02 4.374029228977882782e-50
8.115667657164083266e+02 3.814204384267139316e-50
8.133519825424831424e+02 3.236048036865508210e-50
8.133519825424831424e+02 2.745404155745321990e-50
8.133519825424831424e+02 2.329150832286243039e-50
8.133519825424831424e+02 1.845165504680458345e-50
8.106741573033709756e+02 1.002763821237135946e-50
8.071037236512213440e+02 8.333444661967600309e-51
7.990702479338842750e+02 7.133366011560395763e-51
7.928219890426224765e+02 5.560589817974317356e-51
7.830032964992109328e+02 5.191095891818777328e-51
7.794328628470611875e+02 2.707449575899615349e-51
7.925244529049432458e+02 2.587431698798371136e-51
7.972850311078094592e+02 2.266719074789993682e-51
7.990702479338842750e+02 1.771349917939657629e-51
7.990702479338842750e+02 1.502780975618967139e-51
7.990702479338842750e+02 1.274931981428656010e-51
7.990702479338842750e+02 1.010007802129747909e-51
7.990702479338842750e+02 5.161064821481483024e-52
7.990702479338842750e+02 4.173525881293463944e-52
7.954998142817346434e+02 3.500226582579683802e-52
7.776476460209863717e+02 2.635832672968130420e-52
