2.278700000000000170e+00 2.933800000000000148e-37
2.325200000000000156e+00 2.749200000000000072e-37
2.372599999999999820e+00 2.560899999999999963e-37
2.420999999999999819e+00 2.368700000000000066e-37
2.470299999999999940e+00 2.172500000000000088e-37
2.520700000000000163e+00 1.972399999999999906e-37
2.572099999999999831e+00 1.768199999999999974e-37
2.624600000000000044e+00 1.672499999999999951e-37
2.678100000000000147e+00 1.590499999999999955e-37
2.732699999999999907e+00 1.506799999999999966e-37
2.788400000000000212e+00 1.421399999999999985e-37
2.845299999999999940e+00 1.334300000000000011e-37
2.903300000000000214e+00 1.245300000000000081e-37
2.962499999999999911e+00 1.154599999999999950e-37
3.022899999999999920e+00 1.067800000000000024e-37
3.084600000000000009e+00 1.022499999999999897e-37
3.147400000000000198e+00 9.763599999999999701e-38
3.211599999999999788e+00 9.292399999999999982e-38
3.277099999999999902e+00 8.811599999999999567e-38
3.343900000000000095e+00 8.320899999999999869e-38
3.412100000000000133e+00 7.886900000000000237e-38
3.481700000000000017e+00 7.545799999999999904e-38
3.552700000000000191e+00 7.197699999999999846e-38
3.625100000000000211e+00 6.842600000000000064e-38
3.699100000000000055e+00 6.480199999999999883e-38
3.774500000000000188e+00 6.110400000000000470e-38
3.851500000000000146e+00 5.733099999999999860e-38
3.930000000000000160e+00 5.348100000000000389e-38
4.010100000000000442e+00 4.720899999999999797e-38
4.091899999999999871e+00 3.224899999999999883e-38
4.175399999999999778e+00 2.107999999999999926e-38
4.260500000000000398e+00 1.589700000000000053e-38
4.347400000000000375e+00 1.185900000000000002e-38
4.435999999999999943e+00 8.627199999999999766e-39
4.526500000000000412e+00 6.886400000000000630e-39
4.618800000000000239e+00 5.341999999999999816e-39
4.713000000000000078e+00 4.292100000000000281e-39
4.809099999999999930e+00 3.342999999999999704e-39
4.907099999999999795e+00 2.697000000000000162e-39
5.007200000000000095e+00 2.143799999999999977e-39
5.109300000000000175e+00 1.698000000000000143e-39
5.213499999999999801e+00 1.462599999999999971e-39
5.319799999999999862e+00 1.222300000000000032e-39
5.428300000000000125e+00 1.058499999999999930e-39
5.538999999999999702e+00 9.440899999999999920e-40
5.651900000000000368e+00 8.273700000000000230e-40
5.767100000000000115e+00 7.411399999999999227e-40
5.884699999999999598e+00 6.583700000000000015e-40
6.004699999999999704e+00 5.756499999999999698e-40
6.127200000000000202e+00 5.042200000000000129e-40
6.252100000000000435e+00 4.398600000000000012e-40
6.379599999999999937e+00 4.025200000000000272e-40
6.509699999999999598e+00 3.644499999999999955e-40
6.642400000000000304e+00 3.368300000000000201e-40
6.777899999999999814e+00 3.086599999999999967e-40
6.916100000000000136e+00 2.818200000000000094e-40
7.057100000000000151e+00 2.545400000000000163e-40
7.200999999999999623e+00 2.344899999999999815e-40
7.347900000000000098e+00 2.150400000000000065e-40
7.497700000000000031e+00 1.975099999999999864e-40
7.650599999999999845e+00 1.847499999999999810e-40
7.806600000000000428e+00 1.717300000000000001e-40
7.965799999999999770e+00 1.595599999999999951e-40
8.128199999999999648e+00 1.488600000000000021e-40
8.294000000000000483e+00 1.379400000000000063e-40
8.463100000000000733e+00 1.284600000000000072e-40
8.635699999999999932e+00 1.224999999999999934e-40
8.811799999999999855e+00 1.164299999999999985e-40
8.991400000000000503e+00 1.102300000000000056e-40
9.174799999999999400e+00 1.039999999999999975e-40
9.361900000000000333e+00 9.804199999999999563e-41
9.552799999999999514e+00 9.196600000000000587e-41
9.747600000000000264e+00 8.734799999999999755e-41
9.946300000000000807e+00 8.459899999999999778e-41
1.014899999999999913e+01 8.179499999999999728e-41
1.035599999999999987e+01 7.893400000000000455e-41
1.056700000000000017e+01 7.605400000000000083e-41
1.078299999999999947e+01 7.311599999999999893e-41
1.100300000000000011e+01 7.031499999999999587e-41
1.122700000000000031e+01 6.770299999999999494e-41
1.145599999999999952e+01 6.503799999999999498e-41
1.168999999999999950e+01 6.247900000000000327e-41
1.192800000000000082e+01 6.057299999999999906e-41
1.217099999999999937e+01 5.862900000000000342e-41
1.241900000000000048e+01 5.668499999999999759e-41
1.267300000000000004e+01 5.508100000000000460e-41
1.293099999999999916e+01 5.344500000000000487e-41
1.319500000000000028e+01 5.178300000000000351e-41
1.346400000000000041e+01 5.086000000000000133e-41
1.373799999999999955e+01 4.991700000000000260e-41
1.401800000000000068e+01 4.895500000000000306e-41
1.430400000000000027e+01 4.797400000000000271e-41
1.459600000000000009e+01 4.703999999999999632e-41
1.489400000000000013e+01 4.609600000000000183e-41
1.519699999999999918e+01 4.513200000000000060e-41
1.550699999999999967e+01 4.414899999999999856e-41
1.582300000000000040e+01 4.347999999999999751e-41
1.614600000000000080e+01 4.289400000000000053e-41
1.647500000000000142e+01 4.229699999999999932e-41
1.681099999999999994e+01 4.168700000000000239e-41
1.715399999999999991e+01 4.111699999999999857e-41
1.750400000000000134e+01 4.056200000000000237e-41
1.786100000000000065e+01 3.999600000000000194e-41
1.822500000000000142e+01 3.941800000000000154e-41
1.859700000000000131e+01 3.882900000000000201e-41
1.897599999999999909e+01 3.826200000000000074e-41
1.936299999999999955e+01 3.785400000000000165e-41
1.975799999999999912e+01 3.743800000000000089e-41
2.016000000000000014e+01 3.701299999999999759e-41
2.057100000000000151e+01 3.657900000000000197e-41
2.099099999999999966e+01 3.627399999999999840e-41
2.141900000000000048e+01 3.601900000000000152e-41
2.185600000000000165e+01 3.575799999999999956e-41
2.230099999999999838e+01 3.549299999999999931e-41
2.275600000000000023e+01 3.522199999999999907e-41
2.321999999999999886e+01 3.494499999999999884e-41
2.369399999999999906e+01 3.483400000000000164e-41
2.417699999999999960e+01 3.474400000000000184e-41
2.467000000000000171e+01 3.465200000000000035e-41
2.517299999999999827e+01 3.455899999999999801e-41
2.568599999999999994e+01 3.446399999999999907e-41
2.621000000000000085e+01 3.435900000000000185e-41
2.674399999999999977e+01 3.424099999999999872e-41
2.728999999999999915e+01 3.412099999999999899e-41
2.784600000000000009e+01 3.399899999999999756e-41
2.841400000000000148e+01 3.390700000000000117e-41
2.899299999999999855e+01 3.390499999999999947e-41
2.958500000000000085e+01 3.390299999999999778e-41
3.018799999999999883e+01 3.390100000000000118e-41
3.080399999999999849e+01 3.389899999999999949e-41
3.143199999999999861e+01 3.389699999999999779e-41
3.207300000000000040e+01 3.396600000000000019e-41
3.272699999999999676e+01 3.405599999999999999e-41
3.339399999999999835e+01 3.414800000000000148e-41
3.407500000000000284e+01 3.424199999999999957e-41
3.477000000000000313e+01 3.433799999999999935e-41
3.547899999999999920e+01 3.442799999999999915e-41
3.620199999999999818e+01 3.451600000000000235e-41
3.693999999999999773e+01 3.460600000000000215e-41
3.769400000000000261e+01 3.469799999999999854e-41
3.846200000000000330e+01 3.479100000000000088e-41
3.924699999999999989e+01 3.489799999999999979e-41
4.004699999999999704e+01 3.503300000000000204e-41
4.086299999999999955e+01 3.517000000000000088e-41
4.169700000000000273e+01 3.531000000000000227e-41
4.254699999999999704e+01 3.545300000000000110e-41
4.341499999999999915e+01 3.559900000000000247e-41
4.429999999999999716e+01 3.580800000000000115e-41
4.520300000000000296e+01 3.602199999999999897e-41
4.612500000000000000e+01 3.623899999999999933e-41
4.706499999999999773e+01 3.646099999999999883e-41
4.802499999999999858e+01 3.668799999999999747e-41
4.900399999999999778e+01 3.693599999999999862e-41
5.000399999999999778e+01 3.727100000000000211e-41
5.102300000000000324e+01 3.761200000000000050e-41
5.206400000000000006e+01 3.796100000000000056e-41
5.312500000000000000e+01 3.831700000000000146e-41
5.420900000000000318e+01 3.867999999999999810e-41
5.531400000000000006e+01 3.905000000000000066e-41
5.644200000000000017e+01 3.941700000000000069e-41
5.759300000000000352e+01 3.976700000000000160e-41
5.876700000000000301e+01 4.012499999999999910e-41
5.996600000000000108e+01 4.049000000000000253e-41
6.118900000000000006e+01 4.086200000000000169e-41
6.243599999999999994e+01 4.124100000000000169e-41
6.370900000000000318e+01 4.161900000000000084e-41
6.500900000000000034e+01 4.200099999999999829e-41
6.633400000000000318e+01 4.239100000000000251e-41
6.768699999999999761e+01 4.278999999999999906e-41
6.906699999999999307e+01 4.319600000000000155e-41
7.047499999999999432e+01 4.361100000000000147e-41
7.191200000000000614e+01 4.403399999999999797e-41
7.337900000000000489e+01 4.448900000000000119e-41
7.487500000000000000e+01 4.501399999999999747e-41
7.640200000000000102e+01 4.554999999999999796e-41
7.795999999999999375e+01 4.609800000000000353e-41
7.954999999999999716e+01 4.665599999999999718e-41
8.117199999999999704e+01 4.722499999999999505e-41
8.282699999999999818e+01 4.780699999999999884e-41
8.451600000000000534e+01 4.843000000000000169e-41
8.623900000000000432e+01 4.907599999999999854e-41
8.799800000000000466e+01 4.973599999999999706e-41
8.979200000000000159e+01 5.040799999999999555e-41
9.162300000000000466e+01 5.109500000000000165e-41
9.349099999999999966e+01 5.179500000000000348e-41
9.539799999999999613e+01 5.238300000000000216e-41
9.734300000000000352e+01 5.297199999999999659e-41
9.932800000000000296e+01 5.357300000000000119e-41
1.013499999999999943e+02 5.418599999999999556e-41
1.034200000000000017e+02 5.481199999999999585e-41
1.055300000000000011e+02 5.545100000000000207e-41
1.076800000000000068e+02 5.611699999999999547e-41
1.098799999999999955e+02 5.700399999999999773e-41
1.121200000000000045e+02 5.791000000000000079e-41
1.144000000000000057e+02 5.883399999999999872e-41
1.167399999999999949e+02 5.977600000000000170e-41
1.191200000000000045e+02 6.073800000000000124e-41
1.215499999999999972e+02 6.167300000000000339e-41
1.240199999999999960e+02 6.247099999999999650e-41
1.265499999999999972e+02 6.328399999999999722e-41
1.291299999999999955e+02 6.411500000000000300e-41
1.317700000000000102e+02 6.496200000000000195e-41
1.344499999999999886e+02 6.582600000000000001e-41
1.371999999999999886e+02 6.670800000000000312e-41
1.399900000000000091e+02 6.763299999999999680e-41
1.428499999999999943e+02 6.858699999999999975e-41
1.457599999999999909e+02 6.956000000000000352e-41
1.487299999999999898e+02 7.055300000000000383e-41
1.517700000000000102e+02 7.156600000000000071e-41
1.548600000000000136e+02 7.260000000000000009e-41
1.580200000000000102e+02 7.369800000000000272e-41
1.612400000000000091e+02 7.500000000000000489e-41
1.645300000000000011e+02 7.632799999999999851e-41
1.678799999999999955e+02 7.768299999999999972e-41
1.713100000000000023e+02 7.906499999999999831e-41
1.748000000000000114e+02 8.047599999999999599e-41
1.783600000000000136e+02 8.191499999999999701e-41
1.820000000000000000e+02 8.333400000000000147e-41
1.857100000000000080e+02 8.468000000000000015e-41
1.895000000000000000e+02 8.605299999999999621e-41
1.933600000000000136e+02 8.745500000000000156e-41
1.973100000000000023e+02 8.888500000000000005e-41
2.013300000000000125e+02 9.034399999999999762e-41
2.054399999999999977e+02 9.183300000000000023e-41
2.096200000000000045e+02 9.335299999999999341e-41
2.139000000000000057e+02 9.486400000000000446e-41
2.182599999999999909e+02 9.635600000000000451e-41
2.227100000000000080e+02 9.787900000000000534e-41
2.272500000000000000e+02 9.943300000000000695e-41
2.318899999999999864e+02 1.010200000000000008e-40
2.366100000000000136e+02 1.026400000000000074e-40
2.414399999999999977e+02 1.042900000000000088e-40
2.463600000000000136e+02 1.059999999999999998e-40
2.513899999999999864e+02 1.078299999999999906e-40
2.565099999999999909e+02 1.096899999999999967e-40
2.617400000000000091e+02 1.115999999999999941e-40
2.670799999999999841e+02 1.135400000000000067e-40
2.725299999999999727e+02 1.155199999999999921e-40
2.780799999999999841e+02 1.175500000000000096e-40
2.837500000000000000e+02 1.196100000000000016e-40
2.895400000000000205e+02 1.217200000000000053e-40
2.954399999999999977e+02 1.241599999999999930e-40
3.014700000000000273e+02 1.266499999999999926e-40
3.076200000000000045e+02 1.292000000000000021e-40
3.138899999999999864e+02 1.317900000000000048e-40
3.202900000000000205e+02 1.344399999999999971e-40
3.268199999999999932e+02 1.371400000000000013e-40
3.334900000000000091e+02 1.398899999999999968e-40
3.402900000000000205e+02 1.427000000000000024e-40
3.472200000000000273e+02 1.453499999999999947e-40
3.543000000000000114e+02 1.479699999999999923e-40
3.615299999999999727e+02 1.506499999999999998e-40
3.688999999999999773e+02 1.533899999999999971e-40
3.764200000000000159e+02 1.561800000000000061e-40
3.841000000000000227e+02 1.590200000000000065e-40
3.919300000000000068e+02 1.619299999999999949e-40
3.999200000000000159e+02 1.648899999999999950e-40
4.080799999999999841e+02 1.679200000000000035e-40
4.163999999999999773e+02 1.710000000000000034e-40
4.248899999999999864e+02 1.741499999999999912e-40
4.335600000000000023e+02 1.773600000000000095e-40
4.423999999999999773e+02 1.806299999999999971e-40
4.514200000000000159e+02 1.839699999999999930e-40
4.606200000000000045e+02 1.873799999999999972e-40
4.700099999999999909e+02 1.908600000000000098e-40
4.796000000000000227e+02 1.944099999999999899e-40
4.893799999999999955e+02 1.980300000000000192e-40
4.993600000000000136e+02 2.017200000000000160e-40
5.095400000000000205e+02 2.055000000000000177e-40
5.199299999999999500e+02 2.093400000000000091e-40
5.305299999999999727e+02 2.132700000000000053e-40
5.413500000000000227e+02 2.172700000000000099e-40
5.523899999999999864e+02 2.215199999999999919e-40
5.636499999999999773e+02 2.258899999999999940e-40
5.751499999999999773e+02 2.303399999999999823e-40
5.868700000000000045e+02 2.348899999999999942e-40
5.988400000000000318e+02 2.395399999999999888e-40
6.110499999999999545e+02 2.442700000000000105e-40
6.235099999999999909e+02 2.491099999999999928e-40
6.362300000000000182e+02 2.540399999999999800e-40
6.492000000000000455e+02 2.590699999999999908e-40
6.624400000000000546e+02 2.642100000000000031e-40
6.759500000000000455e+02 2.694499999999999981e-40
6.897300000000000182e+02 2.747999999999999946e-40
7.037999999999999545e+02 2.800700000000000049e-40
7.181499999999999773e+02 2.852199999999999950e-40
7.327899999999999636e+02 2.904700000000000087e-40
7.477300000000000182e+02 2.958299999999999831e-40
7.629800000000000182e+02 3.012999999999999997e-40
7.785399999999999636e+02 3.068800000000000177e-40
7.944099999999999682e+02 3.125699999999999964e-40
8.106100000000000136e+02 3.183799999999999953e-40
8.271399999999999864e+02 3.243100000000000143e-40
8.440099999999999909e+02 3.303600000000000126e-40
8.612200000000000273e+02 3.365400000000000089e-40
8.787799999999999727e+02 3.428300000000000066e-40
8.967000000000000455e+02 3.492599999999999803e-40
9.149800000000000182e+02 3.558199999999999928e-40
9.336399999999999864e+02 3.625100000000000032e-40
9.526799999999999500e+02 3.693399999999999896e-40
