2.278700000000000170e+00 2.933799999999984696e-37
2.297910508170506461e+00 2.831859744682397156e-37
2.317282969921637736e+00 2.733461590276328494e-37
2.336818750597924321e+00 2.638482459996967557e-37
2.356519227054392651e+00 2.546803553587849723e-37
2.376385787753600098e+00 2.458310198725048706e-37
2.396419832863494026e+00 2.372891707584595195e-37
2.416622774356094183e+00 2.290441238393729675e-37
2.436996036107004659e+00 2.210855661792805997e-37
2.457541053995767832e+00 2.134035431840698066e-37
2.478259276007064305e+00 2.059884461502358614e-37
2.499152162332761939e+00 1.988310002462790986e-37
2.520221185474830428e+00 1.919222529117105943e-37
2.541467830349121826e+00 1.852535626591553461e-37
2.562893594390022844e+00 1.788165882655473728e-37
2.584499987655993980e+00 1.730587555206337813e-37
2.606288532935995050e+00 1.686168757056209834e-37
2.628260765856811343e+00 1.642890051254032027e-37
2.650418234991279931e+00 1.600722175176357814e-37
2.672762501967433035e+00 1.559636617280319987e-37
2.695295141578556652e+00 1.519605597825647051e-37
2.718017741894184880e+00 1.480602050091493918e-37
2.740931904372018391e+00 1.442599602075601184e-37
2.764039243970798587e+00 1.405572558662931379e-37
2.787341389264124114e+00 1.369495884252127254e-37
2.810839982555232819e+00 1.334345185827756948e-37
2.834536679992746944e+00 1.300096696467268463e-37
2.858433151687397977e+00 1.266727259271063471e-37
2.882531081829732056e+00 1.234214311705045940e-37
2.906832168808811456e+00 1.202535870345233310e-37
2.931338125331913513e+00 1.171670516013737668e-37
2.956050678545239396e+00 1.141597379296268848e-37
2.980971570155642070e+00 1.112296126431527061e-37
3.006102556553378324e+00 1.083746945562582032e-37
3.031445408935898644e+00 1.059102734270925045e-37
3.057001913432676243e+00 1.036921082340277994e-37
3.082773871231093032e+00 1.015203998828225868e-37
3.108763098703383410e+00 9.939417538996511986e-38
3.134971427534651411e+00 9.731248214993056745e-38
3.161400704851963450e+00 9.527438750839294277e-38
3.188052793354532177e+00 9.327897834435979627e-38
3.214929571444997247e+00 9.132536066108215866e-38
3.242032933361812308e+00 8.941265918550770504e-38
3.269364789312747988e+00 8.754001697614706183e-38
3.296927065609522423e+00 8.570659503912927686e-38
3.324721704803560662e+00 8.391157195232160529e-38
3.352750665822908704e+00 8.215414349729911154e-38
3.381015924110292392e+00 8.043352229904435559e-38
3.409519471762346043e+00 7.861327486436120863e-38
3.438263317670008590e+00 7.681385794284290592e-38
3.467249487660113427e+00 7.505562873755998228e-38
3.496480024638161765e+00 7.333764448313748355e-38
3.525956988732304342e+00 7.165898399360893159e-38
3.555682457438539501e+00 7.001874716847490398e-38
3.585658525767125404e+00 6.841605451006761734e-38
3.615887306390241474e+00 6.685004665196292410e-38
3.646370929790883064e+00 6.531988389818655153e-38
3.677111544413011579e+00 6.382474577296780110e-38
3.708111316812980451e+00 6.236383058079906316e-38
3.739372431812226782e+00 6.093635497656440890e-38
3.770897092651255278e+00 5.954155354551266373e-38
3.802687521144920701e+00 5.817867839283466403e-38
3.834745957839017727e+00 5.684699874264498098e-38
3.867074662168188848e+00 5.554580054613761693e-38
3.899675912615171658e+00 5.427438609871186560e-38
3.932552006871380179e+00 5.303207366586200067e-38
3.965705261998840658e+00 5.190141102438626246e-38
3.999138014593499157e+00 4.742656725335956007e-38
4.032852620949899602e+00 4.157771330665403522e-38
4.066851457227253164e+00 3.629558089650772680e-38
4.101136919616905629e+00 2.983395334328315252e-38
4.135711424511216983e+00 2.452267604221856857e-38
4.170577408673866060e+00 2.106554475780491439e-38
4.205737329411594061e+00 1.866076009083034835e-38
4.241193664747384240e+00 1.653049902915553612e-38
4.276948913595116863e+00 1.464342271283940143e-38
4.313005595935686998e+00 1.295071545211993490e-38
4.349366252994607329e+00 1.143229423031596281e-38
4.386033447421112008e+00 1.009190201512160256e-38
4.423009763468769506e+00 8.908665595112194400e-39
4.460297807177616036e+00 7.936069304948249317e-39
4.497900206557822855e+00 7.194405982452356121e-39
4.535819611774921434e+00 6.522054615636169209e-39
4.574058695336577607e+00 5.912537673449645083e-39
4.612620152280948460e+00 5.359982980846516823e-39
4.651506700366626390e+00 4.859055464103532080e-39
4.690721080264180998e+00 4.404926709981920104e-39
4.730266055749318355e+00 3.993240962910464419e-39
4.770144413897667413e+00 3.620031486955496176e-39
4.810358965281208654e+00 3.281702278491643480e-39
4.850912544166363638e+00 2.977194052271714175e-39
4.891808008713747213e+00 2.703452018963881955e-39
4.933048241179601945e+00 2.454879557905534030e-39
4.974636148118945833e+00 2.229162419583922637e-39
5.016574660590413792e+00 2.024199141209511785e-39
5.058866734362839956e+00 1.838081481760389478e-39
5.101515350123571046e+00 1.699652666539800300e-39
5.144523513688548988e+00 1.585913852805330099e-39
5.187894256214145017e+00 1.479786310482012901e-39
5.231630634410804781e+00 1.380760701986730703e-39
5.275735730758467135e+00 1.288361774025252559e-39
5.320212653723827678e+00 1.202146076710600643e-39
5.365064537979408854e+00 1.123186432767183050e-39
5.410294544624490776e+00 1.068618341829384400e-39
5.455905861407899238e+00 1.016701348217663577e-39
5.501901702952679329e+00 9.673066529047583373e-40
5.548285310982651097e+00 9.203117143437718196e-40
5.595059954550884562e+00 8.755999444591351070e-40
5.642228930270099418e+00 8.330604194074811236e-40
5.689795562545001850e+00 7.925891491775513660e-40
5.737763203806590440e+00 7.540856901499470939e-40
5.786135234748424061e+00 7.174527038112874850e-40
5.834915064564893505e+00 6.825993238298596293e-40
5.884106131191493283e+00 6.494390981005192979e-40
5.933711901547127354e+00 6.178897743044702458e-40
5.983735871778444348e+00 5.878730958864084108e-40
6.034181567506250232e+00 5.552149347272938550e-40
6.085052544073986880e+00 5.238019780601927254e-40
6.136352386798299641e+00 4.941663039999685925e-40
6.188084711221740974e+00 4.662073574317947891e-40
6.240253163367573741e+00 4.427149857166912384e-40
6.292861419996748751e+00 4.259319376548952506e-40
6.345913188867030819e+00 4.097851244424540064e-40
6.399412208994321283e+00 3.942504268143780034e-40
6.453362250916172549e+00 3.793046398519200346e-40
6.507767116957540843e+00 3.649254383202809786e-40
6.562630641498754969e+00 3.524612848632546513e-40
6.617956691245771239e+00 3.404611168170967889e-40
6.673749165502687042e+00 3.288695157237374736e-40
6.730011996446558342e+00 3.176725711983989591e-40
6.786749149404534442e+00 3.068178807456782243e-40
6.843964623133333092e+00 2.946601754829668865e-40
6.901662450101061275e+00 2.829842211432927259e-40
6.959846696771418095e+00 2.717709282729536239e-40
7.018521463890302847e+00 2.610019638407400732e-40
7.077690886774814949e+00 2.507455551493096221e-40
7.137359135604720350e+00 2.419276477843751475e-40
7.197530415716350660e+00 2.334198376024206820e-40
7.258208967898992725e+00 2.252112194919597787e-40
7.319399068693773103e+00 2.172912718388837260e-40
7.381105030695062297e+00 2.096498430401034637e-40
7.443331202854421846e+00 2.022771384914630270e-40
7.506081970787114699e+00 1.962469296874549763e-40
7.569361757081184194e+00 1.905308860915046634e-40
7.633175021609171829e+00 1.849813325111833035e-40
7.697526261842431161e+00 1.795934196263556272e-40
7.762420013168103594e+00 1.743624393620247136e-40
7.827860849208770233e+00 1.692838207743256471e-40
7.893853382144791375e+00 1.643531260563183209e-40
7.960402263039367377e+00 1.593931020878369743e-40
8.027512182166345767e+00 1.545589578615459187e-40
8.095187869340762177e+00 1.498714256912000963e-40
8.163434094252227879e+00 1.453260590617741110e-40
8.232255666801059135e+00 1.409185463141022507e-40
8.301657437437288678e+00 1.366447065549247021e-40
8.371644297502514931e+00 1.325004856909521329e-40
8.442221179574637802e+00 1.290124106364520585e-40
8.513393057815493492e+00 1.262471243142989770e-40
8.585164948321438061e+00 1.235411098746417098e-40
8.657541909476870856e+00 1.208930968681826771e-40
8.730529042310726240e+00 1.183018420767803894e-40
8.804131490856015319e+00 1.157661289297538869e-40
8.878354442512355504e+00 1.132847669327293042e-40
8.953203128411567846e+00 1.108565911086984389e-40
9.028682823786365219e+00 1.084804614510873484e-40
9.104798848342145590e+00 1.061552623885191069e-40
9.181556566631913441e+00 1.036325338484628802e-40
9.258961388434366668e+00 1.009742561719702364e-40
9.337018769135173812e+00 9.838416596463508099e-41
9.415734210111450508e+00 9.586051414997846346e-41
9.495113259119507987e+00 9.340159651708091478e-41
9.575161510685839872e+00 9.100575256972371535e-41
9.655884606501413003e+00 8.867136440507547725e-41
9.737288235819296034e+00 8.739913549100369639e-41
9.819378135855624024e+00 8.619424030726526138e-41
9.902160092193950547e+00 8.500595595606698256e-41
9.985639939193013959e+00 8.383405343843750211e-41
1.006982356039791249e+01 8.267830691241196669e-41
1.015471688895480007e+01 8.153849364951455785e-41
1.024032590802902831e+01 8.041439399182743319e-41
1.032665665122683230e+01 7.930579130966507301e-41
1.041371520302057796e+01 7.808535299274918508e-41
1.050150769917757643e+01 7.683214094436120606e-41
1.059004032719253452e+01 7.559904202062504897e-41
1.067931932672363615e+01 7.438573342079540022e-41
1.076935099003231322e+01 7.319189752483968577e-41
1.086014166242668999e+01 7.201722181029145892e-41
1.095169774270882534e+01 7.085273179656518337e-41
1.104402568362567472e+01 6.969919860188505622e-41
1.113713199232386764e+01 6.856444575338791506e-41
1.123102323080832932e+01 6.744816749359482973e-41
1.132570601640476227e+01 6.635006304297637689e-41
1.142118702222601812e+01 6.526983651891026516e-41
1.151747297764241829e+01 6.420719685595188208e-41
1.161457066875603594e+01 6.316185772741364381e-41
1.171248693887893921e+01 6.225697948110227460e-41
1.181122868901554313e+01 6.142290823963207136e-41
1.191080287834895834e+01 6.060001124467540486e-41
1.201121652473146106e+01 5.978813879224945282e-41
1.211247670517911779e+01 5.898714318399445957e-41
1.221459055637054725e+01 5.819687870029607836e-41
1.231756527514991539e+01 5.741720157378239858e-41
1.242140811903415809e+01 5.666170755648671984e-41
1.252612640672446354e+01 5.595609233927026793e-41
1.263172751862211385e+01 5.525926423518961964e-41
1.273821889734862367e+01 5.457111381724353334e-41
1.284560804827029479e+01 5.389153302113954488e-41
1.295390254002718144e+01 5.322041512832047818e-41
1.306311000506651787e+01 5.255765474921113381e-41
1.317323814018063999e+01 5.190314780666477427e-41
1.328429470704945459e+01 5.145174849249393320e-41
1.339628753278746309e+01 5.104381714953284787e-41
1.350922451049539497e+01 5.063912005973993129e-41
1.362311359981653247e+01 5.023763158057981455e-41
1.373796282749767173e+01 4.983932627282453106e-41
1.385378028795484262e+01 4.944417889893663786e-41
1.397057414384379470e+01 4.905216442147346264e-41
1.408835262663528631e+01 4.866325800149982343e-41
1.420712403719523387e+01 4.827743499701338082e-41
1.432689674636973365e+01 4.789467096138645649e-41
1.444767919557505031e+01 4.748292121465827728e-41
1.456947989739250993e+01 4.707241956145720503e-41
1.469230743616851775e+01 4.666546679705670529e-41
1.481617046861952147e+01 4.626203224042967882e-41
1.494107772444215243e+01 4.586208547579717788e-41
1.506703800692846684e+01 4.546559635032922029e-41
1.519406019358639881e+01 4.507253497187676691e-41
1.532215323676542873e+01 4.468287170671581174e-41
1.545132616428754524e+01 4.429657717731108363e-41
1.558158808008348295e+01 4.391807212044672434e-41
1.571294816483439760e+01 4.366433103683351201e-41
1.584541567661887562e+01 4.341205596787835414e-41
1.597899995156544861e+01 4.316123844353537777e-41
1.611371040451057723e+01 4.291187004269241166e-41
1.624955652966221109e+01 4.266394239289394123e-41
1.638654790126890504e+01 4.241744717005434183e-41
1.652469417429463050e+01 4.217237609818402496e-41
1.666400508509922318e+01 4.192872094910599536e-41
1.680449045212456838e+01 4.168647354218511715e-41
1.694616017658664475e+01 4.144460293236656444e-41
1.708902424317330571e+01 4.119760707148264020e-41
1.723309272074800447e+01 4.095208322265764284e-41
1.737837576305941667e+01 4.070802261319597088e-41
1.752488360945709189e+01 4.046541652268433751e-41
1.767262658561308086e+01 4.022425628268017196e-41
1.782161510424968043e+01 3.998453327640190208e-41
1.797185966587333894e+01 3.974623893842106702e-41
1.812337085951464744e+01 3.950936475435628042e-41
1.827615936347472214e+01 3.927390226056898813e-41
1.843023594607774385e+01 3.903984304386107638e-41
1.858561146642991346e+01 3.880717874117424393e-41
1.874229687518477405e+01 3.857590103929184145e-41
1.890030321531502011e+01 3.834600167453928876e-41
1.905964162289076924e+01 3.816365234255004946e-41
1.922032332786443121e+01 3.798516284304251064e-41
1.938235965486215306e+01 3.780750813002627683e-41
1.954576202398201445e+01 3.763068429924654364e-41
1.971054195159884515e+01 3.745468746470851597e-41
1.987671105117592774e+01 3.727951375859138105e-41
2.004428103408346473e+01 3.710515933116576844e-41
2.021326371042400538e+01 3.693162035070547488e-41
2.038367098986477899e+01 3.675889300340569407e-41
2.055551488247710878e+01 3.658697349329798892e-41
2.072880749958283175e+01 3.642857550192840050e-41
2.090356105460788427e+01 3.631646703338270250e-41
2.107978786394312820e+01 3.620470357719405699e-41
2.125750034781236053e+01 3.609328407159260250e-41
2.143671103114767718e+01 3.598220745807367873e-41
2.161743254447222284e+01 3.587147268139253498e-41
2.179967762479036608e+01 3.576107868954956149e-41
2.198345911648538475e+01 3.565102443378500805e-41
2.216878997222472591e+01 3.554130886856491383e-41
2.235568325387289690e+01 3.543193095157294561e-41
2.254415213341200896e+01 3.532288964370163965e-41
2.273420989387018309e+01 3.521418390904137488e-41
2.292586993025768649e+01 3.510581271486936152e-41
2.311914575051097742e+01 3.499777503164102559e-41
2.331405097644476498e+01 3.490348852652775627e-41
2.351059934471201629e+01 3.486490845638512032e-41
2.370880470777213489e+01 3.482637103016878350e-41
2.390868103486722873e+01 3.478787620074346389e-41
2.411024241300667015e+01 3.474942392102541416e-41
2.431350304795991235e+01 3.471101414398292121e-41
2.451847726525771165e+01 3.467264682263626534e-41
2.472517951120171631e+01 3.463432191005764891e-41
2.493362435388270626e+01 3.459603935937115046e-41
2.514382648420727762e+01 3.455779912375322428e-41
2.535580071693324200e+01 3.451960115643039108e-41
2.556956199171376198e+01 3.448144541068256182e-41
2.578512537415027595e+01 3.444333183984071817e-41
2.600250605685429406e+01 3.440526039728743756e-41
2.622171936051816488e+01 3.435480190880797489e-41
2.644278073499482318e+01 3.430433191855782575e-41
2.666570576038672158e+01 3.425393607281601368e-41
2.689051014814387486e+01 3.420361426265936796e-41
2.711720974217117330e+01 3.415336637932248237e-41
2.734582051994503971e+01 3.410319231420198729e-41
2.757635859363951525e+01 3.405309195885181880e-41
2.780884021126180983e+01 3.400306520498746015e-41
2.804328175779744470e+01 3.395311194448124660e-41
2.827969975636505140e+01 3.390791301831206123e-41
2.851811086938085893e+01 3.390700367446067750e-41
2.875853189973309654e+01 3.390609435499611024e-41
2.900097979196620557e+01 3.390518505991771203e-41
2.924547163347506995e+01 3.390427578922538090e-41
2.949202465570931864e+01 3.390336654291735807e-41
2.974065623538776748e+01 3.390245732099354160e-41
2.999138389572310359e+01 3.390154812345327895e-41
3.024422530765691519e+01 3.390063895029590739e-41
3.049919829110511671e+01 3.389972980152078459e-41
3.075632081621380109e+01 3.389882067712725292e-41
3.101561100462587461e+01 3.389791157711465985e-41
3.127708713075814728e+01 3.389700250148234776e-41
3.154076762308933013e+01 3.389609345022966410e-41
3.180667106545883627e+01 3.393035931034033603e-41
3.207481619837655273e+01 3.396869656432595233e-41
3.234522192034363997e+01 3.400707713483025099e-41
3.261790728918448679e+01 3.404550107079517704e-41
3.289289152338982092e+01 3.408396842121963426e-41
3.317019400347129476e+01 3.412247923515621747e-41
3.344983427332734038e+01 3.416103356171350654e-41
3.373183204162059212e+01 3.419963145005556683e-41
3.401620718316695502e+01 3.423827294940201036e-41
3.430297974033633324e+01 3.427695810902750641e-41
3.459216992446519612e+01 3.431568697826407555e-41
3.488379811728104585e+01 3.435445960649780154e-41
3.517788487233891459e+01 3.439259848745371653e-41
3.547445091646986270e+01 3.443015912592600600e-41
3.577351715124191145e+01 3.446776078489760847e-41
3.607510465443306202e+01 3.450540350916813940e-41
3.637923468151686279e+01 3.454308734358446663e-41
3.668592866716045364e+01 3.458081233304411579e-41
3.699520822673525089e+01 3.461857852249308838e-41
3.730709515784038643e+01 3.465638595692646842e-41
3.762161144183895800e+01 3.469423468138904950e-41
3.793877924540726809e+01 3.473212474097311719e-41
3.825862092209701615e+01 3.477005618082190030e-41
3.858115901391087732e+01 3.480802904612736864e-41
3.890641625289114813e+01 3.484604338213141058e-41
3.923441556272187825e+01 3.489842187277343970e-41
3.956518006034451673e+01 3.495596596370543808e-41
3.989873305758715105e+01 3.501360493922600802e-41
4.023509806280750922e+01 3.507133895579057010e-41
4.057429878254978917e+01 3.512916817011253402e-41
4.091635912321540047e+01 3.518709273916370643e-41
4.126130319274798808e+01 3.524511282017530545e-41
4.160915530233241100e+01 3.530322857063606929e-41
4.195993996810820903e+01 3.536144014829616639e-41
4.231368191289747216e+01 3.541974771116528875e-41
4.267040606794724766e+01 3.547815141751368178e-41
4.303013757468666967e+01 3.553665142587255207e-41
4.339290178649889640e+01 3.559524789503509717e-41
4.375872427050801150e+01 3.568362735287563277e-41
4.412763080938084670e+01 3.577369218867630180e-41
4.449964740314425882e+01 3.586398434650750919e-41
4.487480027101749869e+01 3.595450440012656777e-41
4.525311585326009833e+01 3.604525292473895934e-41
4.563462081303537587e+01 3.613623049700018520e-41
4.601934203828958658e+01 3.622743769502300519e-41
4.640730664364697589e+01 3.631887509837872233e-41
4.679854197232076984e+01 3.641054328810206663e-41
4.719307559804030205e+01 3.650244284669249502e-41
4.759093532699429829e+01 3.659457435812148647e-41
4.799214919979074523e+01 3.668693840783383681e-41
4.839674549343305898e+01 3.677953558275261905e-41
4.880475272331303671e+01 3.687236647128045777e-41
4.921619964522059121e+01 3.701170766032301635e-41
4.963111525737040353e+01 3.715514737389787219e-41
5.004952880244568547e+01 3.729914299134021776e-41
5.047146976965920118e+01 3.744369666706871476e-41
5.089696789683149092e+01 3.758881056384970412e-41
5.132605317248694377e+01 3.773448685283320739e-41
5.175875583796721457e+01 3.788072771358298389e-41
5.219510638956264614e+01 3.802753533411035525e-41
5.263513558066157572e+01 3.817491191090446137e-41
5.307887442391782429e+01 3.832285964896886339e-41
5.352635419343638290e+01 3.847138076185203411e-41
5.397760642697762279e+01 3.862047747168173311e-41
5.443266292818001517e+01 3.877015200919573689e-41
5.489155576880151699e+01 3.892040661377899230e-41
5.535431729098011289e+01 3.907124353349459640e-41
5.582098010951312261e+01 3.922266502511871204e-41
5.629157711415588494e+01 3.937287049082458696e-41
5.676614147193978965e+01 3.952126755599176251e-41
5.724470662950980682e+01 3.967022393239790425e-41
5.772730631548182600e+01 3.981974172809594966e-41
5.821397454281972728e+01 3.996982305908671819e-41
5.870474561123266000e+01 4.012047004934368202e-41
5.919965410959228791e+01 4.027168483084821281e-41
5.969873491837073942e+01 4.042346954361453597e-41
6.020202321209885810e+01 4.057582633572526804e-41
6.070955446184521520e+01 4.072875736335653910e-41
6.122136443771614012e+01 4.088226479081313259e-41
6.173748921137668333e+01 4.103635079055715584e-41
6.225796515859294544e+01 4.119101754323673613e-41
6.278282896179578643e+01 4.134767424227310181e-41
6.331211761266605720e+01 4.150956933101168162e-41
6.384586841474187935e+01 4.167209831319743127e-41
6.438411898604765327e+01 4.183526367081429568e-41
6.492690726174534177e+01 4.199906789556229621e-41
6.547427149680807190e+01 4.216351348889963919e-41
6.602625026871633906e+01 4.232860296207820240e-41
6.658288248017684907e+01 4.249433883618257473e-41
6.714420736186434624e+01 4.266072364216922841e-41
6.771026447518656255e+01 4.282775992090240817e-41
6.828109371507234471e+01 4.299545022319709631e-41
6.885673531278354176e+01 4.316379710985519242e-41
6.943722983875036903e+01 4.333280315170529741e-41
7.002261820543077420e+01 4.350247092964270131e-41
7.061294167019386236e+01 4.367280303466595052e-41
7.120824183822772113e+01 4.384380206792067440e-41
7.180856066547161731e+01 4.401547064073645322e-41
7.241394046157304842e+01 4.418781137466743310e-41
7.302442389286970581e+01 4.436491588430283940e-41
7.364005398539636360e+01 4.458663984287375072e-41
7.426087412791751774e+01 4.480947191836147979e-41
7.488692807498527770e+01 4.503341764883736103e-41
7.551825995002306513e+01 4.525848260005054186e-41
7.615491424843547463e+01 4.548467236556702775e-41
7.679693584074414048e+01 4.571199256690573485e-41
7.744436997575027704e+01 4.594044885368265839e-41
7.809726228372365142e+01 4.617004690374832725e-41
7.875565877961852834e+01 4.640079242332961713e-41
7.941960586631684293e+01 4.663269114717163006e-41
8.008915033789857318e+01 4.686574883868015506e-41
8.076433938293965298e+01 4.709997129006496995e-41
8.144522058783783791e+01 4.733536432248450935e-41
8.213184194016650963e+01 4.757193378618750462e-41
8.282425183205674557e+01 4.780968556066294348e-41
8.352249906360798093e+01 4.806027438068196809e-41
8.422663284632736236e+01 4.832888275237467992e-41
8.493670280659794969e+01 4.859899237345210249e-41
8.565275898917661834e+01 4.887061163438139028e-41
8.637485186072090926e+01 4.914374897252470572e-41
8.710303231334593477e+01 4.941841287239814130e-41
8.783735166821116991e+01 4.969461186594006247e-41
8.857786167913748443e+01 4.997235453277295589e-41
8.932461453625472814e+01 5.025164950047074262e-41
9.007766286967994063e+01 5.053250544482673359e-41
9.083705975322679649e+01 5.081493109012316552e-41
9.160285870814587383e+01 5.109893520940306135e-41
9.237511370689716728e+01 5.138452662473934812e-41
9.315387917695369424e+01 5.167171420751394626e-41
9.393921000463755888e+01 5.194358965471788344e-41
9.473116153898827463e+01 5.219018554681098970e-41
9.552978959566370065e+01 5.243795212299345354e-41
9.633515046087379119e+01 5.268689494094771864e-41
9.714730089534769775e+01 5.293701958473720879e-41
9.796629813833392575e+01 5.318833166493848570e-41
9.879219991163479619e+01 5.344083681876016247e-41
9.962506442367444492e+01 5.369454071017628488e-41
1.004649503736013116e+02 5.394944903004646839e-41
1.013119169554249197e+02 5.420556749625046212e-41
1.021660238621883963e+02 5.446290185380945837e-41
1.030273312901747857e+02 5.472145787502197188e-41
1.038958999431503827e+02 5.498124135958626065e-41
1.047717910366423411e+02 5.524225813473750007e-41
1.056550663022533740e+02 5.550451405537137628e-41
1.065457879920128619e+02 5.576801500418259596e-41
1.074440188827634870e+02 5.603276689178961139e-41
1.083498222805865794e+02 5.639215583942600002e-41
1.092632620252629323e+02 5.676504564687279085e-41
1.101844024947730105e+02 5.714040116619790710e-41
1.111133086098333678e+02 5.751823870177678736e-41
1.120500458384730820e+02 5.789857466579376874e-41
1.129946802006470108e+02 5.828142557896062487e-41
1.139472782728891360e+02 5.866680807123038318e-41
1.149079071930051725e+02 5.905473888252071614e-41
1.158766346648035181e+02 5.944523486344095189e-41
1.168535289628678129e+02 5.983831297602510045e-41
1.178386589373679811e+02 6.023399029446467600e-41
1.188320940189135655e+02 6.063228400585621130e-41
1.198339042234462255e+02 6.103321141094392908e-41
1.208441601571752528e+02 6.143678992487218102e-41
1.218629330215529762e+02 6.178148680175569968e-41
1.228902946182933391e+02 6.211856037022400938e-41
1.239263173544327117e+02 6.245747297812799917e-41
1.249710742474321989e+02 6.279823465907952098e-41
1.260246389303247980e+02 6.314085550143692577e-41
1.270870856569039802e+02 6.348534564859548036e-41
1.281584893069579323e+02 6.383171529929596331e-41
1.292389253915460188e+02 6.417997470791828330e-41
1.303284700583217841e+02 6.453013418479339883e-41
1.314272000968986447e+02 6.488220409650016860e-41
1.325351929442625192e+02 6.523619486618071745e-41
1.336525266902297631e+02 6.559211697384052899e-41
1.347792800829498674e+02 6.594998095666720670e-41
1.359155325344567018e+02 6.630979740933388025e-41
1.370613641262641806e+02 6.667157698432150450e-41
1.382168556150114966e+02 6.704127959624202630e-41
1.393820884381535166e+02 6.743762896881443106e-41
1.405571447197015686e+02 6.783632156672628715e-41
1.417421072760104437e+02 6.823737124317329695e-41
1.429370596216155604e+02 6.864079193324822003e-41
1.441420859751194712e+02 6.904659765443169847e-41
1.453572712651263430e+02 6.945480250707600614e-41
1.465827011362289056e+02 6.986542067489157140e-41
1.478184619550432330e+02 7.027846642544661146e-41
1.490646408162970999e+02 7.069395411065952778e-41
1.503213255489671383e+02 7.111189816729404417e-41
1.515886047224693982e+02 7.153231311746781344e-41
1.528665676529020345e+02 7.195521356915354042e-41
1.541553044093390952e+02 7.238061421668304135e-41
1.554549058201797891e+02 7.280852984126481265e-41
1.567654634795485720e+02 7.323897531149421797e-41
1.580870697537519618e+02 7.372692233604959301e-41
1.594198177877869966e+02 7.426946498018376224e-41
1.607638015119073600e+02 7.481600009425249883e-41
1.621191156482422855e+02 7.536655705809352254e-41
1.634858557174728162e+02 7.592116546775021892e-41
1.648641180455646520e+02 7.647985513705275118e-41
1.662539997705558505e+02 7.704265609923070761e-41
1.676555988494042424e+02 7.760959860851756183e-41
1.690690140648899842e+02 7.818071314178580190e-41
1.704943450325791332e+02 7.875603040018159049e-41
1.719316922078427581e+02 7.933558131077118074e-41
1.733811568929386340e+02 7.991939702821254633e-41
1.748428412441493265e+02 8.050750893641970118e-41
1.763168482789828033e+02 8.109994865026031857e-41
1.778032818834333852e+02 8.169674801724466348e-41
1.793022468193022121e+02 8.229793911924819139e-41
1.808138487315822545e+02 8.290247586106016160e-41
1.823381941559024995e+02 8.346384114506186989e-41
1.838753905260379042e+02 8.402900765428543865e-41
1.854255461814797172e+02 8.459800112832112770e-41
1.869887703750726189e+02 8.517084748105351516e-41
1.885651732807133101e+02 8.574757280184025296e-41
1.901548660011161189e+02 8.632820335670031456e-41
1.917579605756437786e+02 8.691276558951020561e-41
1.933745699882026088e+02 8.750128612320692423e-41
1.950048081752069038e+02 8.809379176100610281e-41
1.966487900336075825e+02 8.869030948761424645e-41
1.983066314289913521e+02 8.929086647046331033e-41
1.999784492037453845e+02 8.989549006094665363e-41
2.016643611852936147e+02 9.050420779566466909e-41
2.033644861943997739e+02 9.111704739767890579e-41
2.050789440535423296e+02 9.173403677777467479e-41
2.068078555953598539e+02 9.235520403573068984e-41
2.085513426711659122e+02 9.298057746160483781e-41
2.103095281595385586e+02 9.361018553701360744e-41
2.120825359749788959e+02 9.424316597706881751e-41
2.138704910766461751e+02 9.486407015530344290e-41
2.156735194771630688e+02 9.548906504923669385e-41
2.174917482514985068e+02 9.611817760981446538e-41
2.193253055459222480e+02 9.675143496554416020e-41
2.211743205870371014e+02 9.738886442366445149e-41
2.230389236908874295e+02 9.803049347132285564e-41
2.249192462721418622e+02 9.867634977676105383e-41
2.268154208533571818e+02 9.932646119050792159e-41
2.287275810743164755e+02 9.998085574657896131e-41
2.306558617014497372e+02 1.006395616636916198e-40
2.326003986373301018e+02 1.013026073464724086e-40
2.345613289302540068e+02 1.019700213866882491e-40
2.365387907838982642e+02 1.026418325644777975e-40
2.385329235670623689e+02 1.033180698495924559e-40
2.405438678234890801e+02 1.039987624026456826e-40
2.425717652817716896e+02 1.046839395763703776e-40
2.446167588653412110e+02 1.053736309168828948e-40
2.466789927025401141e+02 1.061162638922783484e-40
2.487586121367809824e+02 1.068820805338990357e-40
2.508557637367885036e+02 1.076534238978795656e-40
2.529705953069313296e+02 1.084303338693043240e-40
2.551032558976371547e+02 1.092128506210974826e-40
2.572538958158995683e+02 1.100010146161036728e-40
2.594226666358695752e+02 1.107948666091732293e-40
2.616097212095401687e+02 1.115944476492802215e-40
2.638152136775175336e+02 1.123997990816378967e-40
2.660392994798853579e+02 1.132109625498384086e-40
2.682821353671607199e+02 1.140279799980080236e-40
2.705438794113400149e+02 1.148508936729684648e-40
2.728246910170416868e+02 1.156797461264326154e-40
2.751247309327384869e+02 1.165145802171974906e-40
2.774441612620894944e+02 1.173554391133640234e-40
2.797831454753623461e+02 1.182023662945616635e-40
2.821418484209559097e+02 1.190554055542080694e-40
2.845204363370189640e+02 1.199146010017660283e-40
2.869190768631645483e+02 1.207799970650261093e-40
2.893379390522874246e+02 1.216516384924060785e-40
2.917771933824761845e+02 1.226525128343710339e-40
2.942370117690306870e+02 1.236704850682320615e-40
2.967175675765761866e+02 1.246969061095835601e-40
2.992190356312841004e+02 1.257318460805207965e-40
3.017415922331913976e+02 1.267753756851273950e-40
3.042854151686269120e+02 1.278275662143119742e-40
3.068506837227425308e+02 1.288884895506639936e-40
3.094375786921464737e+02 1.299582181733812554e-40
3.120462823976484970e+02 1.310368251632067869e-40
3.146769786971069038e+02 1.321243842074277132e-40
3.173298529983889011e+02 1.332209696049159932e-40
3.200050922724358315e+02 1.343266562711912411e-40
3.227028850664427750e+02 1.354415197435451898e-40
3.254234215171450160e+02 1.365656361862089373e-40
3.281668933642196180e+02 1.376990823955428885e-40
3.309334939637997763e+02 1.388419358052899307e-40
3.337234183021002991e+02 1.399942744918722480e-40
3.365368630091622890e+02 1.411561771797094440e-40
3.393740263727088973e+02 1.423277232466150506e-40
3.422351083521230066e+02 1.434944961699018604e-40
3.451203105925373507e+02 1.445765078741244250e-40
3.480298364390489496e+02 1.456666784231760528e-40
3.509638909510482563e+02 1.467650693383427884e-40
3.539226809166722205e+02 1.478717426048010142e-40
3.569064148673799082e+02 1.489867606751299209e-40
3.599153030926466954e+02 1.501101864728261987e-40
3.629495576547882933e+02 1.512420833958574539e-40
3.660093924039033482e+02 1.523825153202398490e-40
3.690950229929487136e+02 1.535315466036428852e-40
3.722066668929350044e+02 1.546892420890237526e-40
3.753445434082569250e+02 1.558556671082765039e-40
3.785088736921467216e+02 1.570308874859340441e-40
3.816998807622620120e+02 1.582149695428727492e-40
3.849177895164048095e+02 1.594079801000575423e-40
3.881628267483693548e+02 1.606099864823129083e-40
3.914352211639294410e+02 1.618210565221248010e-40
3.947352033969540344e+02 1.630412585634580685e-40
3.980630060256651745e+02 1.642706614656290383e-40
4.014188635890266710e+02 1.655093346071810378e-40
4.048030126032772955e+02 1.667573478898021469e-40
4.082156915785971023e+02 1.680147717422699073e-40
4.116571410359188121e+02 1.692816771244259669e-40
4.151276035238805093e+02 1.705581355311831271e-40
4.186273236359170369e+02 1.718442189965490286e-40
4.221565480275023674e+02 1.731400000977077496e-40
4.257155254335297059e+02 1.744608541985973595e-40
4.293045066858458085e+02 1.758037793615996004e-40
4.329237447309259892e+02 1.771570417890942549e-40
4.365734946477026597e+02 1.785207210529294936e-40
4.402540136655447327e+02 1.798948973374636299e-40
4.439655611823831123e+02 1.812796514442798971e-40
4.477083987829966532e+02 1.826750647969376450e-40
4.514827902574446057e+02 1.840812194457599763e-40
4.552890016196616898e+02 1.854981980726583319e-40
4.591273011262029513e+02 1.869260839959943123e-40
4.629979592951536915e+02 1.883649611754785295e-40
4.669012489251917941e+02 1.898149142171077334e-40
4.708374451148158641e+02 1.912760283781395006e-40
4.748068252817352004e+02 1.927483895721052585e-40
4.788096691824181903e+02 1.942320843738621759e-40
4.828462589318133382e+02 1.957272000246837982e-40
4.869168790232283754e+02 1.972338244373896295e-40
4.910218163483847320e+02 1.987520462015145604e-40
4.951613602176333302e+02 2.002819545885178560e-40
4.993358023803490937e+02 2.018236395570324362e-40
5.035454370454891659e+02 2.033771917581542884e-40
5.077905609023298439e+02 2.049427025407729064e-40
5.120714731413787604e+02 2.065202639569424322e-40
5.163884754754574260e+02 2.081099687672944772e-40
5.207418721609698196e+02 2.097119104464924206e-40
5.251319700193419067e+02 2.113261831887276324e-40
5.295590784586499922e+02 2.129528819132581111e-40
5.340235094954231272e+02 2.145921022699899029e-40
5.385255777766382153e+02 2.162439406451010576e-40
5.430656006018917878e+02 2.179084941667093858e-40
5.476438979457645928e+02 2.196774612926792246e-40
5.522607924803745618e+02 2.214748961220068086e-40
5.569166095981144053e+02 2.232870378400041244e-40
5.616116774345895237e+02 2.251140067806925573e-40
5.663463268917397500e+02 2.269559242626959090e-40
5.711208916611656150e+02 2.288129125972820602e-40
5.759357082476416281e+02 2.306850950964884432e-40
5.807911159928377174e+02 2.325725960813144391e-40
5.856874570992310964e+02 2.344755408899616139e-40
5.906250766542260635e+02 2.363940558861793381e-40
5.956043226544774143e+02 2.383282684676408717e-40
6.006255460304118969e+02 2.402783070744068877e-40
6.056891006709669227e+02 2.422443011974583682e-40
6.107953434485267508e+02 2.442263813872795414e-40
6.159446342440793387e+02 2.462246792625507697e-40
6.211373359725756700e+02 2.482393275188727186e-40
6.263738146085121343e+02 2.502704599375818393e-40
6.316544392117195912e+02 2.523182113946382819e-40
6.369795819533760550e+02 2.543827178695657665e-40
6.423496181422389100e+02 2.564641164545056467e-40
6.477649262510914241e+02 2.585625453633042940e-40
6.532258879434224355e+02 2.606781439406949756e-40
6.587328881003199967e+02 2.628110526715554667e-40
6.642863148476027391e+02 2.649614131902193754e-40
6.698865595831696282e+02 2.671293682899072866e-40
6.755340170045870991e+02 2.693150619321915537e-40
6.812290851369091342e+02 2.715186392565602739e-40
6.869721653607246026e+02 2.737402465900597305e-40
6.927636624404514123e+02 2.759800314569931167e-40
6.986039845528581509e+02 2.782152164812058646e-40
7.044935433158378828e+02 2.803567304478534442e-40
7.104327538174119354e+02 2.825147283513829717e-40
7.164220346449915269e+02 2.846893370740791764e-40
7.224618079148731340e+02 2.868806844748816278e-40
7.285524993019914746e+02 2.890888993968881423e-40
7.346945380699224870e+02 2.913141116749629212e-40
7.408883571011322147e+02 2.935564521433329433e-40
7.471343929274916036e+02 2.958160526433134764e-40
7.534330857610366365e+02 2.980930460310457430e-40
7.597848795249998375e+02 3.003875661852939247e-40
7.661902218850916597e+02 3.026997480153504465e-40
7.726495642810571098e+02 3.050297274689292701e-40
7.791633619584873713e+02 3.073776415401934056e-40
7.857320740009070050e+02 3.097436282777951467e-40
7.923561633621324063e+02 3.121278267929773175e-40
7.990360968988937884e+02 3.145303772677881420e-40
8.057723454037459305e+02 3.169514209632826540e-40
8.125653836382417694e+02 3.193911002278640350e-40
8.194156903663999856e+02 3.218495585056380838e-40
8.263237483884405492e+02 3.243269403448311444e-40
8.332900445748189213e+02 3.268233914063260613e-40
8.403150699005340130e+02 3.293390584721839002e-40
8.473993194797338901e+02 3.318740894543116736e-40
8.545432926006133130e+02 3.344286334031429938e-40
8.617474927605968560e+02 3.370028405163852843e-40
8.690124277018315979e+02 3.395968621478890557e-40
8.763386094469655063e+02 3.422108508165029877e-40
8.837265543352403938e+02 3.448449602150801960e-40
8.911767830588763672e+02 3.474993452194982008e-40
8.986898206997765328e+02 3.501741618977481867e-40
9.062661967665272869e+02 3.528695675191506499e-40
9.139064452317205678e+02 3.555857205635567699e-40
9.216111045695901112e+02 3.583227807307066349e-40
9.293807177939559097e+02 3.610809089496016993e-40
9.372158324965024576e+02 3.638602673879492243e-40
9.451170008853648596e+02 3.666610194617383248e-40
9.530847798240553175e+02 3.695068783674860554e-40
9.611197308707020284e+02 3.728203709981735866e-40
9.692224203176356241e+02 3.761635768332805555e-40
9.773934192312929099e+02 3.795367623211309451e-40
9.856333034924684853e+02 3.829401962993559352e-40
9.939426538369044692e+02 3.863741500163627252e-40
1.002322055896213442e+03 3.898388971529345967e-40
1.010772100239160750e+03 3.933347138440233919e-40
1.019293382413278891e+03 3.968618787008019423e-40
1.027886502986849109e+03 4.004206728328172333e-40
1.036552067591221430e+03 4.040113798704395724e-40
1.045290686963501685e+03 4.076342859874489511e-40
1.054102976989598801e+03 4.112896799238214903e-40
1.062989558747624187e+03 4.149778530087892136e-40
1.071951058551672759e+03 4.186990991840041440e-40
1.080988107995956170e+03 4.224537150270124342e-40
1.090101343999325536e+03 4.262419997748714828e-40
1.099291408850151583e+03 4.300642553479770016e-40
1.108558950251601800e+03 4.339207863741745869e-40
1.117904621367280697e+03 4.378119002129820577e-40
1.127329080867268203e+03 4.417379069801350404e-40
1.136832992974544823e+03 4.456991195722814131e-40
1.146417027511797414e+03 4.496958536918968754e-40
1.156081859948636065e+03 4.537284278724968489e-40
1.165828171449191586e+03 4.577971635039645282e-40
1.175656648920132284e+03 4.619023848582165344e-40
1.185567985059066132e+03 4.660444191150255028e-40
1.195562878403371769e+03 4.702235963880721976e-40
1.205642033379421036e+03 4.744402497513085577e-40
1.215806160352229881e+03 4.786947152654421131e-40
1.226055975675528316e+03 4.829873320047729310e-40
1.236392201742237830e+03 4.873184420841950806e-40
1.246815567035396725e+03 4.916883906864379036e-40
1.257326806179490404e+03 4.960975260896327336e-40
1.267926659992238456e+03 5.005461996950058808e-40
1.278615875536795556e+03 5.050347660549411113e-40
1.289395206174413488e+03 5.095635829012130084e-40
1.300265411617528798e+03 5.141330111734726183e-40
1.311227257983309300e+03 5.187434150480716776e-40
1.322281517847653049e+03 5.233951619670202830e-40
1.333428970299630237e+03 5.280886226673302882e-40
1.344670400996401213e+03 5.328241712105372500e-40
1.356006602218579701e+03 5.376021850124864851e-40
1.367438372926080319e+03 5.424230448734732885e-40
1.378966518814419715e+03 5.472871350085222222e-40
1.390591852371509503e+03 5.521948430780698309e-40
1.402315192934911465e+03 5.571465602188347158e-40
1.414137366749586135e+03 5.621426810749628124e-40
1.426059207026131162e+03 5.671836038295436323e-40
1.438081553999492826e+03 5.722697302362716120e-40
1.450205254988198476e+03 5.774014656515298107e-40
1.462431164454060536e+03 5.825792190666684714e-40
1.474760144062411655e+03 5.878034031405728152e-40
1.487193062742819848e+03 5.930744342326172155e-40
1.499730796750342961e+03 5.983927324357724722e-40
1.512374229727274496e+03 6.037587216101534624e-40
1.525124252765426718e+03 6.091728294167716039e-40
1.537981764468937172e+03 6.146354873515891143e-40
1.550947671017591347e+03 6.201471307799776754e-40
1.564022886230701033e+03 6.257081989713363159e-40
1.577208331631496094e+03 6.313191351341713659e-40
1.590504936512085578e+03 6.369803864513894640e-40
1.603913637998939521e+03 6.426924041159054909e-40
1.617435381118949635e+03 6.484556433666751378e-40
1.631071118866021834e+03 6.542705635248929721e-40
1.644821812268246958e+03 6.601376280306730504e-40
1.658688430455638127e+03 6.660573044799535117e-40
1.672671950728420825e+03 6.720300646617299647e-40
1.686773358625926903e+03 6.780563845957325959e-40
1.700993647996038590e+03 6.841367445702767691e-40
1.715333821065248685e+03 6.902716291806293688e-40
1.729794888509283510e+03 6.964615273675414567e-40
1.744377869524338394e+03 7.027069324562942261e-40
1.759083791898915706e+03 7.090083421959831289e-40
1.773913692086249284e+03 7.153662587991527381e-40
1.788868615277366189e+03 7.217811889819031449e-40
1.803949615474735765e+03 7.282536440041813489e-40
1.819157755566569222e+03 7.347841397106099246e-40
1.834494107401716292e+03 7.413731965715643839e-40
1.849959751865221051e+03 7.480213397246168534e-40
1.865555778954489824e+03 7.547290990164736349e-40
1.881283287856117113e+03 7.614970090451057523e-40
1.897143387023361129e+03 7.683256092024415715e-40
1.913137194254252563e+03 7.752154437173186386e-40
1.929265836770390251e+03 7.821670616988195319e-40
1.945530451296371666e+03 7.891810171801245177e-40
1.961932184139922811e+03 7.962578691625640442e-40
1.978472191272672490e+03 8.033981816602606332e-40
1.995151638411640079e+03 8.106025237450417351e-40
2.011971701101379040e+03 8.178714695917540529e-40
2.028933564796833934e+03 8.252055985241162049e-40
2.046038424946895930e+03 8.326054950607844369e-40
2.063287487078641789e+03 8.400717489620312255e-40
2.080681966882315010e+03 8.476049552767078937e-40
2.098223090296988175e+03 8.552057143896281097e-40
2.115912093596982686e+03 8.628746320695140293e-40
2.133750223478983571e+03 8.706123195171634839e-40
2.151738737149920780e+03 8.784193934142603993e-40
2.169878902415561697e+03 8.862964759724811377e-40
2.188171997769869449e+03 8.942441949830403193e-40
2.206619312485116552e+03 9.022631838668263673e-40
2.225222146702736154e+03 9.103540817247670708e-40
2.243981811524971363e+03 9.185175333888679060e-40
2.262899629107261717e+03 9.267541894735603099e-40
2.281976932751446384e+03 9.350647064275091716e-40
2.301215066999713144e+03 9.434497465860366393e-40
2.320615387729380473e+03 9.519099782237871999e-40
2.340179262248439954e+03 9.604460756080953711e-40
2.359908069391929530e+03 9.690587190526786800e-40
2.379803199619120733e+03 9.777485949718087828e-40
2.399866055111496735e+03 9.865163959351297324e-40
2.420098049871598050e+03 9.953628207227258381e-40
2.440500609822658589e+03 1.004288574380926722e-39
2.461075172909123012e+03 1.013294368278450061e-39
2.481823189197970805e+03 1.022380920163046936e-39
2.502746120980935757e+03 1.031548954218820763e-39
2.523845442877548066e+03 1.040799201123810166e-39
2.545122641939070490e+03 1.050132398108340861e-39
2.566579217753312605e+03 1.059549289013731861e-39
2.588216682550301812e+03 1.069050624351525177e-39
2.610036561308881573e+03 1.078637161363422695e-39
2.632040391864172761e+03 1.088309664081497286e-39
2.654229725015974964e+03 1.098068903389207822e-39
2.676606124638050460e+03 1.107915657082785002e-39
2.699171167788348157e+03 1.117850709933166119e-39
2.721926444820162487e+03 1.127874853748666525e-39
2.744873559494201345e+03 1.137988887437940016e-39
2.768014129091635368e+03 1.148193617073778688e-39
2.791349784528063537e+03 1.158489855957301214e-39
2.814882170468476943e+03 1.168878424682714865e-39
2.838612945443152967e+03 1.179360151202847015e-39
2.862543781964565824e+03 1.189935870894980900e-39
2.886676366645245707e+03 1.200606426627566252e-39
2.911012400316656112e+03 1.211372668827339395e-39
2.935553598149074332e+03 1.222235455547039756e-39
2.960301689772455575e+03 1.233195652533934046e-39
2.985258419398356182e+03 1.244254133298656588e-39
3.010425545942842746e+03 1.255411779184965803e-39
3.035804843150478519e+03 1.266669479439927121e-39
3.061398099719312086e+03 1.278028131284721997e-39
3.087207119426967438e+03 1.289488639986299179e-39
3.113233721257748130e+03 1.301051918929357464e-39
3.139479739530848747e+03 1.312718889689287017e-39
3.165947024029641852e+03 1.324490482105555393e-39
3.192637440132028132e+03 1.336367634355749025e-39
3.219552868941930228e+03 1.348351293030495468e-39
3.246695207421845225e+03 1.360442413208731800e-39
3.274066368526564929e+03 1.372641958533975813e-39
3.301668281337972985e+03 1.384950901291061307e-39
3.329502891201029797e+03 1.397370222483560339e-39
3.357572159860856118e+03 1.409900911912124886e-39
3.385878065601000344e+03 1.422543968253191639e-39
3.414422603382880425e+03 1.435300399138756956e-39
3.443207784986358092e+03 1.448171221236500091e-39
3.472235639151555461e+03 1.461157460330971687e-39
3.501508211721810312e+03 1.474260151405278844e-39
3.531027565787891945e+03 1.487480338723497915e-39
3.560795781833377077e+03 1.500819075914046043e-39
3.590814957881307691e+03 1.514277426053581564e-39
3.621087209642030302e+03 1.527856461751654829e-39
3.651614670662322624e+03 1.541557265236366847e-39
3.682399492475770330e+03 1.555380928440422400e-39
3.713443844754380734e+03 1.569328553088329961e-39
3.744749915461527053e+03 1.583401250784133439e-39
3.776319911006123675e+03 1.597600143099926631e-39
3.808156056398159762e+03 1.611926361665423133e-39
3.840260595405486583e+03 1.626381048257934748e-39
3.872635790711983645e+03 1.640965354893582843e-39
3.905283924077004031e+03 1.655680443918896332e-39
3.938207296496200797e+03 1.670527488103639349e-39
3.971408228363709441e+03 1.685507670734197495e-39
4.004889059635659123e+03 1.700622185707800296e-39
4.038652149995121363e+03 1.715872237627868625e-39
4.072699879018384308e+03 1.731259041899794100e-39
4.107034646342694941e+03 1.746783824828003316e-39
4.141658871835355058e+03 1.762447823713608371e-39
4.176574995764278356e+03 1.778252286952930158e-39
4.211785478969994983e+03 1.794198474137195878e-39
4.247292803039055798e+03 1.810287656152694962e-39
4.283099470478963667e+03 1.826521115282270066e-39
4.319208004894517217e+03 1.842900145307426341e-39
4.355620951165701626e+03 1.859426051611353922e-39
4.392340875627013702e+03 1.876100151283173902e-39
4.429370366248371283e+03 1.892923773222667516e-39
4.466712032817475119e+03 1.909898258246399450e-39
4.504368507123761447e+03 1.927024959194489765e-39
4.542342443143894343e+03 1.944305241038336239e-39
4.580636517228787852e+03 1.961740480989621526e-39
4.619253428292266108e+03 1.979332068609822130e-39
4.658195898001242313e+03 1.997081405921176424e-39
4.697466670967572099e+03 2.014989907518328366e-39
4.737068514941460307e+03 2.033059000680970897e-39
4.777004221006556691e+03 2.051290125487826369e-39
4.817276603776643242e+03 2.069684734931154872e-39
4.857888501594009540e+03 2.088244295032787848e-39
4.898842776729519755e+03 2.106970284960869058e-39
4.940142315584297648e+03 2.125864197147638275e-39
4.981790028893202361e+03 2.144927537408615978e-39
5.023788851929931297e+03 2.164161825062337792e-39
5.066141744713932894e+03 2.183568593051685673e-39
5.108851692218985590e+03 2.203149388065958085e-39
5.151921704583615792e+03 2.222905770664028269e-39
5.195354817323212046e+03 2.242839315398972662e-39
5.239154091543978211e+03 2.262951610943268333e-39
5.283322614158694705e+03 2.283244260215663815e-39
5.327863498104237806e+03 2.303718880508820919e-39
5.372779882561024351e+03 2.324377103618096509e-39
5.418074933174209036e+03 2.345220575971857727e-39
5.463751842276839852e+03 2.366250958762395915e-39
5.509813829114805230e+03 2.387469928078588985e-39
5.556264140073766612e+03 2.408879175039368703e-39
5.603106048907920012e+03 2.430480405928382732e-39
5.650342856970741195e+03 2.452275342330255724e-39
5.697977893447681708e+03 2.474265721267483023e-39
5.746014515590761221e+03 2.496453295339145265e-39
5.794456108955228046e+03 2.518839832860471263e-39
5.843306087638125064e+03 2.541427118003643309e-39
5.892567894518955654e+03 2.564216950940283397e-39
5.942245001502284140e+03 2.587211147984590998e-39
5.992340909762484443e+03 2.610411541738392094e-39
6.042859149990446895e+03 2.633819981237073044e-39
6.093803282642442355e+03 2.657438332096812664e-39
6.145176898191074542e+03 2.681268476663572215e-39
6.196983617378285999e+03 2.705312314162767944e-39
6.249227091470595951e+03 2.729571760850942982e-39
6.301911002516383633e+03 2.754048750168357666e-39
6.355039063605448064e+03 2.778745232892948558e-39
6.408615019130654218e+03 2.803663177296115193e-39
6.462642645051851105e+03 2.828804569299227873e-39
6.517125749162018110e+03 2.854171412632266306e-39
6.572068171355587765e+03 2.879765728993145677e-39
6.627473783899125010e+03 2.905589558209168344e-39
6.683346491704190157e+03 2.931644958399455305e-39
6.739690232602603828e+03 2.957934006138831504e-39
6.796508977623925603e+03 2.984458796623612608e-39
6.853806731275381026e+03 3.011221443838443994e-39
6.911587531824046891e+03 3.038224080724638598e-39
6.969855451581481248e+03 3.065468859350507910e-39
7.028614597190759923e+03 3.092957951082487438e-39
7.087869109915850458e+03 3.120693546758535576e-39
7.147623165933547170e+03 3.148677856862594148e-39
7.207880976627739983e+03 3.176913111700604579e-39
7.268646788886288050e+03 3.205401561578620647e-39
7.329924885400271705e+03 3.234145476981739513e-39
7.391719584965896502e+03 3.263147148755471250e-39
7.454035242788815594e+03 3.292408888287899896e-39
7.516876250791109669e+03 3.321933027694263439e-39
7.580247037920839830e+03 3.351721920002663977e-39
7.644152070464143435e+03 3.381777939341435317e-39
7.708595852360072058e+03 3.412103481128738954e-39
7.773582925517962394e+03 3.442700962263036403e-39
7.839117870137604768e+03 3.473572821316099227e-39
7.905205305031988246e+03 3.504721518727194263e-39
7.971849887952888821e+03 3.536149536999004587e-39
8.039056315919087865e+03 3.567859380895881311e-39
8.106829325547434564e+03 3.599853577643008276e-39
8.175173693386702325e+03 3.632134677128223193e-39
8.244094236254171847e+03 3.664705252105070109e-39
8.313595811575185508e+03 3.697567898397659385e-39
8.383683317725421148e+03 3.730725235107971398e-39
8.454361694376191736e+03 3.764179904824114894e-39
8.525635922842518994e+03 3.797934573831356643e-39
8.597511026434276573e+03 3.831991932324444403e-39
8.669992070810167206e+03 3.866354694621820921e-39
8.743084164334770321e+03 3.901025599382387369e-39
8.816792458438596441e+03 3.936007409823268417e-39
8.891122147981090166e+03 3.971302913940477147e-39
8.966078471616834577e+03 4.006914924730930056e-39
9.041666712164684213e+03 4.042846280416435959e-39
9.117892196980168592e+03 4.079099844670358970e-39
9.194760298330882506e+03 4.115678506845320304e-39
9.272276433775190526e+03 4.152585182203940220e-39
9.350446066543980123e+03 4.189822812150980947e-39
9.429274705925738090e+03 4.227394364467568578e-39
9.508767907654857481e+03 4.265302833548196035e-39
9.588931274303138707e+03 4.303551240638822955e-39
9.669770455674726691e+03 4.342142634078148163e-39
9.751291149204216708e+03 4.381080089540351656e-39
9.833499100358289070e+03 4.420366710280005589e-39
9.916400103040567046e+03 4.460005627379898815e-39
1.000000000000000000e+04 4.500000000000002700e-39
