1.000000000000000056e-01 7.473010247971518200e-39
1.011599999999999999e-01 7.662302584384721644e-39
1.023300000000000043e-01 7.861911801692485295e-39
1.035200000000000009e-01 8.055241178455733980e-39
1.047199999999999936e-01 8.235711834104025440e-39
1.059299999999999964e-01 8.425901290595017295e-39
1.071600000000000052e-01 8.626258107967603752e-39
1.083999999999999964e-01 8.837828926312534913e-39
1.096599999999999936e-01 9.061211825681671894e-39
1.109300000000000008e-01 9.297453446165766101e-39
1.122100000000000042e-01 9.547600427855568940e-39
1.135199999999999959e-01 9.812549890828867520e-39
1.148300000000000015e-01 1.004505351098884639e-38
1.161599999999999994e-01 1.028563121184891444e-38
1.175100000000000033e-01 1.053996475390172682e-38
1.188700000000000034e-01 1.080895125722507195e-38
1.202499999999999958e-01 1.109378688192266552e-38
1.216399999999999981e-01 1.139581730811118887e-38
1.230500000000000066e-01 1.171608917588139599e-38
1.244799999999999934e-01 1.205639672538886502e-38
1.259200000000000041e-01 1.236366035203115061e-38
1.273799999999999932e-01 1.267496101902348145e-38
1.288600000000000023e-01 1.300510120764935588e-38
1.303499999999999936e-01 1.335542659802544868e-38
1.318600000000000050e-01 1.372758191029437891e-38
1.333900000000000086e-01 1.412351090462468117e-38
1.349400000000000044e-01 1.454515734118490049e-38
1.365000000000000102e-01 1.498639089944348360e-38
1.380800000000000083e-01 1.537514293315148639e-38
1.396799999999999986e-01 1.578781816893382421e-38
1.413000000000000089e-01 1.622591180692015048e-38
1.429400000000000115e-01 1.669241424736975384e-38
1.446000000000000063e-01 1.718882069041227988e-38
1.462700000000000111e-01 1.771812153630702245e-38
1.479699999999999904e-01 1.828330718531327015e-38
1.496800000000000075e-01 1.880064643017084260e-38
1.514199999999999990e-01 1.932097607528770628e-38
1.531700000000000006e-01 1.987420012325678647e-38
1.549500000000000044e-01 2.046031857407808320e-38
1.567500000000000004e-01 2.108531222827017889e-38
1.585600000000000065e-01 2.175067628596271918e-38
1.603999999999999870e-01 2.245790594728535749e-38
1.622599999999999876e-01 2.311878440458896093e-38
1.641400000000000081e-01 2.376471086059609782e-38
1.660399999999999932e-01 2.444801731984439850e-38
1.679700000000000082e-01 2.516870378233384993e-38
1.699100000000000055e-01 2.592826544819409773e-38
1.718800000000000050e-01 2.672969271768444356e-38
1.738800000000000068e-01 2.757298559080487698e-38
1.758899999999999908e-01 2.837441286029522281e-38
1.779300000000000048e-01 2.912350812524794610e-38
1.799900000000000111e-01 2.989951699253430608e-38
1.820799999999999919e-01 3.070393466228393791e-38
1.841899999999999926e-01 3.153377073423756082e-38
1.863200000000000134e-01 3.238453960800622752e-38
1.884800000000000086e-01 3.325474608346029241e-38
1.906700000000000061e-01 3.413990456021081863e-38
1.928799999999999959e-01 3.493983662957151885e-38
1.951100000000000056e-01 3.566351349232025629e-38
1.973799999999999999e-01 3.638120955455041650e-38
1.996600000000000041e-01 3.708544881561376098e-38
2.019799999999999929e-01 3.777324087525099328e-38
2.043200000000000016e-01 3.843411933255459934e-38
2.066900000000000126e-01 3.906658898739492832e-38
2.090799999999999881e-01 3.966167863899409610e-38
2.115100000000000036e-01 4.021639788709282191e-38
2.139600000000000113e-01 4.072626113130216369e-38
2.164399999999999935e-01 4.118827797136283020e-38
2.189500000000000057e-01 4.159796280688587940e-38
2.214899999999999924e-01 4.195382043774166567e-38
2.240499999999999992e-01 4.225734606405982941e-38
2.266499999999999904e-01 4.250704448571074065e-38
2.292800000000000116e-01 4.268347810100899600e-38
2.319299999999999973e-01 4.280458931151032715e-38
2.346199999999999952e-01 4.288832051877051799e-38
2.373399999999999954e-01 4.293766212304883365e-38
2.400899999999999979e-01 4.295560452460459144e-38
2.428800000000000125e-01 4.294663332382671776e-38
2.456899999999999917e-01 4.291523412110414946e-38
2.485400000000000109e-01 4.286589251682581815e-38
2.514199999999999768e-01 4.280159891125104115e-38
2.543300000000000005e-01 4.272683890476873443e-38
2.572800000000000087e-01 4.264310769750854359e-38
2.602599999999999913e-01 4.254891008934083868e-38
2.632800000000000140e-01 4.243976047987666721e-38
2.663300000000000112e-01 4.233210607054214135e-38
2.694199999999999928e-01 4.222744206146690672e-38
2.725400000000000045e-01 4.213174925316956142e-38
2.757000000000000006e-01 4.204353244552043374e-38
2.788999999999999813e-01 4.196727723890848141e-38
2.821299999999999919e-01 4.190298363333369397e-38
2.853999999999999870e-01 4.185513722918501871e-38
2.887100000000000222e-01 4.182523322659209602e-38
2.920599999999999863e-01 4.181626202581421713e-38
2.954399999999999804e-01 4.182822362685138725e-38
2.988700000000000245e-01 4.186560363009254322e-38
3.023299999999999876e-01 4.192840203553768504e-38
3.058299999999999907e-01 4.201811404331644267e-38
3.093799999999999883e-01 4.213623485355849304e-38
3.129600000000000160e-01 4.228575486652310648e-38
3.165899999999999825e-01 4.246517888208064784e-38
3.202599999999999891e-01 4.266105009906429616e-38
3.239699999999999802e-01 4.286290211656652692e-38
3.277300000000000213e-01 4.309615333679133643e-38
3.315299999999999914e-01 4.336080375973870380e-38
3.353700000000000014e-01 4.365834858553829030e-38
3.392600000000000060e-01 4.399327341457902756e-38
3.431899999999999951e-01 4.436707344699057162e-38
3.471699999999999786e-01 4.478423428316185410e-38
3.511900000000000022e-01 4.524774632335215579e-38
3.552600000000000202e-01 4.576209516795043962e-38
3.593799999999999772e-01 4.633027121721597594e-38
3.635499999999999843e-01 4.695825527166736808e-38
3.677599999999999758e-01 4.765053293169353722e-38
3.720200000000000173e-01 4.841308499781309191e-38
3.763400000000000079e-01 4.925338747067422888e-38
3.806999999999999829e-01 5.018041155105484270e-38
3.851100000000000079e-01 5.120163323960317708e-38
3.895700000000000274e-01 5.232901413735638649e-38
3.940899999999999959e-01 5.337415902797905068e-38
3.986600000000000144e-01 5.448957832469508475e-38
4.032800000000000273e-01 5.572012803139387796e-38
4.079499999999999793e-01 5.707776974911258477e-38
4.126799999999999913e-01 5.857745547914769263e-38
4.174700000000000077e-01 6.024011802331422966e-38
4.223000000000000087e-01 6.208519498329758362e-38
4.272000000000000242e-01 6.413810476130177690e-38
4.321499999999999786e-01 6.610877853217541451e-38
4.371599999999999930e-01 6.817813551160570430e-38
4.422300000000000120e-01 7.048223891139043355e-38
4.473500000000000254e-01 7.305248793425219666e-38
4.525399999999999978e-01 7.592775778356176912e-38
4.577800000000000202e-01 7.914542846256029646e-38
4.630900000000000016e-01 8.220460792781634711e-38
4.684599999999999875e-01 8.547610581148215826e-38
4.738899999999999779e-01 8.911990852742984697e-38
4.793799999999999728e-01 9.316592007825235682e-38
4.849399999999999822e-01 9.764853006693155256e-38
4.905599999999999961e-01 1.018111672278664619e-37
4.962400000000000144e-01 1.061921036077297247e-37
5.020000000000000018e-01 1.109094600167633599e-37
5.078200000000000491e-01 1.159258564517262429e-37
5.137000000000000455e-01 1.211695233063953425e-37
5.196600000000000108e-01 1.255564404867771877e-37
5.256800000000000361e-01 1.298521504592505827e-37
5.317699999999999649e-01 1.339161044116288712e-37
5.379399999999999737e-01 1.375658879280951528e-37
5.441700000000000426e-01 1.406160961925733089e-37
5.504799999999999693e-01 1.428992667905430100e-37
5.568600000000000216e-01 1.442972789117621745e-37
5.633099999999999774e-01 1.447832189538971708e-37
5.698400000000000132e-01 1.444587605257639424e-37
5.764500000000000179e-01 1.434300628365674060e-37
5.831300000000000372e-01 1.418316938979756564e-37
5.898900000000000254e-01 1.398116785228236875e-37
5.967299999999999827e-01 1.375120607234278899e-37
6.036399999999999544e-01 1.350614277109378384e-37
6.106399999999999606e-01 1.325584626939101539e-37
6.177200000000000468e-01 1.300839064793457518e-37
6.248799999999999910e-01 1.276915862719118949e-37
6.321200000000000152e-01 1.254188820748497287e-37
6.394499999999999629e-01 1.232837362897150006e-37
6.468599999999999905e-01 1.212981105175448965e-37
6.543600000000000527e-01 1.190538151229460126e-37
6.619399999999999729e-01 1.169799725431267807e-37
6.696199999999999930e-01 1.150825635786058042e-37
6.773799999999999821e-01 1.133451410279569657e-37
6.852300000000000058e-01 1.117318200880687495e-37
6.931699999999999529e-01 1.101992399551814486e-37
7.012100000000000000e-01 1.087010494252759916e-37
7.093300000000000161e-01 1.071908972943333697e-37
7.175599999999999756e-01 1.056209371582049024e-37
7.258700000000000152e-01 1.039403322124826076e-37
7.342899999999999983e-01 1.021117024539253397e-37
7.428000000000000158e-01 1.001021534796809057e-37
7.514100000000000223e-01 9.778309807859970988e-38
7.601200000000000179e-01 9.483007782254854469e-38
7.689300000000000024e-01 9.166623434821726985e-38
7.778399999999999759e-01 8.833492845936560288e-38
7.868600000000000039e-01 8.489148256079050976e-38
7.959800000000000209e-01 8.138972385715919077e-38
8.052000000000000268e-01 7.746781391709731374e-38
8.145400000000000418e-01 7.330667195629204475e-38
8.239800000000000457e-01 6.933990601234076802e-38
8.335299999999999931e-01 6.561386728926253408e-38
8.431899999999999951e-01 6.158878854025506280e-38
8.529600000000000515e-01 5.775360020771266261e-38
8.628500000000000059e-01 5.430118310835967493e-38
8.728500000000000147e-01 5.092502121561863959e-38
8.829700000000000326e-01 4.759072492650769184e-38
8.931999999999999940e-01 4.465863747227157045e-38
9.035600000000000298e-01 4.196877243903812702e-38
9.140300000000000091e-01 3.922358500100776983e-38
9.246299999999999519e-01 3.683425519383320412e-38
9.353399999999999492e-01 3.474695581284716176e-38
9.461800000000000210e-01 3.257443002447128817e-38
9.571499999999999453e-01 3.064711705735738898e-38
9.682500000000000551e-01 2.896501691150545376e-38
9.794699999999999518e-01 2.737711437382122867e-38
9.908200000000000340e-01 2.581014463795205259e-38
1.002299999999999969e+00 2.443904611906651960e-38
1.013900000000000023e+00 2.323541001470136047e-38
1.025700000000000056e+00 2.205121151202159951e-38
1.037600000000000078e+00 2.091186901323122259e-38
1.049600000000000088e+00 1.990709452610900300e-38
1.061800000000000077e+00 1.901745044896953732e-38
1.074100000000000055e+00 1.817864317623804074e-38
1.086500000000000021e+00 1.732039830182114076e-38
1.099099999999999966e+00 1.655635103557195351e-38
1.111799999999999899e+00 1.587603497658294927e-38
1.124700000000000033e+00 1.526449812355766931e-38
1.137799999999999923e+00 1.466297911140101964e-38
1.151000000000000023e+00 1.406205817929622718e-38
1.164299999999999891e+00 1.352169285244210291e-38
1.177799999999999958e+00 1.303440713019041875e-38
1.191500000000000004e+00 1.259317357193183565e-38
1.205300000000000038e+00 1.219260945719962834e-38
1.219200000000000061e+00 1.176258989991339254e-38
1.233400000000000052e+00 1.135963346497375252e-38
1.247700000000000031e+00 1.099301039318451314e-38
1.262100000000000000e+00 1.065868364419563047e-38
1.276799999999999935e+00 1.035276569767002619e-38
1.291500000000000092e+00 1.007226615334840646e-38
1.306499999999999995e+00 9.809260450543647694e-39
1.321700000000000097e+00 9.520537305508973176e-39
1.336999999999999966e+00 9.255438322522708991e-39
1.352500000000000036e+00 9.011720701390384112e-39
1.368200000000000083e+00 8.787141641917530119e-39
1.383999999999999897e+00 8.579757383935607195e-39
1.400099999999999900e+00 8.387923207302005427e-39
1.416299999999999892e+00 8.210143911887075287e-39
1.432700000000000085e+00 8.045223337587104984e-39
1.449300000000000033e+00 7.872527722612972797e-39
1.466099999999999959e+00 7.698934987561053504e-39
1.483100000000000085e+00 7.537752413585197232e-39
1.500299999999999967e+00 7.387783840581686968e-39
1.517700000000000049e+00 7.248281668485701212e-39
1.535300000000000109e+00 7.118049737193519036e-39
1.553099999999999925e+00 6.996489966653287154e-39
1.571099999999999941e+00 6.883004276813143146e-39
1.589299999999999935e+00 6.776845067608265510e-39
1.607699999999999907e+00 6.677414258986795740e-39
1.626300000000000079e+00 6.584412810922803931e-39
1.645199999999999996e+00 6.497093123351468581e-39
1.664299999999999891e+00 6.402596475157831159e-39
1.683599999999999985e+00 6.308996947041982149e-39
1.703100000000000058e+00 6.221378219444715589e-39
1.722800000000000109e+00 6.139142212314178192e-39
1.742799999999999905e+00 6.062139405637399135e-39
1.762999999999999901e+00 5.989771719362525129e-39
1.783400000000000096e+00 5.921740113463624967e-39
1.804100000000000037e+00 5.857895067927734346e-39
1.824999999999999956e+00 5.797788022715959061e-39
1.846100000000000074e+00 5.741418977828297808e-39
1.867499999999999938e+00 5.688488893238823942e-39
1.889199999999999990e+00 5.638698728921606255e-39
1.911100000000000021e+00 5.591898964863681750e-39
1.933200000000000029e+00 5.548089601065048469e-39
1.955699999999999994e+00 5.506971597499780424e-39
1.978299999999999947e+00 5.468395434154908745e-39
2.001199999999999868e+00 5.432211591017471742e-39
2.024399999999999977e+00 5.398270548074503811e-39
2.047899999999999832e+00 5.366572305326004951e-39
2.071600000000000108e+00 5.336817822746046562e-39
2.095699999999999896e+00 5.309156620347592291e-39
2.120000000000000107e+00 5.283289658104714190e-39
2.144499999999999851e+00 5.259216936017410955e-39
2.169399999999999995e+00 5.233948053826390708e-39
2.194500000000000117e+00 5.208679171635370462e-39
2.220000000000000195e+00 5.185354049612890033e-39
2.245699999999999807e+00 5.163823167745985775e-39
2.271700000000000053e+00 5.144236046047621335e-39
2.298099999999999810e+00 5.126293644491866807e-39
2.324699999999999989e+00 5.110145483091688451e-39
2.351599999999999913e+00 5.095642041834120659e-39
2.378899999999999793e+00 5.082633800706199132e-39
2.406499999999999861e+00 5.071120759707923218e-39
2.434400000000000119e+00 5.061102918839294222e-39
2.462600000000000122e+00 5.052580278100311490e-39
2.491099999999999870e+00 5.045403317478009418e-39
2.520000000000000018e+00 5.039572036972389964e-39
2.549199999999999910e+00 5.034936916570486216e-39
2.578800000000000203e+00 5.031647476285265085e-39
2.608699999999999797e+00 5.029554196103760314e-39
2.638900000000000023e+00 5.028806596038936856e-39
2.669500000000000206e+00 5.029255156077831061e-39
2.700400000000000134e+00 5.031049396233406579e-39
2.731700000000000017e+00 5.034039796492699109e-39
2.763399999999999856e+00 5.038375876868672299e-39
2.795399999999999885e+00 5.043758597335398853e-39
2.827799999999999869e+00 5.050486997918806719e-39
2.860599999999999810e+00 5.058262038592966645e-39
2.893800000000000150e+00 5.067382759383807882e-39
2.927299999999999791e+00 5.077550120265401832e-39
2.961199999999999832e+00 5.088913641250712793e-39
2.995499999999999829e+00 5.101323802326775813e-39
3.030299999999999994e+00 5.115079643519520799e-39
3.065399999999999903e+00 5.129882124803017843e-39
3.100900000000000212e+00 5.145880766190231247e-39
3.136899999999999800e+00 5.163075567681162316e-39
3.173200000000000021e+00 5.181765569301739649e-39
3.209999999999999964e+00 5.201502211013069042e-39
3.247199999999999864e+00 5.222734052854044700e-39
3.284899999999999931e+00 5.245311574811701670e-39
3.322900000000000187e+00 5.265646296574889569e-39
3.361400000000000166e+00 5.286280058364006068e-39
3.400399999999999867e+00 5.308109980256840231e-39
3.439799999999999969e+00 5.330986542240426454e-39
3.479699999999999793e+00 5.355059264327729689e-39
3.520000000000000018e+00 5.380178626505785636e-39
3.560799999999999965e+00 5.406494148787557290e-39
3.602100000000000080e+00 5.433856311160082307e-39
3.643899999999999917e+00 5.462564153649288638e-39
3.686100000000000154e+00 5.492468156242211980e-39
3.728800000000000114e+00 5.523568318938852986e-39
3.771999999999999797e+00 5.556313201778103253e-39
3.815799999999999859e+00 5.590254244721070532e-39
3.859999999999999876e+00 5.625840007806649028e-39
3.904700000000000060e+00 5.662771451008909490e-39
3.950000000000000178e+00 5.701198094340816216e-39
3.995800000000000018e+00 5.741119937802368555e-39
4.042099999999999582e+00 5.782536981393567158e-39
4.088899999999999757e+00 5.825598745127376327e-39
4.136300000000000310e+00 5.870006188977868113e-39
4.184300000000000352e+00 5.915908832958005512e-39
4.232800000000000118e+00 5.963456197080752171e-39
4.281900000000000261e+00 6.012199721307218452e-39
4.331500000000000128e+00 6.062438445663329040e-39
4.381700000000000372e+00 6.114022850136122246e-39
4.432500000000000107e+00 6.167251974751525364e-39
4.483900000000000219e+00 6.221976299496574095e-39
4.535800000000000054e+00 6.278195824371269743e-39
4.588400000000000034e+00 6.335761029362646703e-39
4.641600000000000392e+00 6.394372874444776376e-39
4.695400000000000240e+00 6.454031359617658760e-39
4.749799999999999578e+00 6.506811924194167672e-39
4.804899999999999949e+00 6.556602088511386665e-39
4.860599999999999810e+00 6.606242732815637442e-39
4.916900000000000048e+00 6.655733857106925224e-39
4.973900000000000432e+00 6.704477381333391505e-39
5.031500000000000306e+00 6.752174265469103769e-39
5.089900000000000091e+00 6.798226429462206120e-39
5.148900000000000254e+00 6.842185313273801743e-39
5.208499999999999908e+00 6.883303316839071746e-39
5.268900000000000361e+00 6.921580440158013520e-39
5.330000000000000071e+00 6.955970043139875657e-39
5.391799999999999926e+00 6.985724525719834046e-39
5.454299999999999926e+00 7.009946767820101582e-39
5.517500000000000071e+00 7.027739649362891156e-39
5.581400000000000361e+00 7.037907010244485758e-39
5.646099999999999675e+00 7.039402210374131370e-39
5.711599999999999788e+00 7.031178609661076587e-39
5.777800000000000047e+00 7.012189568014571305e-39
5.844800000000000217e+00 6.981537965356825809e-39
5.912499999999999645e+00 6.938177161597086083e-39
5.980999999999999872e+00 6.881808116709426134e-39
6.050399999999999778e+00 6.811982270654950453e-39
6.120499999999999829e+00 6.728849143446623340e-39
6.191399999999999793e+00 6.632707775110376006e-39
6.263200000000000323e+00 6.523857205672134440e-39
6.335799999999999876e+00 6.387494953848404209e-39
6.409200000000000230e+00 6.225714299820689431e-39
6.483500000000000263e+00 6.051523484716911632e-39
6.558699999999999974e+00 5.866567228679681378e-39
6.634699999999999598e+00 5.672789291877539139e-39
6.711599999999999788e+00 5.472581994517917634e-39
6.789399999999999658e+00 2.658465830510876434e-39
6.868100000000000094e+00 1.491148137294821061e-39
6.947700000000000209e+00 9.915270139735560378e-40
7.028200000000000003e+00 7.150495580006840865e-40
7.109700000000000131e+00 5.425483190434063713e-40
7.192099999999999937e+00 4.385870540291086958e-40
7.275500000000000078e+00 3.868531295433515163e-40
7.359799999999999898e+00 3.642756075856945055e-40
7.445100000000000051e+00 3.588928871189683186e-40
7.531399999999999650e+00 3.786893368354834641e-40
7.618699999999999584e+00 4.243078927909879256e-40
7.706999999999999851e+00 4.364489178437147326e-40
7.796400000000000219e+00 3.499216863410912997e-40
7.886700000000000266e+00 2.320401081197879005e-40
7.978100000000000414e+00 1.503124690333286681e-40
8.070600000000000662e+00 1.013312079862500561e-40
8.164199999999999235e+00 7.191763103585075087e-41
8.258800000000000807e+00 5.357152544509234175e-41
8.354499999999999815e+00 4.104174835865749966e-41
8.451399999999999579e+00 3.222903879452302212e-41
8.549300000000000566e+00 2.591630384715693059e-41
8.648400000000000531e+00 2.122885144071621256e-41
8.748699999999999477e+00 1.765831353112117464e-41
8.850099999999999412e+00 1.490161305209254520e-41
8.952700000000000102e+00 1.264580461649538242e-41
9.056400000000000006e+00 1.085171398093295153e-41
9.161400000000000432e+00 9.424395937172725046e-42
9.267599999999999838e+00 8.238253674324424467e-42
9.375000000000000000e+00 7.233329667189239296e-42
9.483700000000000685e+00 6.435939438048939320e-42
9.593600000000000350e+00 5.707178894859401495e-42
9.704800000000000537e+00 5.127938364634478061e-42
9.817299999999999471e+00 4.603272639141638991e-42
9.931100000000000705e+00 4.177290122205447777e-42
1.004599999999999937e+01 3.781660167901073657e-42
1.016300000000000026e+01 3.466621500584626760e-42
1.027999999999999936e+01 3.160254994020128333e-42
1.040000000000000036e+01 2.910257532343289860e-42
1.051999999999999957e+01 2.684631832779684351e-42
1.064199999999999946e+01 2.480387495070018308e-42
1.076500000000000057e+01 2.311280360407037492e-42
1.089000000000000057e+01 2.147705466223747226e-42
1.101600000000000001e+01 2.004166253777715690e-42
1.114400000000000013e+01 1.883354083302305949e-42
1.127299999999999969e+01 1.767027513215834226e-42
1.140399999999999991e+01 1.661017824023921505e-42
1.153599999999999959e+01 1.570558216180328540e-42
1.166999999999999993e+01 1.492254585390759141e-42
1.180499999999999972e+01 1.410437234296521252e-42
1.194200000000000017e+01 1.339878740178518815e-42
1.208000000000000007e+01 1.278650294869508520e-42
1.222000000000000064e+01 1.225196890234658262e-42
1.236200000000000010e+01 1.170786557516834218e-42
1.250500000000000078e+01 1.120846873186652450e-42
1.265000000000000036e+01 1.076992653384130576e-42
1.279700000000000060e+01 1.038311826030184421e-42
1.294500000000000028e+01 1.004056791059990770e-42
1.309500000000000064e+01 9.714165722298150546e-43
1.324699999999999989e+01 9.384922653750065585e-43
1.340099999999999980e+01 9.092611028404242077e-43
1.355599999999999916e+01 8.832296685832844921e-43
1.371299999999999919e+01 8.599942585685831270e-43
1.387199999999999989e+01 8.392109767665013412e-43
1.403299999999999947e+01 8.205807831511102944e-43
1.419599999999999973e+01 8.038644457016661818e-43
1.435999999999999943e+01 7.868341162249963729e-43
1.452699999999999925e+01 7.703869147988885032e-43
1.469500000000000028e+01 7.556292895192810969e-43
1.486500000000000021e+01 7.423668643693194840e-43
1.503800000000000026e+01 7.304351673347431849e-43
1.521199999999999974e+01 7.196846784025871422e-43
1.538799999999999990e+01 7.099808295611835532e-43
1.556700000000000017e+01 7.011890527988642168e-43
1.574699999999999989e+01 6.932345881091465248e-43
1.592999999999999972e+01 6.859828674803626742e-43
1.611400000000000077e+01 6.793591309060302162e-43
1.630099999999999838e+01 6.732437623757773280e-43
1.648999999999999844e+01 6.675769538844184168e-43
1.668100000000000094e+01 6.622689934241744960e-43
1.687399999999999878e+01 6.572301689872670570e-43
1.707000000000000028e+01 6.524006725685099494e-43
1.726800000000000068e+01 6.476907921601245053e-43
1.746799999999999997e+01 6.420837916739513461e-43
1.767000000000000171e+01 6.363571751774066031e-43
1.787500000000000000e+01 6.305557986743794909e-43
1.808200000000000074e+01 6.245899501570913413e-43
1.829200000000000159e+01 6.184297256229491589e-43
1.850400000000000134e+01 6.119854130641741165e-43
1.871900000000000119e+01 6.052570124807664530e-43
1.893599999999999994e+01 5.981847158675400977e-43
1.915500000000000114e+01 5.907834752257915881e-43
1.937699999999999889e+01 5.830383385542244664e-43
1.960200000000000031e+01 5.749642578541351906e-43
1.982900000000000063e+01 5.665761851268202184e-43
2.005900000000000105e+01 5.579189763761690034e-43
2.029100000000000037e+01 5.490374876060707601e-43
2.052599999999999980e+01 5.399616228191184840e-43
2.076399999999999935e+01 5.307661420217946241e-43
2.100499999999999901e+01 5.207034451492759650e-43
2.124800000000000111e+01 5.093249721626686891e-43
2.149500000000000099e+01 4.980511631851366188e-43
2.174399999999999977e+01 4.869418262218656653e-43
2.199599999999999866e+01 4.760268652754485854e-43
2.225100000000000122e+01 4.653959923536644451e-43
2.250900000000000034e+01 4.550492074565130057e-43
2.276999999999999957e+01 4.450463185891801783e-43
2.303399999999999892e+01 4.354022777529624211e-43
2.330099999999999838e+01 4.261320369491562715e-43
2.357100000000000151e+01 4.153516440144073926e-43
2.384400000000000119e+01 4.050347631198488690e-43
2.412000000000000099e+01 3.952561542719629107e-43
2.439999999999999858e+01 3.860158174707496769e-43
2.468299999999999983e+01 3.772688967123196347e-43
2.496900000000000119e+01 3.690153919966728636e-43
2.525799999999999912e+01 3.612403513225127464e-43
2.555099999999999838e+01 3.539288226885430243e-43
2.584700000000000131e+01 3.470509020921707018e-43
2.614699999999999847e+01 3.395150934387540310e-43
2.644999999999999929e+01 3.321138527970055215e-43
2.675600000000000023e+01 3.252060281980402831e-43
2.706700000000000017e+01 3.187617156392653203e-43
2.737999999999999901e+01 3.127360591167912594e-43
2.769800000000000040e+01 3.070991546280252242e-43
2.801899999999999835e+01 3.018510021729672148e-43
2.834299999999999997e+01 2.969317937464313596e-43
2.867200000000000060e+01 2.923564813497140767e-43
2.900400000000000134e+01 2.880802089789260321e-43
2.933999999999999986e+01 2.841029766340672658e-43
2.968100000000000094e+01 2.803799283112483241e-43
3.002499999999999858e+01 2.762083199495355647e-43
3.037300000000000111e+01 2.722908956098625903e-43
3.072500000000000142e+01 2.686426072935259383e-43
3.108099999999999952e+01 2.652784070018220667e-43
3.144099999999999895e+01 2.621534387308616415e-43
3.180600000000000094e+01 2.592677024806445035e-43
3.217399999999999949e+01 2.566062462498743539e-43
3.254699999999999704e+01 2.541541180372546155e-43
3.292399999999999949e+01 2.518814138401924519e-43
3.330599999999999739e+01 2.498180376612807790e-43
3.369200000000000017e+01 2.479191334966301434e-43
3.408299999999999841e+01 2.461996533475370827e-43
3.447800000000000153e+01 2.446296932114086014e-43
3.487700000000000244e+01 2.432092530882447392e-43
3.528199999999999648e+01 2.419532849793419541e-43
3.568999999999999773e+01 2.408169328808108723e-43
3.610399999999999920e+01 2.398301007952444096e-43
3.652300000000000324e+01 2.389778367213461082e-43
3.694599999999999795e+01 2.382451886578194703e-43
3.737400000000000233e+01 2.376321566046645357e-43
3.780700000000000216e+01 2.371387405618813044e-43
3.824600000000000222e+01 2.367798925307662343e-43
3.868900000000000006e+01 2.365107565074299118e-43
3.913700000000000045e+01 2.363612364944652927e-43
3.959100000000000108e+01 2.363313324918724166e-43
4.004999999999999716e+01 2.363911404970582085e-43
4.051400000000000290e+01 2.365705645126157834e-43
4.098400000000000176e+01 2.368397005359520661e-43
4.145900000000000318e+01 2.372284525696600918e-43
4.193900000000000006e+01 2.377218686124433231e-43
4.242600000000000193e+01 2.383049966630053419e-43
4.291700000000000159e+01 2.390077407239390241e-43
4.341499999999999915e+01 2.398001967926514938e-43
4.391799999999999926e+01 2.407122688717356667e-43
4.442699999999999960e+01 2.417140529585985873e-43
4.494200000000000017e+01 2.428354530558332111e-43
4.546300000000000097e+01 2.440615171621430405e-43
4.599000000000000199e+01 2.453922452775281153e-43
4.652300000000000324e+01 2.468425894032848934e-43
4.706199999999999761e+01 2.484125495394133748e-43
4.760799999999999699e+01 2.500871736846170617e-43
4.815999999999999659e+01 2.518814138401924519e-43
4.871800000000000352e+01 2.538102220074360432e-43
4.928199999999999648e+01 2.558436941837548002e-43
4.985399999999999920e+01 2.580266863730381763e-43
5.043200000000000216e+01 2.603442465739897535e-43
5.101599999999999824e+01 2.627814227853129942e-43
5.160699999999999932e+01 2.653830710108973121e-43
5.220600000000000307e+01 2.681192872481497911e-43
5.281099999999999994e+01 2.710050234983668893e-43
5.342300000000000182e+01 2.740701837641415226e-43
5.404200000000000159e+01 2.772848640428807750e-43
5.466899999999999693e+01 2.805892563293988148e-43
5.530199999999999960e+01 2.835198485835052470e-43
5.594299999999999784e+01 2.866149128518728360e-43
5.659199999999999875e+01 2.898445451319085065e-43
5.724799999999999756e+01 2.932536014275017519e-43
5.791100000000000136e+01 2.968121777360596563e-43
5.858200000000000074e+01 3.005651300614715138e-43
5.926200000000000045e+01 3.044975064024409064e-43
5.994800000000000040e+01 3.086242587602643317e-43
6.064300000000000068e+01 3.129453871349417501e-43
6.134599999999999653e+01 3.174907955290660773e-43
6.205700000000000216e+01 3.222455319413408554e-43
6.277700000000000102e+01 3.272395003743590401e-43
6.350399999999999778e+01 3.324876528294170495e-43
6.423999999999999488e+01 3.380049413078114610e-43
6.498499999999999943e+01 3.437764138082456176e-43
6.573799999999999955e+01 3.490694222671930008e-43
6.650000000000000000e+01 3.543026227209545523e-43
6.727100000000000080e+01 3.597900071967560082e-43
6.805100000000000193e+01 3.655465276958937466e-43
6.884000000000000341e+01 3.715721842183677280e-43
6.963700000000000045e+01 3.778819287654745693e-43
7.044499999999999318e+01 3.845056653398070273e-43
7.126099999999999568e+01 3.914583459426617191e-43
7.208700000000000330e+01 3.987549225753349435e-43
7.292300000000000182e+01 4.064103472391233176e-43
7.376800000000000068e+01 4.144694759379161355e-43
7.462300000000000466e+01 4.229173566704169394e-43
7.548799999999999955e+01 4.307671573510593463e-43
7.636299999999999955e+01 4.384674380187370145e-43
7.724800000000000466e+01 4.465415187188263700e-43
7.814400000000000546e+01 4.550043514526235522e-43
7.904900000000000659e+01 4.638858402227217955e-43
7.996599999999999397e+01 4.732158890317138565e-43
8.089199999999999591e+01 4.830244018821927307e-43
8.182999999999999829e+01 4.933263307754547964e-43
8.277899999999999636e+01 5.041665317153894273e-43
8.373799999999999955e+01 5.155749087045896191e-43
8.470900000000000318e+01 5.271328057067544699e-43
8.569100000000000250e+01 5.375992066142775728e-43
8.668399999999999750e+01 5.485739755658804049e-43
8.768899999999999295e+01 5.601019685654523398e-43
8.870499999999999829e+01 5.722280416168826717e-43
8.973300000000000409e+01 5.849671467214680179e-43
9.077299999999999613e+01 5.983790918843940508e-43
9.182500000000000284e+01 6.125087331095503035e-43
9.289000000000000057e+01 6.273859743995296122e-43
9.396599999999999397e+01 6.430706237595178884e-43
9.505599999999999739e+01 6.575142570118997577e-43
9.615699999999999648e+01 6.719578902642817864e-43
9.727200000000000557e+01 6.871491235814867914e-43
9.840000000000000568e+01 7.031328129674041466e-43
9.954000000000000625e+01 7.199687664272200819e-43
1.006899999999999977e+02 7.377018399648233340e-43
1.018599999999999994e+02 7.563918415854005312e-43
1.030400000000000063e+02 7.760985792941368679e-43
1.042399999999999949e+02 7.969117650988115696e-43
1.054399999999999977e+02 8.153924387012381964e-43
1.066700000000000017e+02 8.346506163710806357e-43
1.079000000000000057e+02 8.549255301290826925e-43
1.091500000000000057e+02 8.762769879804297206e-43
1.104200000000000017e+02 8.987797499316045671e-43
1.117000000000000028e+02 9.225085759890891237e-43
1.129899999999999949e+02 9.475531781606624563e-43
1.142999999999999972e+02 9.740032684541028348e-43
1.156299999999999955e+02 9.989731106191939574e-43
1.169699999999999989e+02 1.023569152751873233e-42
1.183199999999999932e+02 1.049480970998641286e-42
1.197000000000000028e+02 1.076753421363387249e-42
1.210799999999999983e+02 1.105521071857779324e-42
1.224899999999999949e+02 1.135843730487003502e-42
1.239099999999999966e+02 1.167841013261431447e-42
1.253400000000000034e+02 1.201632536191434663e-42
1.267999999999999972e+02 1.233375634943822743e-42
1.282599999999999909e+02 1.264864549674170799e-42
1.297500000000000000e+02 1.297998184547129866e-42
1.312599999999999909e+02 1.332881203571774750e-42
1.327800000000000011e+02 1.369618270757180895e-42
1.343199999999999932e+02 1.408314050112423588e-42
1.358700000000000045e+02 1.449118061650467407e-42
1.374499999999999886e+02 1.492149921381684015e-42
1.390399999999999920e+02 1.530785892731740557e-42
1.406500000000000057e+02 1.570707736193293278e-42
1.422800000000000011e+02 1.612872379849315167e-42
1.439300000000000068e+02 1.656980783673877066e-42
1.455999999999999943e+02 1.703331987692907814e-42
1.472899999999999920e+02 1.752075511919372787e-42
1.490000000000000000e+02 1.803360876366236087e-42
1.507199999999999989e+02 1.855094800851993285e-42
1.524699999999999989e+02 1.902642164974741305e-42
1.542400000000000091e+02 1.952432329291958493e-42
1.560200000000000102e+02 2.004465293803644849e-42
1.578300000000000125e+02 2.059040098535729850e-42
1.596599999999999966e+02 2.116007223475248758e-42
1.615099999999999909e+02 2.175665708648130413e-42
1.633899999999999864e+02 2.238015554054375452e-42
1.652800000000000011e+02 2.298421639292080482e-42
1.671899999999999977e+02 2.355538284244563810e-42
1.691299999999999955e+02 2.415047249404481045e-42
1.710900000000000034e+02 2.476799014758867448e-42
1.730800000000000125e+02 2.540943100320687758e-42
1.750800000000000125e+02 2.607629026102906713e-42
1.771100000000000136e+02 2.676856792105523995e-42
1.791699999999999875e+02 2.748775918341504342e-42
1.812400000000000091e+02 2.819947444512661633e-42
1.833400000000000034e+02 2.884540090113375840e-42
1.854699999999999989e+02 2.951226015895594477e-42
1.876200000000000045e+02 3.019855701846354079e-42
1.897899999999999920e+02 3.090429147965652734e-42
1.919900000000000091e+02 3.163095874266455819e-42
1.942199999999999989e+02 3.237855880748764607e-42
1.964699999999999989e+02 3.314559647399611812e-42
1.987500000000000000e+02 3.393207174219000619e-42
2.010500000000000114e+02 3.470658540934672155e-42
2.033799999999999955e+02 3.539587266911359959e-42
2.057400000000000091e+02 3.609712152991764399e-42
2.081200000000000045e+02 3.681182719188851486e-42
2.105300000000000011e+02 3.753699925476689832e-42
2.129699999999999989e+02 3.827413291868246087e-42
2.154399999999999977e+02 3.902173298350554238e-42
2.179399999999999977e+02 3.978129464936579025e-42
2.204699999999999989e+02 4.054982751600391605e-42
2.230200000000000102e+02 4.132882678354956719e-42
2.256100000000000136e+02 4.211679725187309628e-42
2.282199999999999989e+02 4.285692131604794723e-42
2.308700000000000045e+02 4.352228537374048621e-42
2.335399999999999920e+02 4.419063983169231996e-42
2.362500000000000000e+02 4.486198468990344849e-42
2.389900000000000091e+02 4.553482474824421803e-42
2.417599999999999909e+02 4.621065520684428871e-42
2.445600000000000023e+02 4.688798086557400041e-42
2.474000000000000057e+02 4.756530652430371211e-42
2.502599999999999909e+02 4.824412738316306482e-42
2.531599999999999966e+02 4.892444344215207129e-42
2.561000000000000227e+02 4.960326430101143038e-42
2.590699999999999932e+02 5.028358036000043048e-42
2.620699999999999932e+02 5.096240121885978956e-42
2.651100000000000136e+02 5.164122207771914864e-42
2.681800000000000068e+02 5.232004293657850136e-42
2.712900000000000205e+02 5.291064698778873473e-42
2.744300000000000068e+02 5.346536623588746907e-42
2.776200000000000045e+02 5.402008548398619066e-42
2.808299999999999841e+02 5.457181433182562384e-42
2.840899999999999750e+02 5.512055277940576863e-42
2.873799999999999955e+02 5.566779602685626603e-42
2.907099999999999795e+02 5.621354407417710968e-42
2.940799999999999841e+02 5.675630172123867129e-42
2.974900000000000091e+02 5.729756416817057914e-42
3.009399999999999977e+02 5.783733141497284598e-42
3.044300000000000068e+02 5.837560346164545907e-42
3.079599999999999795e+02 5.891387550831808489e-42
3.115299999999999727e+02 5.944915715473140320e-42
3.151399999999999864e+02 5.998443880114473426e-42
3.187900000000000205e+02 6.051972044755806531e-42
3.224800000000000182e+02 6.105350689384174898e-42
3.262200000000000273e+02 6.158878854025506729e-42
3.300000000000000000e+02 6.212407018666838559e-42
3.338299999999999841e+02 6.265935183308171665e-42
3.376999999999999886e+02 6.319463347949504770e-42
3.416100000000000136e+02 6.373290552616766078e-42
3.455699999999999932e+02 6.427267277296992125e-42
3.495799999999999841e+02 6.479748801847572060e-42
3.536299999999999955e+02 6.524455285723993232e-42
3.577300000000000182e+02 6.569460809626342606e-42
3.618700000000000045e+02 6.614615853541656720e-42
3.660699999999999932e+02 6.659920417469935571e-42
3.703100000000000023e+02 6.705524021424142626e-42
3.746100000000000136e+02 6.751426665404280433e-42
3.789499999999999886e+02 6.797478829397382978e-42
3.833399999999999750e+02 6.844129073442343203e-42
3.877799999999999727e+02 6.890928837500268167e-42
3.922799999999999727e+02 6.938326681610050811e-42
3.968199999999999932e+02 6.986023565745764207e-42
4.014200000000000159e+02 7.034318529933335283e-42
4.060799999999999841e+02 7.083062054159799300e-42
4.107799999999999727e+02 7.132254138425157534e-42
4.155500000000000114e+02 7.182044302742375996e-42
4.203600000000000136e+02 7.232582067124415603e-42
4.252300000000000182e+02 7.283568391545349426e-42
4.301600000000000250e+02 7.335302316031106942e-42
4.351499999999999773e+02 7.387634320568723412e-42
4.401899999999999977e+02 7.440713925171161027e-42
4.453000000000000114e+02 7.494541129838423610e-42
4.504599999999999795e+02 7.549265454583472076e-42
4.556800000000000068e+02 7.604737379393345509e-42
4.609599999999999795e+02 7.660956904268041361e-42
4.663000000000000114e+02 7.718223069233489109e-42
4.717099999999999795e+02 7.776236834263760551e-42
4.771800000000000068e+02 7.835297239384783888e-42
4.827099999999999795e+02 7.895404284596559122e-42
4.883000000000000114e+02 7.956408449886122788e-42
4.939599999999999795e+02 8.011880374695994947e-42
4.996899999999999977e+02 8.064212379233611417e-42
5.054800000000000182e+02 8.117291983836049032e-42
5.113399999999999750e+02 8.171418228529241092e-42
5.172699999999999818e+02 8.226441593300220310e-42
5.232599999999999909e+02 8.282511598161950149e-42
5.293300000000000409e+02 8.339478723101468420e-42
5.354600000000000364e+02 8.397342968118776397e-42
5.416699999999999591e+02 8.456403373239799734e-42
5.479500000000000455e+02 8.516510418451574968e-42
5.542999999999999545e+02 8.577664103754103372e-42
5.607200000000000273e+02 8.639864429147383673e-42
5.672200000000000273e+02 8.703410434657345347e-42
5.737999999999999545e+02 8.768003080258058916e-42
5.804500000000000455e+02 8.833791885962490395e-42
5.871799999999999500e+02 8.900926371783603248e-42
5.939800000000000182e+02 8.969257017708432735e-42
6.008700000000000045e+02 9.038933343749944870e-42
6.078300000000000409e+02 9.109955349908135830e-42
6.148799999999999955e+02 9.182323036183010711e-42
6.220000000000000000e+02 9.256185922587530431e-42
6.292100000000000364e+02 9.331394489108734073e-42
6.365099999999999909e+02 9.408247775772546016e-42
6.438899999999999864e+02 9.486446742553040608e-42
6.513500000000000227e+02 9.566290429476146050e-42
6.588999999999999773e+02 9.647778836541862342e-42
6.665399999999999636e+02 9.730911963750188212e-42
6.742599999999999909e+02 9.815689811101126206e-42
6.820800000000000409e+02 9.891346937661221514e-42
6.899800000000000182e+02 9.964761264026847018e-42
6.979800000000000182e+02 1.003952127050915517e-41
7.060700000000000500e+02 1.011577647712111071e-41
7.142599999999999909e+02 1.019352688386271108e-41
7.225299999999999727e+02 1.027277249073395630e-41
7.309099999999999682e+02 1.035366281774781363e-41
7.393799999999999955e+02 1.043604834489131836e-41
7.479500000000000455e+02 1.052007859217743138e-41
7.566200000000000045e+02 1.060560403959319307e-41
7.653899999999999864e+02 1.069307324717749381e-41
7.742599999999999909e+02 1.078203765489144067e-41
7.832400000000000091e+02 1.087294582277392530e-41
7.923200000000000500e+02 1.096564823081198807e-41
8.015000000000000000e+02 1.106014487900562515e-41
8.107899999999999636e+02 1.115673480738076731e-41
8.201900000000000546e+02 1.125511897591148505e-41
8.297000000000000455e+02 1.135544690461074439e-41
8.393099999999999454e+02 1.145801763350446844e-41
8.490399999999999636e+02 1.156253212256673664e-41
8.588799999999999955e+02 1.166928941182347338e-41
8.688400000000000318e+02 1.177813998126171390e-41
8.789099999999999682e+02 1.188938287090738770e-41
8.891000000000000227e+02 1.200286856074753130e-41
8.993999999999999773e+02 1.211889609080807418e-41
9.098300000000000409e+02 1.221907449949436751e-41
9.203700000000000045e+02 1.231970146821955379e-41
9.310399999999999636e+02 1.242242171712624640e-41
9.418300000000000409e+02 1.252708572620147424e-41
9.527500000000000000e+02 1.263369349544524751e-41
9.637899999999999636e+02 1.274254406488348804e-41
9.749600000000000364e+02 1.285348791450323235e-41
9.862699999999999818e+02 1.296667456431744648e-41
9.977000000000000455e+02 1.308210401432613041e-41
1.009299999999999955e+03 1.319992578454224760e-41
1.021000000000000000e+03 1.331999035495283716e-41
1.032799999999999955e+03 1.344259676558382089e-41
1.044799999999999955e+03 1.356759549642224045e-41
1.056900000000000091e+03 1.369528558749402275e-41
1.069099999999999909e+03 1.382551751878620434e-41
1.081500000000000000e+03 1.395829129029878265e-41
1.094099999999999909e+03 1.409405546207065320e-41
1.106700000000000045e+03 1.423251099407588649e-41
1.119599999999999909e+03 1.437380740632745108e-41
1.132500000000000000e+03 1.451809421883830536e-41
1.145700000000000045e+03 1.466552095162141787e-41
1.158900000000000091e+03 1.481593808466382005e-41
1.172400000000000091e+03 1.496695329775808374e-41
1.186000000000000000e+03 1.509853090916694415e-41
1.199700000000000045e+03 1.523160372070545195e-41
1.213599999999999909e+03 1.536766693250325452e-41
1.227700000000000045e+03 1.550672054456034676e-41
1.241900000000000091e+03 1.564876455687673378e-41
1.256299999999999955e+03 1.579379896945241047e-41
1.270900000000000091e+03 1.594032858215773455e-41
1.285599999999999909e+03 1.609134379525199824e-41
1.300500000000000000e+03 1.624385420847590676e-41
1.315599999999999909e+03 1.640085022208875235e-41
1.330799999999999955e+03 1.656083663596089016e-41
1.346299999999999955e+03 1.672381345009232275e-41
1.361900000000000091e+03 1.688978066448304756e-41
1.377700000000000045e+03 1.706023347926270943e-41
1.393599999999999909e+03 1.723367669430166353e-41
1.409799999999999955e+03 1.741011030959991239e-41
1.426099999999999909e+03 1.759102952528709832e-41
1.442599999999999909e+03 1.777493914123357648e-41
1.459400000000000091e+03 1.796333435756899169e-41
1.476299999999999955e+03 1.815621517429334652e-41
1.493400000000000091e+03 1.835208639127699357e-41
1.510700000000000045e+03 1.853450080709382689e-41
1.528200000000000045e+03 1.870495362187348876e-41
1.545900000000000091e+03 1.887989203704208769e-41
1.563799999999999955e+03 1.905782085246998395e-41
1.582000000000000000e+03 1.924023526828681472e-41
1.600299999999999955e+03 1.942564008436294026e-41
1.618900000000000091e+03 1.961403530069835547e-41
1.637599999999999909e+03 1.980691611742271030e-41
1.656599999999999909e+03 2.000428253453600219e-41
1.675799999999999955e+03 2.020463935190858885e-41
1.695200000000000045e+03 2.040948176967011257e-41
1.714900000000000091e+03 2.061880978782057590e-41
1.734799999999999955e+03 2.083262340635997885e-41
1.754900000000000091e+03 2.104942742515867147e-41
1.775200000000000045e+03 2.127221224447595108e-41
1.795799999999999955e+03 2.149948266418216521e-41
1.816599999999999909e+03 2.173123868427732150e-41
1.837700000000000045e+03 2.196897550489105969e-41
1.859000000000000000e+03 2.220970272576409265e-41
1.880500000000000000e+03 2.245790594728535490e-41
1.902299999999999955e+03 2.271059476919555930e-41
1.924400000000000091e+03 2.292889398812389676e-41
1.946700000000000045e+03 2.314868840718187906e-41
1.969200000000000045e+03 2.337296842662880861e-41
1.992000000000000000e+03 2.360173404646466757e-41
2.015099999999999909e+03 2.383498526668947125e-41
2.038500000000000000e+03 2.407421728743285937e-41
2.062099999999999909e+03 2.431643970843553717e-41
2.086000000000000000e+03 2.456464292995679942e-41
2.110199999999999818e+03 2.481882695199664611e-41
2.134699999999999818e+03 2.507600137429578248e-41
2.159400000000000091e+03 2.534065179724315834e-41
2.184400000000000091e+03 2.560978782057946360e-41
2.209800000000000182e+03 2.588490464443435841e-41
2.235400000000000091e+03 2.616450706867819284e-41
2.261300000000000182e+03 2.645158549357025145e-41
2.287500000000000000e+03 2.674464471898089961e-41
2.314000000000000000e+03 2.704368474491013731e-41
2.340800000000000182e+03 2.734870557135795436e-41
2.368000000000000000e+03 2.766120239845399560e-41
2.395400000000000091e+03 2.797968002606863149e-41
2.423199999999999818e+03 2.825778725018282108e-41
2.451300000000000182e+03 2.853589447429700047e-41
2.479699999999999818e+03 2.881998249892977450e-41
2.508400000000000091e+03 2.911005132408113298e-41
2.537500000000000000e+03 2.940460574962142598e-41
2.566900000000000091e+03 2.970663617580994826e-41
2.596699999999999818e+03 3.001315220238741525e-41
2.626800000000000182e+03 3.032714422961310642e-41
2.657199999999999818e+03 3.064711705735738715e-41
2.688000000000000000e+03 3.097456588574989715e-41
2.719199999999999818e+03 3.130799551466099161e-41
2.750699999999999818e+03 3.164740594409066542e-41
2.782599999999999909e+03 3.199578757429822354e-41
2.814800000000000182e+03 3.235015000502436612e-41
2.847400000000000091e+03 3.271348363652837772e-41
2.880400000000000091e+03 3.308429326868062880e-41
2.913800000000000182e+03 3.346257890148110917e-41
2.947599999999999909e+03 3.384834053492981882e-41
2.981800000000000182e+03 3.424456856928604744e-41
3.016300000000000182e+03 3.463033020273476219e-41
3.051300000000000182e+03 3.497572143268302554e-41
3.086699999999999818e+03 3.532858866327951818e-41
3.122400000000000091e+03 3.568743669439459527e-41
3.158599999999999909e+03 3.605376072615790674e-41
3.195199999999999818e+03 3.642756075856945259e-41
3.232300000000000182e+03 3.680883679162921754e-41
3.269699999999999818e+03 3.719908402546686680e-41
3.307599999999999909e+03 3.759680725995274535e-41
3.346000000000000000e+03 3.800200649508685828e-41
3.384800000000000182e+03 3.841617693099884024e-41
3.424000000000000000e+03 3.883931856768871162e-41
3.463699999999999818e+03 3.927143140515644692e-41
3.503800000000000182e+03 3.971102024327242170e-41
3.544500000000000000e+03 4.016257068242556029e-41
3.585500000000000000e+03 4.062159712222693325e-41
3.627099999999999909e+03 4.109258516306548022e-41
3.669099999999999909e+03 4.157254440468189110e-41
3.711699999999999818e+03 4.206297004720583625e-41
3.754699999999999818e+03 4.256535729076694009e-41
3.798199999999999818e+03 4.299747012823468049e-41
3.842199999999999818e+03 4.343556376622101554e-41
3.886800000000000182e+03 4.388262860498521451e-41
3.931800000000000182e+03 4.433866464452728761e-41
3.977400000000000091e+03 4.480367188484725012e-41
4.023500000000000000e+03 4.527765032594508166e-41
4.070099999999999909e+03 4.576209516795043725e-41
4.117300000000000182e+03 4.625700641086332201e-41
4.165000000000000000e+03 4.676088885455407579e-41
4.213300000000000182e+03 4.727673289928199846e-41
4.262199999999999818e+03 4.780304334491745030e-41
4.311600000000000364e+03 4.833982019146042109e-41
4.361500000000000000e+03 4.888855863904056078e-41
4.412100000000000364e+03 4.944925868765787956e-41
4.463199999999999818e+03 5.002192033731235704e-41
4.515000000000000000e+03 5.060803878813365336e-41
4.567300000000000182e+03 5.120462363986246863e-41
4.620199999999999818e+03 5.181616049288775268e-41
4.673800000000000182e+03 5.244115414707984535e-41
4.728000000000000000e+03 5.298540699427104543e-41
4.782800000000000182e+03 5.353115504159189545e-41
4.838199999999999818e+03 5.408736948982027462e-41
4.894300000000000182e+03 5.465405033895616256e-41
4.951000000000000000e+03 5.523418798925886932e-41
5.008399999999999636e+03 5.582479204046911544e-41
5.066500000000000000e+03 5.642885289284616001e-41
5.125199999999999818e+03 5.704487534626037346e-41
5.184600000000000364e+03 5.767435460084141595e-41
5.244699999999999818e+03 5.831579545645961713e-41
5.305500000000000000e+03 5.897218831337428709e-41
5.367000000000000000e+03 5.964054277132611574e-41
5.429199999999999818e+03 6.032534443070406310e-41
5.492100000000000364e+03 6.102360289124880889e-41
5.555800000000000182e+03 6.173830855321968359e-41
5.620199999999999818e+03 6.246647101635736692e-41
5.685300000000000182e+03 6.321257588105079850e-41
5.751199999999999818e+03 6.397512794717033858e-41
5.817899999999999636e+03 6.474814641419740782e-41
5.885300000000000182e+03 6.541500567201958654e-41
5.953500000000000000e+03 6.609532173100859429e-41
6.022500000000000000e+03 6.678909459116441067e-41
6.092300000000000182e+03 6.749781945261669582e-41
6.163000000000000000e+03 6.822000111523579980e-41
6.234399999999999636e+03 6.895713477915135216e-41
6.306699999999999818e+03 6.971071564449302322e-41
6.379800000000000182e+03 7.047924851113114265e-41
6.453699999999999818e+03 7.126422857919538079e-41
6.528500000000000000e+03 7.206416064855607750e-41
6.604199999999999818e+03 7.288353031960217239e-41
6.680699999999999818e+03 7.371934719207437579e-41
6.758199999999999818e+03 7.457310646610233763e-41
6.836500000000000000e+03 7.544480814168604772e-41
6.915800000000000182e+03 7.633594741895515599e-41
6.995899999999999636e+03 7.724652429790967264e-41
7.077000000000000000e+03 7.817653877854958747e-41
7.159000000000000000e+03 7.912898126113420035e-41
7.242000000000000000e+03 8.005151974112587570e-41
7.326000000000000000e+03 8.088285101320913949e-41
7.410899999999999636e+03 8.173212468684816172e-41
7.496800000000000182e+03 8.259934076204293219e-41
7.583699999999999818e+03 8.348300403866382137e-41
7.671600000000000364e+03 8.438460971684044861e-41
7.760500000000000000e+03 8.530565299670248421e-41
7.850500000000000000e+03 8.624613387824991801e-41
7.941500000000000000e+03 8.720605236148276017e-41
8.033500000000000000e+03 8.818540844640100053e-41
8.126600000000000364e+03 8.918719253326392873e-41
8.220799999999999272e+03 9.020841422181225512e-41
8.316100000000000364e+03 9.125206391230526937e-41
8.412500000000000000e+03 9.231963680487262141e-41
8.510000000000000000e+03 9.340963769938468170e-41
8.608600000000000364e+03 9.452206659584144004e-41
8.708399999999999636e+03 9.566140909463181566e-41
8.809399999999999636e+03 9.682467479549652907e-41
8.911500000000000000e+03 9.801335889856522001e-41
9.014799999999999272e+03 9.909139819204010120e-41
9.119299999999999272e+03 1.001305622821441860e-40
9.225000000000000000e+03 1.011906591740633088e-40
9.331899999999999636e+03 1.022731840679271500e-40
9.440100000000000364e+03 1.033781369637356485e-40
9.549500000000000000e+03 1.045055178614888654e-40
9.660200000000000728e+03 1.056568219613163997e-40
9.772100000000000364e+03 1.068320492632182922e-40
9.885399999999999636e+03 1.080311997671945021e-40
1.000000000000000000e+04 1.092557686733747099e-40
