1.000000000000000056e-01 5.143570082223117002e-43
1.011599999999999999e-01 5.263437848310312567e-43
1.023300000000000043e-01 5.365609845766005716e-43
1.035200000000000009e-01 5.471995121467295248e-43
1.047199999999999936e-01 5.582067015633479623e-43
1.059299999999999964e-01 5.696352188045261176e-43
1.071600000000000052e-01 5.815903958264036614e-43
1.083999999999999964e-01 5.940195666509106786e-43
1.096599999999999936e-01 6.069227312780472491e-43
1.109300000000000008e-01 6.204052216639531229e-43
1.122100000000000042e-01 6.345197037866984541e-43
1.135199999999999959e-01 6.491608456901431737e-43
1.148300000000000015e-01 6.616426824927201856e-43
1.161599999999999994e-01 6.745458471198566764e-43
1.175100000000000033e-01 6.879756715276927150e-43
1.188700000000000034e-01 7.019848216942981366e-43
1.202499999999999958e-01 7.165206316416029467e-43
1.216399999999999981e-01 7.316357673476771398e-43
1.230500000000000066e-01 7.473302288125207160e-43
1.244799999999999934e-01 7.637093479922737441e-43
1.259200000000000041e-01 7.807731248869359056e-43
1.273799999999999932e-01 7.985215594965073596e-43
1.288600000000000023e-01 8.139000250929314461e-43
1.303499999999999936e-01 8.295418205797050277e-43
1.318600000000000050e-01 8.457102758471782367e-43
1.333900000000000086e-01 8.625107228514907437e-43
1.349400000000000044e-01 8.799431615926425488e-43
1.365000000000000102e-01 8.980075920706338111e-43
1.380800000000000083e-01 9.168093462416042014e-43
1.396799999999999986e-01 9.363484241055537196e-43
1.413000000000000089e-01 9.565721596844126896e-43
1.429400000000000115e-01 9.776385509123906175e-43
1.446000000000000063e-01 9.971249627982704597e-43
1.462700000000000111e-01 1.015558055122751206e-42
1.479699999999999904e-01 1.034570473206001256e-42
1.496800000000000075e-01 1.054267549004160758e-42
1.514199999999999990e-01 1.074596616539159718e-42
1.531700000000000006e-01 1.095663007767137646e-42
1.549500000000000044e-01 1.117414056710024866e-42
1.567500000000000004e-01 1.139902429345891533e-42
1.585600000000000065e-01 1.163180791652807323e-42
1.603999999999999870e-01 1.187196477652702240e-42
1.622599999999999876e-01 1.212054819301716115e-42
1.641400000000000081e-01 1.233753202266533660e-42
1.660399999999999932e-01 1.255188255341001231e-42
1.679700000000000082e-01 1.277255300152308260e-42
1.699100000000000055e-01 1.299901670722384752e-42
1.718800000000000050e-01 1.323232699007370377e-42
1.738800000000000068e-01 1.347143053051125305e-42
1.758899999999999908e-01 1.371632732853650015e-42
1.779300000000000048e-01 1.396807070371083698e-42
1.799900000000000111e-01 1.422613399625356680e-42
1.820799999999999919e-01 1.449051720616469119e-42
1.841899999999999926e-01 1.476122033344420856e-42
1.863200000000000134e-01 1.503087014116232603e-42
1.884800000000000086e-01 1.526102046532798738e-42
1.906700000000000061e-01 1.549485740795854358e-42
1.928799999999999959e-01 1.573343428861539769e-42
1.951100000000000056e-01 1.597569778773714347e-42
1.973799999999999999e-01 1.622217456510448562e-42
1.996600000000000041e-01 1.647233796093672580e-42
2.019799999999999929e-01 1.672618797523386083e-42
2.043200000000000016e-01 1.698319794821519235e-42
2.066900000000000126e-01 1.724442119944212025e-42
2.090799999999999881e-01 1.750827774957254310e-42
2.115100000000000036e-01 1.777476759860646727e-42
2.139600000000000113e-01 1.804494406610528310e-42
2.164399999999999935e-01 1.831722717272690190e-42
2.189500000000000057e-01 1.857371048592753507e-42
2.214899999999999924e-01 1.879964753184760003e-42
2.240499999999999992e-01 1.902663789732906171e-42
2.266499999999999904e-01 1.925573490193332317e-42
2.292800000000000116e-01 1.948588522609898133e-42
2.319299999999999973e-01 1.971761552960674412e-42
2.346199999999999952e-01 1.995092581245659877e-42
2.373399999999999954e-01 2.018581607464855486e-42
2.400899999999999979e-01 2.042175965640190765e-42
2.428800000000000125e-01 2.065980987727806023e-42
2.456899999999999917e-01 2.089996673727700940e-42
2.485400000000000109e-01 2.114117691683735847e-42
2.514199999999999768e-01 2.138502039530120249e-42
2.543300000000000005e-01 2.163097051288784629e-42
2.572800000000000087e-01 2.188008058915868658e-42
2.602599999999999913e-01 2.213235062411372336e-42
2.632800000000000140e-01 2.238883393731435653e-42
2.663300000000000112e-01 2.264953052876058607e-42
2.694199999999999928e-01 2.289337400722443009e-42
2.725400000000000045e-01 2.311351779555680362e-42
2.757000000000000006e-01 2.333840152191546870e-42
2.788999999999999813e-01 2.356802518630042532e-42
2.821299999999999919e-01 2.380396876805378130e-42
2.853999999999999870e-01 2.404570560739482872e-42
2.887100000000000222e-01 2.429428902388496747e-42
2.920599999999999863e-01 2.455024567730490228e-42
2.954399999999999804e-01 2.481515554699672503e-42
2.988700000000000245e-01 2.508849197317974053e-42
3.023299999999999876e-01 2.537183493519604705e-42
3.058299999999999907e-01 2.566729107216843798e-42
3.093799999999999883e-01 2.597486038409691653e-42
3.129600000000000160e-01 2.629717616988498082e-42
3.165899999999999825e-01 2.663476508931333239e-42
3.202599999999999891e-01 2.698973378150475828e-42
3.239699999999999802e-01 2.736366222580136949e-42
3.277300000000000213e-01 2.775760374176455634e-42
3.315299999999999914e-01 2.816155179356103739e-42
3.353700000000000014e-01 2.851968044443666296e-42
3.392600000000000060e-01 2.889940214632096880e-42
3.431899999999999951e-01 2.930124355899465006e-42
3.471699999999999786e-01 2.972731132158050017e-42
3.511900000000000022e-01 3.018076539276273472e-42
3.552600000000000202e-01 3.066318575188343286e-42
3.593799999999999772e-01 3.117773235762679106e-42
3.635499999999999843e-01 3.172809182845772010e-42
3.677599999999999758e-01 3.231742412306040373e-42
3.720200000000000173e-01 3.294941585989973997e-42
3.763400000000000079e-01 3.362933363678273785e-42
3.806999999999999829e-01 3.436139073195497144e-42
3.851100000000000079e-01 3.505921494138174518e-42
3.895700000000000274e-01 3.575335253234362727e-42
3.940899999999999959e-01 3.650226274049824001e-42
3.986600000000000144e-01 3.731121216365259882e-42
4.032800000000000273e-01 3.818652071917508391e-42
4.079499999999999793e-01 3.913556164399549136e-42
4.126799999999999913e-01 4.016676149460502029e-42
4.174700000000000077e-01 4.128854682749485072e-42
4.223000000000000087e-01 4.251092417849828005e-42
4.272000000000000242e-01 4.363902942875650346e-42
4.321499999999999786e-01 4.482401393533026370e-42
4.371599999999999930e-01 4.611327707848252085e-42
4.422300000000000120e-01 4.751682539404655956e-42
4.473500000000000254e-01 4.904624539719776270e-42
4.525399999999999978e-01 5.071312360311152590e-42
4.577800000000000202e-01 5.252957318674392721e-42
4.630900000000000016e-01 5.417222504274551520e-42
4.684599999999999875e-01 5.591546891686070208e-42
4.738899999999999779e-01 5.779037773615073846e-42
4.793799999999999728e-01 5.980221809842265248e-42
4.849399999999999822e-01 6.194572340586941600e-42
4.905599999999999961e-01 6.421562706068403912e-42
4.962400000000000144e-01 6.628539999883289304e-42
5.020000000000000018e-01 6.827617396987680922e-42
5.078200000000000491e-01 7.027748113653473069e-42
5.137000000000000455e-01 7.225245531415766442e-42
5.196600000000000108e-01 7.414843052467568590e-42
5.256800000000000361e-01 7.590220759440486532e-42
5.317699999999999649e-01 7.745058734966124740e-42
5.379399999999999737e-01 7.871983742114692254e-42
5.441700000000000426e-01 7.965202523298495082e-42
5.504799999999999693e-01 8.017868501368439982e-42
5.568600000000000216e-01 8.029981676324526952e-42
5.633099999999999774e-01 8.008388625315850512e-42
5.698400000000000132e-01 7.943082812509118378e-42
5.764500000000000179e-01 7.841964134614823049e-42
5.831300000000000372e-01 7.710825849220659791e-42
5.898900000000000254e-01 7.555461213914322592e-42
5.967299999999999827e-01 7.382716805844902150e-42
6.036399999999999544e-01 7.198912542380795267e-42
6.106399999999999606e-01 7.010895000671090090e-42
6.177200000000000468e-01 6.821824139399986932e-42
6.248799999999999910e-01 6.636439896593780529e-42
6.321200000000000152e-01 6.448422354884076627e-42
6.394499999999999629e-01 6.238285102384996019e-42
6.468599999999999905e-01 6.039207705280603127e-42
6.543600000000000527e-01 5.851716823351598215e-42
6.619399999999999729e-01 5.675285796817282929e-42
6.696199999999999930e-01 5.509914625677654722e-42
6.773799999999999821e-01 5.355076650152017151e-42
6.852300000000000058e-01 5.198079369525510279e-42
6.931699999999999529e-01 5.033498188056931831e-42
7.012100000000000000e-01 4.880082193939182043e-42
7.093300000000000161e-01 4.736830733588931178e-42
7.175599999999999756e-01 4.602743153422851408e-42
7.258700000000000152e-01 4.476976797791822183e-42
7.342899999999999983e-01 4.358636345068655346e-42
7.428000000000000158e-01 4.241401877884957919e-42
7.514100000000000223e-01 4.112844225416221369e-42
7.601200000000000179e-01 3.991291148030788526e-42
7.689300000000000024e-01 3.876005322035678509e-42
7.778399999999999759e-01 3.766302089715983141e-42
7.868600000000000039e-01 3.661707457269072311e-42
7.959800000000000209e-01 3.561642098936176874e-42
8.052000000000000268e-01 3.465790018848876546e-42
8.145400000000000418e-01 3.354138145340593130e-42
8.239800000000000457e-01 3.247436873770883790e-42
8.335299999999999931e-01 3.145528206205540613e-42
8.431899999999999951e-01 3.048201478732281710e-42
8.529600000000000515e-01 2.955298693416898530e-42
8.628500000000000059e-01 2.866503854390971106e-42
8.728500000000000147e-01 2.775391712329966150e-42
8.829700000000000326e-01 2.677380327141798432e-42
8.931999999999999940e-01 2.584530207804485406e-42
9.035600000000000298e-01 2.496683356383816611e-42
9.140300000000000091e-01 2.413629108967513660e-42
9.246299999999999519e-01 2.335156801643295301e-42
9.353399999999999492e-01 2.257053156165566745e-42
9.461800000000000210e-01 2.172576927341374736e-42
9.571499999999999453e-01 2.093577960236457069e-42
9.682500000000000551e-01 2.019687593004324257e-42
9.794699999999999518e-01 1.950642495754626171e-42
9.908200000000000340e-01 1.886074006640873642e-42
1.002299999999999969e+00 1.820820859812211662e-42
1.013900000000000023e+00 1.752987080058122336e-42
1.025700000000000056e+00 1.690103902242608042e-42
1.037600000000000078e+00 1.631749998541108823e-42
1.049600000000000088e+00 1.577556707107134877e-42
1.061800000000000077e+00 1.527260698050337664e-42
1.074100000000000055e+00 1.476438029212840505e-42
1.086500000000000021e+00 1.424193378967455084e-42
1.099099999999999966e+00 1.375951343055385430e-42
1.111799999999999899e+00 1.331290593652071904e-42
1.124700000000000033e+00 1.289947800867165012e-42
1.137799999999999923e+00 1.251606968832245103e-42
1.151000000000000023e+00 1.215899435700822376e-42
1.164299999999999891e+00 1.176083956279943734e-42
1.177799999999999958e+00 1.139270437609052235e-42
1.191500000000000004e+00 1.105248215775867583e-42
1.205300000000000038e+00 1.073701294911970447e-42
1.219200000000000061e+00 1.044419011105081007e-42
1.233400000000000052e+00 1.017190700442919446e-42
1.247700000000000031e+00 9.919110309693459325e-43
1.262100000000000000e+00 9.645247223729743873e-43
1.276799999999999935e+00 9.381917333380019376e-43
1.291500000000000092e+00 9.137020535354772280e-43
1.306499999999999995e+00 8.909503510092610659e-43
1.321700000000000097e+00 8.697259618470731542e-43
1.336999999999999966e+00 8.499762200708438169e-43
1.352500000000000036e+00 8.314904617682930756e-43
1.368200000000000083e+00 8.142160209613510951e-43
1.383999999999999897e+00 7.975735718912484126e-43
1.400099999999999900e+00 7.794038094571173203e-43
1.416299999999999892e+00 7.623926985405251535e-43
1.432700000000000085e+00 7.464875731634017582e-43
1.449300000000000033e+00 7.315831013696073045e-43
1.466099999999999959e+00 7.176266171810717979e-43
1.483100000000000085e+00 7.045654546197254029e-43
1.500299999999999967e+00 6.922942817294282101e-43
1.517700000000000049e+00 6.807077665540403100e-43
1.535300000000000109e+00 6.698585750716316173e-43
1.553099999999999925e+00 6.596413753260622227e-43
1.571099999999999941e+00 6.500035013392622909e-43
1.589299999999999935e+00 6.392069758349235132e-43
1.607699999999999907e+00 6.289371101112842833e-43
1.626300000000000079e+00 6.192465701464143568e-43
1.645199999999999996e+00 6.100826899622438984e-43
1.664299999999999891e+00 6.014981355368428231e-43
1.683599999999999985e+00 5.933349089360013860e-43
1.703100000000000058e+00 5.856983421158593374e-43
1.722800000000000109e+00 5.784304371422069323e-43
1.742799999999999905e+00 5.715838599931140859e-43
1.762999999999999901e+00 5.651059446905108033e-43
1.783400000000000096e+00 5.589440252563272495e-43
1.804100000000000037e+00 5.531507676686332596e-43
1.824999999999999956e+00 5.476735059493589983e-43
1.846100000000000074e+00 5.424595741204343915e-43
1.867499999999999938e+00 5.375089721818595983e-43
1.889199999999999990e+00 5.328217001336344596e-43
1.911100000000000021e+00 5.283977579757590549e-43
1.933200000000000029e+00 5.236999527319199650e-43
1.955699999999999994e+00 5.189020821297479013e-43
1.978299999999999947e+00 5.143517416245047645e-43
2.001199999999999868e+00 5.100489312161902359e-43
2.024399999999999977e+00 5.059725845135764929e-43
2.047899999999999832e+00 5.021121683210495047e-43
2.071600000000000108e+00 4.984518828451883049e-43
2.095699999999999896e+00 4.949864614881858780e-43
2.120000000000000107e+00 4.917106376522353680e-43
2.144499999999999851e+00 4.886033449461086336e-43
2.169399999999999995e+00 4.856645833698055952e-43
2.194500000000000117e+00 4.828838197277125405e-43
2.220000000000000195e+00 4.802557874220222950e-43
2.245699999999999807e+00 4.777752198549278432e-43
2.271700000000000053e+00 4.754263172330082983e-43
2.298099999999999810e+00 4.732143461540705960e-43
2.324699999999999989e+00 4.711235068246937697e-43
2.351599999999999913e+00 4.691590658426848349e-43
2.378899999999999793e+00 4.673052234146227454e-43
2.406499999999999861e+00 4.655619795405075808e-43
2.434400000000000119e+00 4.639188010247253104e-43
2.462600000000000122e+00 4.623809544650828699e-43
2.491099999999999870e+00 4.609379066659664674e-43
2.520000000000000018e+00 4.595896576273757845e-43
2.549199999999999910e+00 4.583256741536971088e-43
2.578800000000000203e+00 4.571459562449303608e-43
2.608699999999999797e+00 4.560557704988824761e-43
2.638900000000000023e+00 4.550393171221325680e-43
2.669500000000000206e+00 4.541018627124875721e-43
2.700400000000000134e+00 4.532381406721404731e-43
2.731700000000000017e+00 4.524481510010912709e-43
2.763399999999999856e+00 4.517266271015330298e-43
2.795399999999999885e+00 4.510735689734656703e-43
2.827799999999999869e+00 4.504837100190823361e-43
2.860599999999999810e+00 4.499517836405758526e-43
2.893800000000000150e+00 4.494830564357533148e-43
2.927299999999999791e+00 4.490722618068077870e-43
2.961199999999999832e+00 4.487141331559321742e-43
2.995499999999999829e+00 4.484086704831264763e-43
3.030299999999999994e+00 4.481611403861977088e-43
3.065399999999999903e+00 4.479557430717249051e-43
3.100900000000000212e+00 4.478030117353220960e-43
3.136899999999999800e+00 4.476976797791821864e-43
3.173200000000000021e+00 4.476344806054982407e-43
3.209999999999999964e+00 4.476186808120772742e-43
3.247199999999999864e+00 4.476502803989192072e-43
3.284899999999999931e+00 4.477187461704101683e-43
3.322900000000000187e+00 4.478346113221641087e-43
3.361400000000000166e+00 4.479873426585669178e-43
3.400399999999999867e+00 4.481769401796186753e-43
3.439799999999999969e+00 4.484034038853195406e-43
3.479699999999999793e+00 4.486667337756691950e-43
3.520000000000000018e+00 4.489669298506678775e-43
3.560799999999999965e+00 4.492987255125085727e-43
3.602100000000000080e+00 4.496673873589981366e-43
3.643899999999999917e+00 4.500623821945227775e-43
3.686100000000000154e+00 4.504889766168892718e-43
3.728800000000000114e+00 4.509419040282908431e-43
3.771999999999999797e+00 4.514211644287273320e-43
3.815799999999999859e+00 4.519320244160058336e-43
3.859999999999999876e+00 4.524692173923192528e-43
3.904700000000000060e+00 4.530327433576676693e-43
3.950000000000000178e+00 4.536173357142440678e-43
3.995800000000000018e+00 4.542335276576623993e-43
4.042099999999999582e+00 4.548655193945017769e-43
4.088899999999999757e+00 4.555238441203760723e-43
4.136300000000000310e+00 4.562085018352853649e-43
4.184300000000000352e+00 4.569089593436155443e-43
4.232800000000000118e+00 4.576252166453668497e-43
4.281900000000000261e+00 4.583678069361530726e-43
4.331500000000000128e+00 4.591209304225532467e-43
4.381700000000000372e+00 4.598898537023744669e-43
4.432500000000000107e+00 4.606798433734236691e-43
4.483900000000000219e+00 4.614750996422798070e-43
4.535800000000000054e+00 4.622914223023640065e-43
4.588400000000000034e+00 4.631130115602551417e-43
4.641600000000000392e+00 4.639451340137603077e-43
4.695400000000000240e+00 4.647825230650724094e-43
4.749799999999999578e+00 4.656304453119985419e-43
4.804899999999999949e+00 4.664889007545386255e-43
4.860599999999999810e+00 4.673578893926927400e-43
4.916900000000000048e+00 4.682268780308467747e-43
4.973900000000000432e+00 4.691011332668079045e-43
5.031500000000000306e+00 4.699806551005759701e-43
5.089900000000000091e+00 4.708601769343440356e-43
5.148900000000000254e+00 4.717396987681121012e-43
5.208499999999999908e+00 4.726192206018802464e-43
5.268900000000000361e+00 4.734934758378412965e-43
5.330000000000000071e+00 4.743624644759954109e-43
5.391799999999999926e+00 4.752261865163425100e-43
5.454299999999999926e+00 4.760846419588826733e-43
5.517500000000000071e+00 4.769272976080017107e-43
5.581400000000000361e+00 4.777594200615068767e-43
5.646099999999999675e+00 4.785757427215909965e-43
5.711599999999999788e+00 4.793762655882542295e-43
5.777800000000000047e+00 4.801557220636894009e-43
5.844800000000000217e+00 4.809141121478965903e-43
5.912499999999999645e+00 4.816567024386828133e-43
5.980999999999999872e+00 4.823729597404340389e-43
6.050399999999999778e+00 4.830628840531503469e-43
6.120499999999999829e+00 4.837317419746386730e-43
6.191399999999999793e+00 4.843637337114779710e-43
6.263200000000000323e+00 4.849693924592823514e-43
6.335799999999999876e+00 4.855329184246307680e-43
6.409200000000000230e+00 4.860648448031371718e-43
6.483500000000000263e+00 4.865493718013806761e-43
6.558699999999999974e+00 4.869917660171682962e-43
6.634699999999999598e+00 4.873920274504998729e-43
6.711599999999999788e+00 4.877343563079544395e-43
6.789399999999999658e+00 4.880292857851461066e-43
6.868100000000000094e+00 4.882610160886539076e-43
6.947700000000000209e+00 4.884348138162846986e-43
7.028200000000000003e+00 4.885401457724246082e-43
7.109700000000000131e+00 4.885822785548805720e-43
7.192099999999999937e+00 4.885506789680386390e-43
7.275500000000000078e+00 4.884453470118987294e-43
7.359799999999999898e+00 4.882662826864609230e-43
7.445100000000000051e+00 4.880029527961111890e-43
7.531399999999999650e+00 4.876553573408495273e-43
7.618699999999999584e+00 4.872182297228690022e-43
7.706999999999999851e+00 4.866915699421695341e-43
7.796400000000000219e+00 4.860595782053302361e-43
7.886700000000000266e+00 4.853275211101579642e-43
7.978100000000000414e+00 4.844848654610388471e-43
8.070600000000000662e+00 4.835263446601658693e-43
8.164199999999999235e+00 4.824466921097319358e-43
8.258800000000000807e+00 4.812353746141231751e-43
8.354499999999999815e+00 4.798871255755326514e-43
8.451399999999999579e+00 4.783966783961532698e-43
8.549300000000000566e+00 4.767587664781779351e-43
8.648400000000000531e+00 4.749733898216068067e-43
8.748699999999999477e+00 4.730247486330188384e-43
8.850099999999999412e+00 4.709128429124140302e-43
8.952700000000000102e+00 4.686429392575993975e-43
9.056400000000000006e+00 4.661992378751539738e-43
9.161400000000000432e+00 4.097202429929447469e-43
9.267599999999999838e+00 2.023426877447290529e-43
9.375000000000000000e+00 1.151067616696719915e-43
9.483700000000000685e+00 7.208392418433384020e-44
9.593600000000000350e+00 4.944018691316095592e-44
9.704800000000000537e+00 3.615361396567520531e-44
9.817299999999999471e+00 2.755220642729177334e-44
9.931100000000000705e+00 2.182109469372034898e-44
1.004599999999999937e+01 1.788483949277265135e-44
1.016300000000000026e+01 1.502244358467113695e-44
1.027999999999999936e+01 1.286998506095248002e-44
1.040000000000000036e+01 1.129790561556462118e-44
1.051999999999999957e+01 1.011292110899085651e-44
1.064199999999999946e+01 9.194953111231712528e-45
1.076500000000000057e+01 8.523461890839913587e-45
1.089000000000000057e+01 8.055261345798101999e-45
1.101600000000000001e+01 7.713459148124158227e-45
1.114400000000000013e+01 7.527548245537251221e-45
1.127299999999999969e+01 7.493842019572486885e-45
1.140399999999999991e+01 7.647100015756027156e-45
1.153599999999999959e+01 8.025768398078931804e-45
1.166999999999999993e+01 8.621947269830710101e-45
1.180499999999999972e+01 9.726879489738158692e-45
1.194200000000000017e+01 1.148960977573922122e-44
1.208000000000000007e+01 1.445154438239293222e-44
1.222000000000000064e+01 1.866640260733063785e-44
1.236200000000000010e+01 2.040069326517392903e-44
1.250500000000000078e+01 1.596569125190385325e-44
1.265000000000000036e+01 1.062641439517282099e-44
1.279700000000000060e+01 7.238938685713952314e-45
1.294500000000000028e+01 5.252325326937553553e-45
1.309500000000000064e+01 3.971383408320349230e-45
1.324699999999999989e+01 3.127358443771409382e-45
1.340099999999999980e+01 2.533760204945058072e-45
1.355599999999999916e+01 2.099845211626780684e-45
1.371299999999999919e+01 1.773579477483470522e-45
1.387199999999999989e+01 1.519729463186335420e-45
1.403299999999999947e+01 1.311119524051282927e-45
1.419599999999999973e+01 1.147749660078313355e-45
1.435999999999999943e+01 1.014294071649072364e-45
1.452699999999999925e+01 8.995349054346621449e-46
1.469500000000000028e+01 8.086860932640068019e-46
1.486500000000000021e+01 7.254211819354235901e-46
1.503800000000000026e+01 6.593253794576425426e-46
1.521199999999999974e+01 5.980748469622964074e-46
1.538799999999999990e+01 5.476735059493589678e-46
1.556700000000000017e+01 5.026546278951699363e-46
1.574699999999999989e+01 4.625126194102578010e-46
1.592999999999999972e+01 4.296069163121561278e-46
1.611400000000000077e+01 3.969540099087901715e-46
1.630099999999999838e+01 3.694465695628577427e-46
1.648999999999999844e+01 3.463525381791869106e-46
1.668100000000000094e+01 3.226317816564836279e-46
1.687399999999999878e+01 3.025818438052555108e-46
1.707000000000000028e+01 2.854917339215583455e-46
1.726800000000000068e+01 2.685596219720709839e-46
1.746799999999999997e+01 2.531969561690680142e-46
1.767000000000000171e+01 2.399251296954418624e-46
1.787500000000000000e+01 2.283807473025098672e-46
1.808200000000000074e+01 2.161727735858965956e-46
1.829200000000000159e+01 2.054394472552417637e-46
1.850400000000000134e+01 1.960227703763356067e-46
1.871900000000000119e+01 1.877068124390912724e-46
1.893599999999999994e+01 1.793223887303560116e-46
1.915500000000000114e+01 1.713592928461803438e-46
1.937699999999999889e+01 1.642915185891937190e-46
1.960200000000000031e+01 1.579821344164142840e-46
1.982900000000000063e+01 1.523258083717021891e-46
2.005900000000000105e+01 1.466273495445341349e-46
2.029100000000000037e+01 1.410500224669269224e-46
2.052599999999999980e+01 1.360362213546681535e-46
2.076399999999999935e+01 1.315069472406528680e-46
2.100499999999999901e+01 1.274042675490041535e-46
2.124800000000000111e+01 1.236755163016520561e-46
2.149500000000000099e+01 1.199678314455279091e-46
2.174399999999999977e+01 1.161916808179128550e-46
2.199599999999999866e+01 1.127525924499454364e-46
2.225100000000000122e+01 1.096084335591697136e-46
2.250900000000000034e+01 1.067381377543576971e-46
2.276999999999999957e+01 1.040995722530534471e-46
2.303399999999999892e+01 1.016716706640289937e-46
2.330099999999999838e+01 9.943863319386332529e-47
2.357100000000000151e+01 9.708446397413677632e-47
2.384400000000000119e+01 9.476716093905918931e-47
2.412000000000000099e+01 9.262892222941941479e-47
2.439999999999999858e+01 9.065394805179648016e-47
2.468299999999999983e+01 8.882643861276939339e-47
2.496900000000000119e+01 8.713586071672415007e-47
2.525799999999999912e+01 8.556641457023978733e-47
2.555099999999999838e+01 8.411283357550929811e-47
2.584700000000000131e+01 8.275931793911170982e-47
2.614699999999999847e+01 8.150060106324002511e-47
2.644999999999999929e+01 8.032614975228024930e-47
2.675600000000000023e+01 7.905689968079457962e-47
2.706700000000000017e+01 7.781398259834386750e-47
2.737999999999999901e+01 7.666059767861207134e-47
2.769800000000000040e+01 7.559147832379219380e-47
2.801899999999999835e+01 7.459082474046322341e-47
2.834299999999999997e+01 7.365863692862519904e-47
2.867200000000000060e+01 7.279491488827810126e-47
2.900400000000000134e+01 7.198385882600094775e-47
2.933999999999999986e+01 7.123600193740773321e-47
2.968100000000000094e+01 7.053554442907745587e-47
3.002499999999999858e+01 6.988248630101014491e-47
3.037300000000000111e+01 6.927682755320577116e-47
3.072500000000000142e+01 6.871856818566435407e-47
3.108099999999999952e+01 6.819717500277189894e-47
3.144099999999999895e+01 6.771264800452840577e-47
3.180600000000000094e+01 6.726498719093386485e-47
3.217399999999999949e+01 6.684892596418129826e-47
3.254699999999999704e+01 6.646973092207769365e-47
3.292399999999999949e+01 6.612213546681605365e-47
3.330599999999999739e+01 6.580087300058939066e-47
3.369200000000000017e+01 6.550594352339769494e-47
3.408299999999999841e+01 6.524261363304797356e-47
3.447800000000000153e+01 6.500035013392623184e-47
3.487700000000000244e+01 6.475282003699748305e-47
3.528199999999999648e+01 6.452108973348972630e-47
3.568999999999999773e+01 6.431569241901694654e-47
3.610399999999999920e+01 6.413136149577212699e-47
3.652300000000000324e+01 6.397863015936930123e-47
3.694599999999999795e+01 6.385223181200143303e-47
3.737400000000000233e+01 6.374689985586153475e-47
3.780700000000000216e+01 6.366263429094961613e-47
3.824600000000000222e+01 6.360470171507268424e-47
3.868900000000000006e+01 6.357310212823071962e-47
3.913700000000000045e+01 6.355730233480973731e-47
3.959100000000000108e+01 6.356256893261672493e-47
4.004999999999999716e+01 6.358890192165169220e-47
4.051400000000000290e+01 6.363630130191464886e-47
4.098400000000000176e+01 6.370476707340558517e-47
4.145900000000000318e+01 6.378903263831748434e-47
4.193900000000000006e+01 6.389436459445738261e-47
4.242600000000000193e+01 6.402076294182525082e-47
4.291700000000000159e+01 6.416296108261410133e-47
4.341499999999999915e+01 6.432622561463093150e-47
4.391799999999999926e+01 6.450528994006874398e-47
4.442699999999999960e+01 6.470542065673453612e-47
4.494200000000000017e+01 6.492135116682131057e-47
4.546300000000000097e+01 6.511621528568010536e-47
4.599000000000000199e+01 6.532161260015289484e-47
4.652300000000000324e+01 6.554280970804666663e-47
4.706199999999999761e+01 6.577454001155442338e-47
4.760799999999999699e+01 6.602733670629015007e-47
4.815999999999999659e+01 6.629066659663989089e-47
4.871800000000000352e+01 6.656452968260359723e-47
4.928199999999999648e+01 6.685945915979528323e-47
4.985399999999999920e+01 6.716492183260097364e-47
5.043200000000000216e+01 6.748618429882763664e-47
5.101599999999999824e+01 6.782324655847528194e-47
5.160699999999999932e+01 6.817084201373692194e-47
5.220600000000000307e+01 6.853950386022653186e-47
5.281099999999999994e+01 6.891869890233014620e-47
5.342300000000000182e+01 6.930842714004773578e-47
5.404200000000000159e+01 6.971922176899330502e-47
5.466899999999999693e+01 7.014581619135986629e-47
5.530199999999999960e+01 7.058294380934040280e-47
5.594299999999999784e+01 7.103587122074194107e-47
5.659199999999999875e+01 7.150986502337143955e-47
5.724799999999999756e+01 7.199439202161494244e-47
5.791100000000000136e+01 7.249471881327940819e-47
5.858200000000000074e+01 7.301084539836487570e-47
5.926200000000000045e+01 7.354803837467832287e-47
5.994800000000000040e+01 7.409576454660574527e-47
6.064300000000000068e+01 7.466455710976114734e-47
6.134599999999999653e+01 7.524388286853055381e-47
6.205700000000000216e+01 7.584427501852792049e-47
6.277700000000000102e+01 7.646573355975327655e-47
6.350399999999999778e+01 7.709772529659260786e-47
6.423999999999999488e+01 7.775078342465993826e-47
6.498499999999999943e+01 7.842490794395522887e-47
6.573799999999999955e+01 7.911483225667151152e-47
6.650000000000000000e+01 7.982582296061576410e-47
6.727100000000000080e+01 8.045781469745511485e-47
6.805100000000000193e+01 8.106874004306647622e-47
6.884000000000000341e+01 8.169019858429183228e-47
6.963700000000000045e+01 8.232745691893816092e-47
7.044499999999999318e+01 8.298578164481247895e-47
7.126099999999999568e+01 8.365463956630078194e-47
7.208700000000000330e+01 8.433929728121006724e-47
7.292300000000000182e+01 8.503975478954032513e-47
7.376800000000000068e+01 8.575601209129158478e-47
7.462300000000000466e+01 8.649333578427081435e-47
7.548799999999999955e+01 8.724119267286403862e-47
7.636299999999999955e+01 8.801011595268523282e-47
7.724800000000000466e+01 8.879483902592742877e-47
7.814400000000000546e+01 8.960062849039757521e-47
7.904900000000000659e+01 9.042221774828873313e-47
7.996599999999999397e+01 9.125960679960084419e-47
8.089199999999999591e+01 9.211806224214094462e-47
8.182999999999999829e+01 9.299758407590903444e-47
8.277899999999999636e+01 9.389290570309811629e-47
8.373799999999999955e+01 9.480929372151514862e-47
8.470900000000000318e+01 9.574674813116017034e-47
8.569100000000000250e+01 9.670000233422616463e-47
8.668399999999999750e+01 9.767958952632714566e-47
8.768899999999999295e+01 9.868024310965611606e-47
8.870499999999999829e+01 9.951236556316124922e-47
8.973300000000000409e+01 1.003550212122803576e-46
9.077299999999999613e+01 1.012187432526274554e-46
9.182500000000000284e+01 1.021035316842025426e-46
9.289000000000000057e+01 1.029988533113916050e-46
9.396599999999999397e+01 1.039152413298086567e-46
9.505599999999999739e+01 1.048474291416466811e-46
9.615699999999999648e+01 1.057954167469056975e-46
9.727200000000000557e+01 1.067644707433926838e-46
9.840000000000000568e+01 1.077493245333006622e-46
9.954000000000000625e+01 1.087552447144366105e-46
1.006899999999999977e+02 1.097822312868005287e-46
1.018599999999999994e+02 1.108250176525854390e-46
1.030400000000000063e+02 1.118941370074053360e-46
1.042399999999999949e+02 1.129790561556462056e-46
1.054399999999999977e+02 1.140850416951150451e-46
1.066700000000000017e+02 1.152120936258118934e-46
1.079000000000000057e+02 1.163654785455436895e-46
1.091500000000000057e+02 1.175346632586964583e-46
1.104200000000000017e+02 1.187301809608842138e-46
1.117000000000000028e+02 1.199520316521069365e-46
1.129899999999999949e+02 1.211949487345576292e-46
1.142999999999999972e+02 1.223114674696404634e-46
1.156299999999999955e+02 1.233595204332323710e-46
1.169699999999999989e+02 1.244286397880522680e-46
1.183199999999999932e+02 1.255135589362931375e-46
1.197000000000000028e+02 1.266195444757619965e-46
1.210799999999999983e+02 1.277465964064588059e-46
1.224899999999999949e+02 1.288894481305766074e-46
1.239099999999999966e+02 1.300586328437293956e-46
1.253400000000000034e+02 1.312436173503031564e-46
1.267999999999999972e+02 1.324496682481049065e-46
1.282599999999999909e+02 1.336820521349416239e-46
1.297500000000000000e+02 1.349355024130063113e-46
1.312599999999999909e+02 1.362100190822989686e-46
1.327800000000000011e+02 1.375056021428196347e-46
1.343199999999999932e+02 1.388327847901822460e-46
1.358700000000000045e+02 1.401757672309658493e-46
1.374499999999999886e+02 1.415503492585914173e-46
1.390399999999999920e+02 1.429459976774449552e-46
1.406500000000000057e+02 1.443732456831404577e-46
1.422800000000000011e+02 1.458268266778709663e-46
1.439300000000000068e+02 1.473014740638294255e-46
1.455999999999999943e+02 1.488129876344368466e-46
1.472899999999999920e+02 1.502823684225883084e-46
1.490000000000000000e+02 1.515568850918809657e-46
1.507199999999999989e+02 1.528472015545946345e-46
1.524699999999999989e+02 1.541691176041502484e-46
1.542400000000000091e+02 1.555068334471268544e-46
1.560200000000000102e+02 1.568708822791384471e-46
1.578300000000000125e+02 1.582612641001849877e-46
1.596599999999999966e+02 1.596727123124595176e-46
1.615099999999999909e+02 1.611157601115760121e-46
1.633899999999999864e+02 1.625798743019204960e-46
1.652800000000000011e+02 1.640755880791069251e-46
1.671899999999999977e+02 1.655923682475213436e-46
1.691299999999999955e+02 1.671407480027777266e-46
1.710900000000000034e+02 1.687207273448760743e-46
1.730800000000000125e+02 1.703270396760094088e-46
1.750800000000000125e+02 1.719649515939847078e-46
1.771100000000000136e+02 1.736344630988019715e-46
1.791699999999999875e+02 1.753408407882681971e-46
1.812400000000000091e+02 1.770735514667693511e-46
1.833400000000000034e+02 1.788431283299195255e-46
1.854699999999999989e+02 1.806443047799116450e-46
1.876200000000000045e+02 1.824823474145527070e-46
1.897899999999999920e+02 1.843572562338427504e-46
1.919900000000000091e+02 1.860215011408530167e-46
1.942199999999999989e+02 1.876014804829513644e-46
1.964699999999999989e+02 1.892183260096986935e-46
1.987500000000000000e+02 1.908562379276740120e-46
2.010500000000000114e+02 1.925310160302982341e-46
2.033799999999999955e+02 1.942373937197644792e-46
2.057400000000000091e+02 1.959701043982656721e-46
2.081200000000000045e+02 1.977396812614158076e-46
2.105300000000000011e+02 1.995461243092149244e-46
2.129699999999999989e+02 2.013841669438560253e-46
2.154399999999999977e+02 2.032538091653390714e-46
2.179399999999999977e+02 2.051655841692780962e-46
2.204699999999999989e+02 2.071089587600590662e-46
2.230200000000000102e+02 2.090944661332960150e-46
2.256100000000000136e+02 2.111221062889888647e-46
2.282199999999999989e+02 2.131866126293307348e-46
2.308700000000000045e+02 2.152932517521285447e-46
2.335399999999999920e+02 2.174420236573822944e-46
2.362500000000000000e+02 2.196329283450919841e-46
2.389900000000000091e+02 2.218712324130646498e-46
2.417599999999999909e+02 2.241569358613002916e-46
2.445600000000000023e+02 2.264900386897988318e-46
2.474000000000000057e+02 2.287020097687365497e-46
2.502599999999999909e+02 2.306769839463595037e-46
2.531599999999999966e+02 2.326888243086314003e-46
2.561000000000000227e+02 2.347375308555522395e-46
2.590699999999999932e+02 2.368283701849290573e-46
2.620699999999999932e+02 2.389613422967618539e-46
2.651100000000000136e+02 2.411311805932435542e-46
2.681800000000000068e+02 2.433484182699882694e-46
2.712900000000000205e+02 2.456077887291889245e-46
2.744300000000000068e+02 2.479145585686525169e-46
2.776200000000000045e+02 2.502634611905720490e-46
2.808299999999999841e+02 2.526650297905615547e-46
2.840899999999999750e+02 2.551139977708140364e-46
2.873799999999999955e+02 2.576103651313294164e-46
2.907099999999999795e+02 2.601593984699147699e-46
2.940799999999999841e+02 2.627663643843770553e-46
2.974900000000000091e+02 2.654207296791022779e-46
3.009399999999999977e+02 2.681330275497044324e-46
3.044300000000000068e+02 2.709085245939905161e-46
3.079599999999999795e+02 2.737366876163465733e-46
3.115299999999999727e+02 2.766280498123865986e-46
3.151399999999999864e+02 2.795826111821105142e-46
3.187900000000000205e+02 2.823107088461336218e-46
3.224800000000000182e+02 2.848123428044560381e-46
3.262200000000000273e+02 2.873666427408483889e-46
3.300000000000000000e+02 2.899736086553106743e-46
3.338299999999999841e+02 2.926279739500358969e-46
3.376999999999999886e+02 2.953402718206380514e-46
3.416100000000000136e+02 2.981052356693101793e-46
3.455699999999999932e+02 3.009281320938592391e-46
3.495799999999999841e+02 3.038089610942852309e-46
3.536299999999999955e+02 3.067477226705881545e-46
3.577300000000000182e+02 3.097496834205750462e-46
3.618700000000000045e+02 3.128148433442458283e-46
3.660699999999999932e+02 3.159432024416005786e-46
3.703100000000000023e+02 3.191400273104462554e-46
3.746100000000000136e+02 3.224053179507828588e-46
3.789499999999999886e+02 3.257390743626103499e-46
3.833399999999999750e+02 3.291412965459288065e-46
3.877799999999999727e+02 3.326225176963521843e-46
3.922799999999999727e+02 3.361774712160734861e-46
3.968199999999999932e+02 3.398114237028997091e-46
4.014200000000000159e+02 3.435296417546378119e-46
4.060799999999999841e+02 3.471741274370780297e-46
4.107799999999999727e+02 3.503288195234677277e-46
4.155500000000000114e+02 3.535467107835413939e-46
4.203600000000000136e+02 3.568278012172989505e-46
4.252300000000000182e+02 3.601826240203544698e-46
4.301600000000000250e+02 3.636059125949009547e-46
4.351499999999999773e+02 3.670976669409382494e-46
4.401899999999999977e+02 3.706631536562735070e-46
4.453000000000000114e+02 3.743076393387137248e-46
4.504599999999999795e+02 3.780258573904518275e-46
4.556800000000000068e+02 3.818230744092948905e-46
4.609599999999999795e+02 3.856992903952428358e-46
4.663000000000000114e+02 3.896650385439097360e-46
4.717099999999999795e+02 3.937150522574885159e-46
4.771800000000000068e+02 3.978493315359791756e-46
4.827099999999999795e+02 4.020784095749957874e-46
4.883000000000000114e+02 4.063970197767312763e-46
4.939599999999999795e+02 4.108156953367996370e-46
4.996899999999999977e+02 4.153291696573939499e-46
5.054800000000000182e+02 4.199479759341281318e-46
5.113399999999999750e+02 4.246668475691951856e-46
5.172699999999999818e+02 4.290644567380356346e-46
5.232599999999999909e+02 4.330776042669655109e-46
5.293300000000000409e+02 4.371750173608071891e-46
5.354600000000000364e+02 4.413514294217538275e-46
5.416699999999999591e+02 4.456226402432263404e-46
5.479500000000000455e+02 4.499781166296108885e-46
5.542999999999999545e+02 4.544283917765212332e-46
5.607200000000000273e+02 4.589787322817644497e-46
5.672200000000000273e+02 4.636186049497266210e-46
5.737999999999999545e+02 4.683638095738286615e-46
5.804500000000000455e+02 4.732090795562635737e-46
5.871799999999999500e+02 4.781596814948385106e-46
5.939800000000000182e+02 4.832208819873601584e-46
6.008700000000000045e+02 4.883979476316358255e-46
6.078300000000000409e+02 4.936803452320512062e-46
6.148799999999999955e+02 4.990891411798346787e-46
6.220000000000000000e+02 5.046138022793718594e-46
6.292100000000000364e+02 5.102701283240839737e-46
6.365099999999999909e+02 5.160475861183569492e-46
6.438899999999999864e+02 5.219619754556118557e-46
6.513500000000000227e+02 5.277657662389197401e-46
6.588999999999999773e+02 5.327690341555644948e-46
6.665399999999999636e+02 5.379303000064190921e-46
6.742599999999999909e+02 5.431442318353436629e-46
6.820800000000000409e+02 5.485161615984780762e-46
6.899800000000000182e+02 5.539934233177524364e-46
6.979800000000000182e+02 5.595760169931665879e-46
7.060700000000000500e+02 5.653166086027905820e-46
7.142599999999999909e+02 5.711098661904844717e-46
7.225299999999999727e+02 5.770611217123883596e-46
7.309099999999999682e+02 5.831703751685020122e-46
7.393799999999999955e+02 5.893849605807555339e-46
7.479500000000000455e+02 5.957575439272188204e-46
7.566200000000000045e+02 6.022881252078920272e-46
7.653899999999999864e+02 6.089240384447051031e-46
7.742599999999999909e+02 6.157179496157280215e-46
7.832400000000000091e+02 6.226698587209607826e-46
7.923200000000000500e+02 6.297797657604033861e-46
8.015000000000000000e+02 6.370476707340557544e-46
8.107899999999999636e+02 6.445262396199880165e-46
8.201900000000000546e+02 6.515834806813605689e-46
8.297000000000000455e+02 6.579560640278240109e-46
8.393099999999999454e+02 6.644339793304272443e-46
8.490399999999999636e+02 6.710172265891703468e-46
8.588799999999999955e+02 6.777584717821232918e-46
8.688400000000000318e+02 6.846577149092860793e-46
8.789099999999999682e+02 6.917149559706587872e-46
8.891000000000000227e+02 6.989301949662412599e-46
8.993999999999999773e+02 7.063034318960336529e-46
9.098300000000000409e+02 7.138346667600358107e-46
9.203700000000000045e+02 7.215238995582477332e-46
9.310399999999999636e+02 7.293711302906694205e-46
9.418300000000000409e+02 7.373763589573011837e-46
9.527500000000000000e+02 7.455922515362126851e-46
9.637899999999999636e+02 7.540188080274037691e-46
9.749600000000000364e+02 7.626033624528049291e-46
9.862699999999999818e+02 7.713985807904856716e-46
9.977000000000000455e+02 7.804044630404463080e-46
1.009299999999999955e+03 7.896210092026866826e-46
1.021000000000000000e+03 7.990482192772069509e-46
1.032799999999999955e+03 8.071587798999785054e-46
1.044799999999999955e+03 8.151640085666099575e-46
1.056900000000000091e+03 8.233272351674516410e-46
1.069099999999999909e+03 8.317011256805727516e-46
1.081500000000000000e+03 8.402856801059737560e-46
1.094099999999999909e+03 8.489755664875147073e-46
1.106700000000000045e+03 8.579287827594053702e-46
1.119599999999999909e+03 8.670399969655059534e-46
1.132500000000000000e+03 8.763618750838862749e-46
1.145700000000000045e+03 8.858944171145463346e-46
1.158900000000000091e+03 8.956376230574861324e-46
1.172400000000000091e+03 9.055914929127058241e-46
1.186000000000000000e+03 9.157560266802050984e-46
1.199700000000000045e+03 9.261838903380543955e-46
1.213599999999999909e+03 9.368750838862532487e-46
1.227700000000000045e+03 9.477769413467318400e-46
1.241900000000000091e+03 9.589421286975601431e-46
1.256299999999999955e+03 9.703179799606683399e-46
1.270900000000000091e+03 9.820098270921962218e-46
1.285599999999999909e+03 9.926483546623249459e-46
1.300500000000000000e+03 1.002602224517544638e-45
1.315599999999999909e+03 1.012766758285043912e-45
1.330799999999999955e+03 1.023141955964823236e-45
1.346299999999999955e+03 1.033780483534952115e-45
1.361900000000000091e+03 1.044629675017360733e-45
1.377700000000000045e+03 1.055689530412049245e-45
1.393599999999999909e+03 1.067012715697087468e-45
1.409799999999999955e+03 1.078599230872475403e-45
1.426099999999999909e+03 1.090449075938213050e-45
1.442599999999999909e+03 1.102562250894300408e-45
1.459400000000000091e+03 1.114938755740737478e-45
1.476299999999999955e+03 1.127631256455594389e-45
1.493400000000000091e+03 1.140587087060800856e-45
1.510700000000000045e+03 1.153806247556356878e-45
1.528200000000000045e+03 1.167394069898402871e-45
1.545900000000000091e+03 1.181245222130798420e-45
1.563799999999999955e+03 1.195465036209683471e-45
1.582000000000000000e+03 1.210000846156988363e-45
1.600299999999999955e+03 1.223325338608684489e-45
1.618900000000000091e+03 1.235701843455121559e-45
1.637599999999999909e+03 1.248394344169978469e-45
1.656599999999999909e+03 1.261297508797114962e-45
1.675799999999999955e+03 1.274516669292671141e-45
1.695200000000000045e+03 1.287999159678577031e-45
1.714900000000000091e+03 1.301797645932902606e-45
1.734799999999999955e+03 1.315912128055648022e-45
1.754900000000000091e+03 1.330342606046812967e-45
1.775200000000000045e+03 1.345089079906397442e-45
1.795799999999999955e+03 1.360151549634401758e-45
1.816599999999999909e+03 1.375582681208895732e-45
1.837700000000000045e+03 1.391329808651809235e-45
1.859000000000000000e+03 1.407498263919282526e-45
1.880500000000000000e+03 1.423982715055175347e-45
1.902299999999999955e+03 1.440888494015627644e-45
1.924400000000000091e+03 1.458162934822569600e-45
1.946700000000000045e+03 1.475858703454071343e-45
1.969200000000000045e+03 1.493975799910132251e-45
1.992000000000000000e+03 1.510196921155675360e-45
2.015099999999999909e+03 1.525628052730169335e-45
2.038500000000000000e+03 1.541427846151152967e-45
2.062099999999999909e+03 1.557543635440556129e-45
2.086000000000000000e+03 1.573975420598378821e-45
2.110199999999999818e+03 1.590828533580761300e-45
2.134699999999999818e+03 1.607997642431563309e-45
2.159400000000000091e+03 1.625588079106925105e-45
2.184400000000000091e+03 1.643599843606846378e-45
2.209800000000000182e+03 1.661980269953257309e-45
2.235400000000000091e+03 1.680782024124227406e-45
2.261300000000000182e+03 1.700057772097827419e-45
2.287500000000000000e+03 1.719702181917917091e-45
2.314000000000000000e+03 1.739873251518705874e-45
2.340800000000000182e+03 1.760465648944054446e-45
2.368000000000000000e+03 1.781532040172032623e-45
2.395400000000000091e+03 1.803125091180709912e-45
2.423199999999999818e+03 1.825244801970086935e-45
2.451300000000000182e+03 1.847838506562093564e-45
2.479699999999999818e+03 1.866956256601483190e-45
2.508400000000000091e+03 1.886232004575083203e-45
2.537500000000000000e+03 1.905929080373243004e-45
2.566900000000000091e+03 1.926047483995961970e-45
2.596699999999999818e+03 1.946587215443240412e-45
2.626800000000000182e+03 1.967600940693148460e-45
2.657199999999999818e+03 1.989088659745686113e-45
2.688000000000000000e+03 2.011050372600853061e-45
2.719199999999999818e+03 2.033538745236719743e-45
2.750699999999999818e+03 2.056501111675215719e-45
2.782599999999999909e+03 2.079990137894411118e-45
2.814800000000000182e+03 2.104005823894306252e-45
2.847400000000000091e+03 2.128600835652970628e-45
2.880400000000000091e+03 2.153775173170404244e-45
2.913800000000000182e+03 2.179528836446607413e-45
2.947599999999999909e+03 2.205914491459650263e-45
2.981800000000000182e+03 2.232879472231461732e-45
3.016300000000000182e+03 2.260529110718183322e-45
3.051300000000000182e+03 2.287125429643505132e-45
3.086699999999999818e+03 2.310667121840770661e-45
3.122400000000000091e+03 2.334735473818735924e-45
3.158599999999999909e+03 2.359330485577399988e-45
3.195199999999999818e+03 2.384504823094833604e-45
3.232300000000000182e+03 2.410205820392966955e-45
3.269699999999999818e+03 2.436486143449869858e-45
3.307599999999999909e+03 2.463345792265541692e-45
3.346000000000000000e+03 2.490784766839983077e-45
3.384800000000000182e+03 2.518908399129333651e-45
3.424000000000000000e+03 2.547611357177453777e-45
3.463699999999999818e+03 2.576998972940483091e-45
3.503800000000000182e+03 2.607071246418421593e-45
3.544500000000000000e+03 2.637828177611269905e-45
3.585500000000000000e+03 2.669322432497096912e-45
3.627099999999999909e+03 2.701554011075903548e-45
3.669099999999999909e+03 2.734522913347688878e-45
3.711699999999999818e+03 2.768334471268593472e-45
3.754699999999999818e+03 2.802883352882477694e-45
3.798199999999999818e+03 2.833166290272696090e-45
3.842199999999999818e+03 2.862606572013794911e-45
3.886800000000000182e+03 2.892731511469803542e-45
3.931800000000000182e+03 2.923488442662651854e-45
3.977400000000000091e+03 2.954982697548478862e-45
4.023500000000000000e+03 2.987108944171145550e-45
4.070099999999999909e+03 3.019972514486791556e-45
4.117300000000000182e+03 3.053626074473485763e-45
4.165000000000000000e+03 3.087964292175090403e-45
4.213300000000000182e+03 3.123145165525813995e-45
4.262199999999999818e+03 3.159116028547585789e-45
4.311600000000000364e+03 3.195876881240407652e-45
4.361500000000000000e+03 3.233533055560418596e-45
4.412100000000000364e+03 3.272084551507618623e-45
4.463199999999999818e+03 3.311478703103937602e-45
4.515000000000000000e+03 3.351873508283585298e-45
4.567300000000000182e+03 3.393163635090422077e-45
4.620199999999999818e+03 3.435507081458658324e-45
4.673800000000000182e+03 3.476270548484795057e-45
4.728000000000000000e+03 3.512346743462708354e-45
4.782800000000000182e+03 3.549212928111669852e-45
4.838199999999999818e+03 3.586921768409750303e-45
4.894300000000000182e+03 3.625420598378880200e-45
4.951000000000000000e+03 3.664814749975198557e-45
5.008399999999999636e+03 3.705104223198706618e-45
5.066500000000000000e+03 3.746236352071333632e-45
5.125199999999999818e+03 3.788369134527290608e-45
5.184600000000000364e+03 3.831397238610435421e-45
5.244699999999999818e+03 3.875425996276908952e-45
5.305500000000000000e+03 3.920508073504782574e-45
5.367000000000000000e+03 3.966590804315984291e-45
5.429199999999999818e+03 4.013779520666654984e-45
5.492100000000000364e+03 4.062074222556794653e-45
5.555800000000000182e+03 4.111474909986403297e-45
5.620199999999999818e+03 4.162086914911620552e-45
5.685300000000000182e+03 4.213857571354376290e-45
5.751199999999999818e+03 4.266892211270811391e-45
5.817899999999999636e+03 4.312079620454824026e-45
5.885300000000000182e+03 4.357267029638836662e-45
5.953500000000000000e+03 4.403455092406178637e-45
6.022500000000000000e+03 4.450643808756849330e-45
6.092300000000000182e+03 4.498938510646988998e-45
6.163000000000000000e+03 4.548233866120458007e-45
6.234399999999999636e+03 4.598687873111464875e-45
6.306699999999999818e+03 4.650300531620011471e-45
6.379800000000000182e+03 4.703019175668026419e-45
6.453699999999999818e+03 4.757001803189720109e-45
6.528500000000000000e+03 4.812195748207022409e-45
6.604199999999999818e+03 4.868706342676074201e-45
6.680699999999999818e+03 4.926480920618803489e-45
6.758199999999999818e+03 4.985624813991351154e-45
6.836500000000000000e+03 5.046190688771788568e-45
6.915800000000000182e+03 5.108178544960113864e-45
6.995899999999999636e+03 5.171641048534397795e-45
7.077000000000000000e+03 5.236578199494640360e-45
7.159000000000000000e+03 5.296617414494377729e-45
7.242000000000000000e+03 5.351916691467819665e-45
7.326000000000000000e+03 5.408269288002661070e-45
7.410899999999999636e+03 5.466201863879600745e-45
7.496800000000000182e+03 5.525714419098638690e-45
7.583699999999999818e+03 5.585753634098376059e-45
7.671600000000000364e+03 5.647899488220911742e-45
7.760500000000000000e+03 5.711098661904845028e-45
7.850500000000000000e+03 5.775877814930878451e-45
7.941500000000000000e+03 5.841710287518308231e-45
8.033500000000000000e+03 5.909649399228538194e-45
8.126600000000000364e+03 5.978641830500167003e-45
8.220799999999999272e+03 6.049740900894592260e-45
8.316100000000000364e+03 6.121893290850417609e-45
8.412500000000000000e+03 6.196152319929039407e-45
8.510000000000000000e+03 6.272517988130460142e-45
8.608600000000000364e+03 6.349936975893278480e-45
8.708399999999999636e+03 6.429462602778897000e-45
8.809399999999999636e+03 6.507934910103115428e-45
8.911500000000000000e+03 6.575874021813344146e-45
9.014799999999999272e+03 6.645393112865670512e-45
9.119299999999999272e+03 6.716492183260097014e-45
9.225000000000000000e+03 6.788644573215921118e-45
9.331899999999999636e+03 6.862903602294544160e-45
9.440100000000000364e+03 6.938742610715264850e-45
9.549500000000000000e+03 7.016161598478084432e-45
9.660200000000000728e+03 7.095687225363701707e-45
9.772100000000000364e+03 7.176792831591417875e-45
9.885399999999999636e+03 7.260005076941930491e-45
1.000000000000000000e+04 7.344797301634541999e-45
