# SI neutrino floor for CaWO4 
#  Column 0 = Mass [GeV] 
#  Column 1 = Cross section [cm^2]
1.000000000000000056e-01 5.617458363348566605e-45
1.059560179277615893e-01 6.037459312361926226e-45
1.122667773510813566e-01 6.566757842659349956e-45
1.189534067370319470e-01 7.206878185399256521e-45
1.260382929679727537e-01 7.996267075999227875e-45
1.335451562929898806e-01 8.950903475776796683e-45
1.414991297434576023e-01 1.011140589447830772e-44
1.499268432786045602e-01 1.151443334472277248e-44
1.588565129428052836e-01 1.318762190606802646e-44
1.683180353330956669e-01 1.519573446225975875e-44
1.783430876931909326e-01 1.753824603886144650e-44
1.889652339691209604e-01 2.022294038485777184e-44
2.002200371815584523e-01 2.320417581319366418e-44
2.121451784910629856e-01 2.636855936806380044e-44
2.247805833548725263e-01 2.971988426931314782e-44
2.381685551976158166e-01 3.308822103007030962e-44
2.523539170434765944e-01 3.650075036329130596e-44
2.673841615839946395e-01 3.989930070516175614e-44
2.833096101839324144e-01 4.322773354946661614e-44
3.001835813575589040e-01 4.663481468391559998e-44
3.180625692794120107e-01 5.003924345478148039e-44
3.370064329271929005e-01 5.346746688076866641e-44
3.570785964900463627e-01 5.686023908609632433e-44
3.783462617131930217e-01 5.995191763989971746e-44
4.008806328898465443e-01 6.251931434052059916e-44
4.247571552536899553e-01 6.447635865444827698e-44
4.500557675700498916e-01 6.585853359696257726e-44
4.768611697714470465e-01 6.655951535974403054e-44
5.052631065335680960e-01 6.664284598487476656e-44
5.353566677410726005e-01 6.598778646597035635e-44
5.672426068491979168e-01 6.424415848535622304e-44
6.010276782070382851e-01 6.105113866067892582e-44
6.368249944718588074e-01 5.598546492474120864e-44
6.747544053110694495e-01 4.970385552470089927e-44
7.149428986597579083e-01 4.313680081388676866e-44
7.575250258771913936e-01 3.677153019338582245e-44
8.026433522257175879e-01 3.085536896928100327e-44
8.504489341802679014e-01 2.549789856773044588e-44
9.011018251665020573e-01 2.076485136440880320e-44
9.547716114208059102e-01 1.668068892761132475e-44
1.011637979766207618e+00 1.321949289234564658e-44
1.071891319205128035e+00 1.037299308500520488e-44
1.135733358343105737e+00 8.114100593249311889e-45
1.203377840777589913e+00 6.399189890361188093e-45
1.275051240713013456e+00 5.140011277545979279e-45
1.350993521198027292e+00 4.230156684107805935e-45
1.431458937523479191e+00 3.563065380972517267e-45
1.516716888470923230e+00 3.070136278441265505e-45
1.607052818261639260e+00 2.701671988489920727e-45
1.702769172225900407e+00 2.426470161490799719e-45
1.804186409392072754e+00 2.219757914940901285e-45
1.911644075385702690e+00 2.064162688444228181e-45
2.025501939230667681e+00 1.949903930493672999e-45
2.146141197858404848e+00 1.865223522604188681e-45
2.273965752357928860e+00 1.803571184636288692e-45
2.409403560239525621e+00 1.760193480327567007e-45
2.552908068239517991e+00 1.728439393987814197e-45
2.704959730463135870e+00 1.707759972949294537e-45
2.866067616948251739e+00 1.694836793815291457e-45
3.036771118035459072e+00 1.687955046573501596e-45
3.217641750250737065e+00 1.684373924851966498e-45
3.409285069746812891e+00 1.681818262978110763e-45
3.612342699709432114e+00 1.680319647663875367e-45
3.827494478516312970e+00 1.676093728309530285e-45
4.055460735840830111e+00 1.667076790753300706e-45
4.297004704320841917e+00 1.651765200609081712e-45
4.552935074866949705e+00 1.626960563698915722e-45
4.824108704165371186e+00 1.588354641581910667e-45
5.111433483440167791e+00 1.533068331931745410e-45
5.415871378079473608e+00 1.457029735314846692e-45
5.738441648302395670e+00 1.355981524923666548e-45
6.080224261649424200e+00 1.229858830403953348e-45
6.442363508721373755e+00 1.082239678395086866e-45
6.826071834272389616e+00 9.226531608236915347e-46
7.232633896483537050e+00 7.630039589407722644e-46
7.663410868007458632e+00 6.150865626427939693e-46
8.119844993184013759e+00 4.866697959325814745e-46
8.603464416684504457e+00 3.804921466051895957e-46
9.115888299750823265e+00 2.960393627095991567e-46
9.658832241158703980e+00 2.300302656064005885e-46
1.023411402105453760e+01 1.792688542318705428e-46
1.084365968689610860e+01 1.400947951686819967e-46
1.148951000187309823e+01 1.097697243589345230e-46
1.217382727739662052e+01 8.581841525041303334e-47
1.289890261253309411e+01 6.630861119836009147e-47
1.366716356462007376e+01 4.922976189449334902e-47
1.448118227674534531e+01 2.358668864312521323e-47
1.534368408930013139e+01 1.460812924314371535e-47
1.625755666443794922e+01 1.183250855552816725e-47
1.722585965398787522e+01 9.946658976918821767e-48
1.825183494319044186e+01 8.501047385892134126e-48
1.933891750455232028e+01 7.335292449522417059e-48
2.049074689815848060e+01 6.363145307842031871e-48
2.171117945694505380e+01 5.538602242470737500e-48
2.300430119772919113e+01 4.819900646366898995e-48
2.437444150122221842e+01 4.188356119589702666e-48
2.582618760682677461e+01 3.632574834278991921e-48
2.736439997074672092e+01 3.144030441103050331e-48
2.899422853882878215e+01 2.723114620006900492e-48
3.072112998861759081e+01 2.365190476496851797e-48
3.255088599835060137e+01 2.065260068138788198e-48
3.448962260405759395e+01 1.816399384508466021e-48
3.654383070957258184e+01 1.614054025623762581e-48
3.872038781812557318e+01 1.448774520906739652e-48
4.102658105827194390e+01 1.315156287337044491e-48
4.347013158125026422e+01 1.208286851516144852e-48
4.605922041145108636e+01 1.123212531341018704e-48
4.880251583654433745e+01 1.056164507673129056e-48
5.170920242896760755e+01 1.004446681815112808e-48
5.478901179593945159e+01 9.654891730136512433e-49
5.805225516094901650e+01 9.371218657159480261e-49
6.150985788580504021e+01 9.180849772966809584e-49
6.517339604882427295e+01 9.070492322746121730e-49
6.905513520162330110e+01 9.028046041799584978e-49
7.316807143427199378e+01 9.047548179915861125e-49
7.752597488629464806e+01 9.121291542175851321e-49
8.214343584919430441e+01 9.246704101245755634e-49
8.703591361485165123e+01 9.417166949926205264e-49
9.221978823334330855e+01 9.631460946513429528e-49
9.771241535346501905e+01 9.884145313056182745e-49
1.035321843295662632e+02 1.017481359011758780e-48
1.096985797892384085e+02 1.050621411572591473e-48
1.162322468679852960e+02 1.087334698898311088e-48
1.231550603292826196e+02 1.127746902412896284e-48
1.304901978014403028e+02 1.171798752608025996e-48
1.382622173764656281e+02 1.219540531966554719e-48
1.464971398307286279e+02 1.271120298266807826e-48
1.552225357427047925e+02 1.326717753879083752e-48
1.644676177994664386e+02 1.386464472361647938e-48
1.742633386009650849e+02 1.450204526633551002e-48
1.846424942895544348e+02 1.518733796010677671e-48
1.956398343517064689e+02 1.591497889109234331e-48
2.072921779595371845e+02 1.669494922856115277e-48
2.196385372416546886e+02 1.752163355470812618e-48
2.327202478960409735e+02 1.840749758376603849e-48
2.465811075822603868e+02 1.933976210410294631e-48
2.612675225563328922e+02 2.034493568877479185e-48
2.768286630392066741e+02 2.139977074263065644e-48
2.933166278390045250e+02 2.253175485225485413e-48
3.107866187782013867e+02 2.372708760491519022e-48
3.292971255097151584e+02 2.499514368892017831e-48
3.489101213406773923e+02 2.634730904672355772e-48
3.696912707195028247e+02 2.777809872674924889e-48
3.917101490809260440e+02 2.929735031708540814e-48
4.150404757850476472e+02 3.090852877676692682e-48
4.397603609302720997e+02 3.261503155586905786e-48
4.659525668664682030e+02 3.442527368615861213e-48
4.937047852839003781e+02 3.635181799178689629e-48
5.231099308056263908e+02 3.838759037033382341e-48
5.542664520663107623e+02 4.054499590507738250e-48
5.872786613189482523e+02 4.284200754957359156e-48
6.222570836730230894e+02 4.526950149489686439e-48
6.593188271333548300e+02 4.783592803026427649e-48
6.985879746785249154e+02 5.057222985809763042e-48
7.401959996915644524e+02 5.346945549919243270e-48
7.842822061337682271e+02 5.653584616534033981e-48
8.309941949353395785e+02 5.977820145938714681e-48
8.804883581643464368e+02 6.322710003841710020e-48
9.329304026284686415e+02 6.687248419187604476e-48
9.884959046625585870e+02 7.073466160294832857e-48
1.047370897959450758e+03 7.483545109088254013e-48
1.109752496412072105e+03 7.919325540800388550e-48
1.175849554052158055e+03 8.379779570940551440e-48
1.245883364295008050e+03 8.865660884176350632e-48
1.320088400831419449e+03 9.382386153413576282e-48
1.398713102647238657e+03 9.932054855874096476e-48
1.482020705798860035e+03 1.051314436335501714e-47
1.570290124729377567e+03 1.112565518120517993e-47
1.663816886076130686e+03 1.177668519476897782e-47
1.762914118095947970e+03 1.247002990445749039e-47
1.867913599020784659e+03 1.320212396789884430e-47
1.979166867853557278e+03 1.397508385823107424e-47
2.097046401323234932e+03 1.479519862401452153e-47
2.221946860939523958e+03 1.566846585107520313e-47
2.354286414322420114e+03 1.659052257154667236e-47
2.494508135230316384e+03 1.756731021505566199e-47
2.643081486974108429e+03 1.860208362204540667e-47
2.800503894183631019e+03 1.970021797980192099e-47
2.967302408188872505e+03 2.086336717839632966e-47
3.144035471591500027e+03 2.209784170940052384e-47
3.331294787934677061e+03 2.339889558677930866e-47
3.529707302730650099e+03 2.478137990197627088e-47
3.739937302478801485e+03 2.625121681780585099e-47
3.962688638701478339e+03 2.780550990591344939e-47
4.198707084443914027e+03 2.944675388531627672e-47
4.448782831127585268e+03 3.118787433925503879e-47
4.713753134116728688e+03 3.303727487951095336e-47
4.994505115855139593e+03 3.499475760913280559e-47
5.291978735958447032e+03 3.707324216526401915e-47
5.607169938205458493e+03 3.926393552259263824e-47
5.941133984965039417e+03 4.158961557114686993e-47
6.294988990221887434e+03 4.406510044766403615e-47
6.669919663030128504e+03 4.667934354013565750e-47
7.067181273927491020e+03 4.944475966291666031e-47
7.488103857590030202e+03 5.237753607183624405e-47
7.934096665797492278e+03 5.548630643163121615e-47
8.406652885618334039e+03 5.878416601557334654e-47
8.907354638610438997e+03 6.228375481985523157e-47
9.437878277775391325e+03 6.597043097552412732e-47
1.000000000000000000e+04 6.988124320980479573e-47
