# SDp neutrino floor for Ge 
#  Column 0 = Mass [GeV] 
#  Column 1 = Cross section [cm^2]
1.000000000000000056e-01 9.656633399324826701e-38
1.059560179277615893e-01 1.093882965428404162e-37
1.122667773510813566e-01 1.240990348530105741e-37
1.189534067370319470e-01 1.410555937489943736e-37
1.260382929679727537e-01 1.605802284428735586e-37
1.335451562929898806e-01 1.829954153879069408e-37
1.414991297434576023e-01 2.089526026851136137e-37
1.499268432786045602e-01 2.390864391034802256e-37
1.588565129428052836e-01 2.745484919238000939e-37
1.683180353330956669e-01 3.168289391441900050e-37
1.783430876931909326e-01 3.673434723852136993e-37
1.889652339691209604e-01 4.284816732111206883e-37
2.002200371815584523e-01 5.002673569077340124e-37
2.121451784910629856e-01 5.824968476543333481e-37
2.247805833548725263e-01 6.727782720112060399e-37
2.381685551976158166e-01 7.672727713031404764e-37
2.523539170434765944e-01 8.644744264732670542e-37
2.673841615839946395e-01 9.615251573823486985e-37
2.833096101839324144e-01 1.058407697516286226e-36
3.001835813575589040e-01 1.156005743250606797e-36
3.180625692794120107e-01 1.253893608859303757e-36
3.370064329271929005e-01 1.354290096044306879e-36
3.570785964900463627e-01 1.456662018884676018e-36
3.783462617131930217e-01 1.560733927739008906e-36
4.008806328898465443e-01 1.663899815069341851e-36
4.247571552536899553e-01 1.760677144370815846e-36
4.500557675700498916e-01 1.845169450724076226e-36
4.768611697714470465e-01 1.903852693094388201e-36
5.052631065335680960e-01 1.923912728281859136e-36
5.353566677410726005e-01 1.892848074248738445e-36
5.672426068491979168e-01 1.805737811705973907e-36
6.010276782070382851e-01 1.666773273974733332e-36
6.368249944718588074e-01 1.488589361193092736e-36
6.747544053110694495e-01 1.286780050054184016e-36
7.149428986597579083e-01 1.076169316327607434e-36
7.575250258771913936e-01 8.692832850058604156e-37
8.026433522257175879e-01 6.771018835995934624e-37
8.504489341802679014e-01 5.077554241068466167e-37
9.011018251665020573e-01 3.685847271660149506e-37
9.547716114208059102e-01 2.642714926176788501e-37
1.011637979766207618e+00 1.922490311966486414e-37
1.071891319205128035e+00 1.438572887847492309e-37
1.135733358343105737e+00 1.107182962509708034e-37
1.203377840777589913e+00 8.737168033749583340e-38
1.275051240713013456e+00 7.062385134769454140e-38
1.350993521198027292e+00 5.848161255606164000e-38
1.431458937523479191e+00 4.970869517316873280e-38
1.516716888470923230e+00 4.343545450188269774e-38
1.607052818261639260e+00 3.903572422689471404e-38
1.702769172225900407e+00 3.606585895296485011e-38
1.804186409392072754e+00 3.415144629690343318e-38
1.911644075385702690e+00 3.304159567892125705e-38
2.025501939230667681e+00 3.254418603782332698e-38
2.146141197858404848e+00 3.250426271713186001e-38
2.273965752357928860e+00 3.284471753882715315e-38
2.409403560239525621e+00 3.347931112070929062e-38
2.552908068239517991e+00 3.435747890297431718e-38
2.704959730463135870e+00 3.544186626776232111e-38
2.866067616948251739e+00 3.669086826156854849e-38
3.036771118035459072e+00 3.809007202315998063e-38
3.217641750250737065e+00 3.960190004404685705e-38
3.409285069746812891e+00 4.118689516695721435e-38
3.612342699709432114e+00 4.283515901092069023e-38
3.827494478516312970e+00 4.449322165754941583e-38
4.055460735840830111e+00 4.613413326496351436e-38
4.297004704320841917e+00 4.770774505464183935e-38
4.552935074866949705e+00 4.914004871491179630e-38
4.824108704165371186e+00 5.040354661044917271e-38
5.111433483440167791e+00 5.134510410574243265e-38
5.415871378079473608e+00 5.188412837559873833e-38
5.738441648302395670e+00 5.181289932965362089e-38
6.080224261649424200e+00 5.081584306968960161e-38
6.442363508721373755e+00 4.835659045700284067e-38
6.826071834272389616e+00 4.330211604284029184e-38
7.232633896483537050e+00 3.511810601883329675e-38
7.663410868007458632e+00 2.462040977973122028e-38
8.119844993184013759e+00 1.357658270707822112e-38
8.603464416684504457e+00 1.684550742566643477e-39
9.115888299750823265e+00 9.575775987938504710e-40
9.658832241158703980e+00 6.067835672436399030e-40
1.023411402105453760e+01 4.038926077317216962e-40
1.084365968689610860e+01 2.790625015141985024e-40
1.148951000187309823e+01 1.990813579228184787e-40
1.217382727739662052e+01 1.462704806909458986e-40
1.289890261253309411e+01 1.106458700214594949e-40
1.366716356462007376e+01 8.604724263372945611e-41
1.448118227674534531e+01 6.874868049007943755e-41
1.534368408930013139e+01 5.648824975459030384e-41
1.625755666443794922e+01 4.772394959480494109e-41
1.722585965398787522e+01 4.143919498912772240e-41
1.825183494319044186e+01 3.700554668713364273e-41
1.933891750455232028e+01 3.390645232407530434e-41
2.049074689815848060e+01 3.179707650387028723e-41
2.171117945694505380e+01 3.044271822706868944e-41
2.300430119772919113e+01 2.963590828086776012e-41
2.437444150122221842e+01 2.924306340345027878e-41
2.582618760682677461e+01 2.917643109551447717e-41
2.736439997074672092e+01 2.936687899510808881e-41
2.899422853882878215e+01 2.976333528762829949e-41
3.072112998861759081e+01 3.033191514922237848e-41
3.255088599835060137e+01 3.105950546396907150e-41
3.448962260405759395e+01 3.192540366710685414e-41
3.654383070957258184e+01 3.291523478530211330e-41
3.872038781812557318e+01 3.402714315733553716e-41
4.102658105827194390e+01 3.525860159835832787e-41
4.347013158125026422e+01 3.660028595213441343e-41
4.605922041145108636e+01 3.805869375217537003e-41
4.880251583654433745e+01 3.962861416043261647e-41
5.170920242896760755e+01 4.131891737565541328e-41
5.478901179593945159e+01 4.312613349626949033e-41
5.805225516094901650e+01 4.505859470790022303e-41
6.150985788580504021e+01 4.711136060156988345e-41
6.517339604882427295e+01 4.928607805664861822e-41
6.905513520162330110e+01 5.160960596829173012e-41
7.316807143427199378e+01 5.406719631025522119e-41
7.752597488629464806e+01 5.666457798423165077e-41
8.214343584919430441e+01 5.940312318407445454e-41
8.703591361485165123e+01 6.232035714182932686e-41
9.221978823334330855e+01 6.539464037487910087e-41
9.771241535346501905e+01 6.862646161660126405e-41
1.035321843295662632e+02 7.205658209012203652e-41
1.096985797892384085e+02 7.567546017976170769e-41
1.162322468679852960e+02 7.948081048481081460e-41
1.231550603292826196e+02 8.351307290893934144e-41
1.304901978014403028e+02 8.777393677250350748e-41
1.382622173764656281e+02 9.223701120267768833e-41
1.464971398307286279e+02 9.699752724632773441e-41
1.552225357427047925e+02 1.020013759820307870e-40
1.644676177994664386e+02 1.072703995360275078e-40
1.742633386009650849e+02 1.128801165391651538e-40
1.846424942895544348e+02 1.187850752411690636e-40
1.956398343517064689e+02 1.250213489169875296e-40
2.072921779595371845e+02 1.316403953970863911e-40
2.196385372416546886e+02 1.385983596116014265e-40
2.327202478960409735e+02 1.460164078318264759e-40
2.465811075822603868e+02 1.538256720672737256e-40
2.612675225563328922e+02 1.621037092921771761e-40
2.768286630392066741e+02 1.708723018323858483e-40
2.933166278390045250e+02 1.800890227920122424e-40
3.107866187782013867e+02 1.899433091215537599e-40
3.292971255097151584e+02 2.003095541322181035e-40
3.489101213406773923e+02 2.113720430869086676e-40
3.696912707195028247e+02 2.229945127594799385e-40
3.917101490809260440e+02 2.353527716426065633e-40
4.150404757850476472e+02 2.484330751195942343e-40
4.397603609302720997e+02 2.622562028765035759e-40
4.659525668664682030e+02 2.769287811774235759e-40
4.937047852839003781e+02 2.924816767821766792e-40
5.231099308056263908e+02 3.089381212844534920e-40
5.542664520663107623e+02 3.263665764567008578e-40
5.872786613189482523e+02 3.448716189065738701e-40
6.222570836730230894e+02 3.643964108062632733e-40
6.593188271333548300e+02 3.851935185117032047e-40
6.985879746785249154e+02 4.070896258905603429e-40
7.401959996915644524e+02 4.304439785904676954e-40
7.842822061337682271e+02 4.550243297025149108e-40
8.309941949353395785e+02 4.812284161227224036e-40
8.804883581643464368e+02 5.088461489126543651e-40
9.329304026284686415e+02 5.382254845657432058e-40
9.884959046625585870e+02 5.692764504088064030e-40
1.047370897959450758e+03 6.021959521994046778e-40
1.109752496412072105e+03 6.371176991374854232e-40
1.175849554052158055e+03 6.739929649761893441e-40
1.245883364295008050e+03 7.132642783825966523e-40
1.320088400831419449e+03 7.545928744830284709e-40
1.398713102647238657e+03 7.987073002649541137e-40
1.482020705798860035e+03 8.451522913432829940e-40
1.570290124729377567e+03 8.946272463129145453e-40
1.663816886076130686e+03 9.467447712257131599e-40
1.762914118095947970e+03 1.002409206245711186e-39
1.867913599020784659e+03 1.060933257974613396e-39
1.979166867853557278e+03 1.123354063214337630e-39
2.097046401323234932e+03 1.189088400240391468e-39
2.221946860939523958e+03 1.259044840997967178e-39
2.354286414322420114e+03 1.332996353353234920e-39
2.494508135230316384e+03 1.411257563016144765e-39
2.643081486974108429e+03 1.494564546594670488e-39
2.800503894183631019e+03 1.582200028913753396e-39
2.967302408188872505e+03 1.675769737999191929e-39
3.144035471591500027e+03 1.774274585736353206e-39
3.331294787934677061e+03 1.879402418488649817e-39
3.529707302730650099e+03 1.990102468565702609e-39
3.739937302478801485e+03 2.107963209597334386e-39
3.962688638701478339e+03 2.232213104308037362e-39
4.198707084443914027e+03 2.364145826706971995e-39
4.448782831127585268e+03 2.504290207379549380e-39
4.713753134116728688e+03 2.651710367880146677e-39
4.994505115855139593e+03 2.809276785804338479e-39
5.291978735958447032e+03 2.975068717655047886e-39
5.607169938205458493e+03 3.151993336028976690e-39
5.941133984965039417e+03 3.338348476773651980e-39
6.294988990221887434e+03 3.536656964599084666e-39
6.669919663030128504e+03 3.745884839233686809e-39
7.067181273927491020e+03 3.967758177610665282e-39
7.488103857590030202e+03 4.203742229264078929e-39
7.934096665797492278e+03 4.451972516163618069e-39
8.406652885618334039e+03 4.717080140617449929e-39
8.907354638610438997e+03 4.996283958146580568e-39
9.437878277775391325e+03 5.293954598603711888e-39
1.000000000000000000e+04 5.607696724927185684e-39
