# SI neutrino floor for Ge 
#  Column 0 = Mass [GeV] 
#  Column 1 = Cross section [cm^2]
1.000000000000000056e-01 3.366095680940336834e-45
1.059560179277615893e-01 3.812034233441671634e-45
1.122667773510813566e-01 4.322432190935709837e-45
1.189534067370319470e-01 4.908757680883817880e-45
1.260382929679727537e-01 5.589179499065703781e-45
1.335451562929898806e-01 6.363243245720793874e-45
1.414991297434576023e-01 7.266953735386005741e-45
1.499268432786045602e-01 8.315102276140225211e-45
1.588565129428052836e-01 9.546919157925969657e-45
1.683180353330956669e-01 1.102508518434809933e-44
1.783430876931909326e-01 1.278478381030817223e-44
1.889652339691209604e-01 1.492017225883428302e-44
2.002200371815584523e-01 1.741758843933806198e-44
2.121451784910629856e-01 2.025930769790431343e-44
2.247805833548725263e-01 2.336675787080695996e-44
2.381685551976158166e-01 2.659486455190301332e-44
2.523539170434765944e-01 2.991528120662347644e-44
2.673841615839946395e-01 3.319973860723548253e-44
2.833096101839324144e-01 3.646743608227714390e-44
3.001835813575589040e-01 3.977316389600566910e-44
3.180625692794120107e-01 4.304750598676781503e-44
3.370064329271929005e-01 4.642632009946977306e-44
3.570785964900463627e-01 4.984056418475773080e-44
3.783462617131930217e-01 5.327968732077941338e-44
4.008806328898465443e-01 5.657025157280862470e-44
4.247571552536899553e-01 5.945446453240363998e-44
4.500557675700498916e-01 6.165322126979508566e-44
4.768611697714470465e-01 6.296181938241563534e-44
5.052631065335680960e-01 6.330284668893504789e-44
5.353566677410726005e-01 6.243501634049256097e-44
5.672426068491979168e-01 5.997632060800318708e-44
6.010276782070382851e-01 5.554119001955216880e-44
6.368249944718588074e-01 4.941149925457756241e-44
6.747544053110694495e-01 4.242624671374833831e-44
7.149428986597579083e-01 3.516270348207251837e-44
7.575250258771913936e-01 2.804935781750535809e-44
8.026433522257175879e-01 2.148052819173659945e-44
8.504489341802679014e-01 1.576953916306946972e-44
9.011018251665020573e-01 1.119642881014784775e-44
9.547716114208059102e-01 7.899716093776547836e-45
1.011637979766207618e+00 5.714517657444261427e-45
1.071891319205128035e+00 4.274140727184335126e-45
1.135733358343105737e+00 3.294004175187141161e-45
1.203377840777589913e+00 2.605177021859799521e-45
1.275051240713013456e+00 2.114060945353409825e-45
1.350993521198027292e+00 1.757533083549316679e-45
1.431458937523479191e+00 1.501595982491829189e-45
1.516716888470923230e+00 1.318562151431292036e-45
1.607052818261639260e+00 1.191564866579562751e-45
1.702769172225900407e+00 1.105419100087024234e-45
1.804186409392072754e+00 1.050224325779237300e-45
1.911644075385702690e+00 1.018756245811320955e-45
2.025501939230667681e+00 1.004356546519336075e-45
2.146141197858404848e+00 1.003834138947236674e-45
2.273965752357928860e+00 1.013903020592095539e-45
2.409403560239525621e+00 1.031883003267509196e-45
2.552908068239517991e+00 1.056854084833491452e-45
2.704959730463135870e+00 1.087761618738879997e-45
2.866067616948251739e+00 1.122196650931212243e-45
3.036771118035459072e+00 1.160441341067157986e-45
3.217641750250737065e+00 1.200957033507397350e-45
3.409285069746812891e+00 1.241564592576728860e-45
3.612342699709432114e+00 1.282955329245923962e-45
3.827494478516312970e+00 1.322374310775660908e-45
4.055460735840830111e+00 1.358282024671677332e-45
4.297004704320841917e+00 1.389730240041545673e-45
4.552935074866949705e+00 1.412701875198071079e-45
4.824108704165371186e+00 1.426597487646375695e-45
5.111433483440167791e+00 1.426390045149858839e-45
5.415871378079473608e+00 1.406910380613619596e-45
5.738441648302395670e+00 1.362884136905642432e-45
6.080224261649424200e+00 1.281631044787617694e-45
6.442363508721373755e+00 1.145340285596275611e-45
6.826071834272389616e+00 9.269190775602730535e-46
7.232633896483537050e+00 6.459103176915056184e-46
7.663410868007458632e+00 3.571316831478204563e-46
8.119844993184013759e+00 4.486836362941576375e-47
8.603464416684504457e+00 2.320664249684956795e-47
9.115888299750823265e+00 1.381325758595884715e-47
9.658832241158703980e+00 8.648865545444276840e-48
1.023411402105453760e+01 5.632096559433188221e-48
1.084365968689610860e+01 3.802920789728060209e-48
1.148951000187309823e+01 2.652445792498158901e-48
1.217382727739662052e+01 1.906911339077966805e-48
1.289890261253309411e+01 1.415465015849720667e-48
1.366716356462007376e+01 1.083480980661605431e-48
1.448118227674534531e+01 8.549634916742225775e-49
1.534368408930013139e+01 6.980878435631794891e-49
1.625755666443794922e+01 5.902648120305177471e-49
1.722585965398787522e+01 5.161434702552755366e-49
1.825183494319044186e+01 4.667246004552094889e-49
1.933891750455232028e+01 4.342687100591189772e-49
2.049074689815848060e+01 4.129495291299724223e-49
2.171117945694505380e+01 3.999141576787088206e-49
2.300430119772919113e+01 3.926046246582689636e-49
2.437444150122221842e+01 3.889746052185933761e-49
2.582618760682677461e+01 3.884589349384273039e-49
2.736439997074672092e+01 3.903039826839047626e-49
2.899422853882878215e+01 3.939950160989358447e-49
3.072112998861759081e+01 3.991272269391641667e-49
3.255088599835060137e+01 4.057122703493028931e-49
3.448962260405759395e+01 4.134701770084759971e-49
3.654383070957258184e+01 4.222897702304681914e-49
3.872038781812557318e+01 4.321604086061853219e-49
4.102658105827194390e+01 4.430521018616084348e-49
4.347013158125026422e+01 4.548410788421330985e-49
4.605922041145108636e+01 4.674500738487525422e-49
4.880251583654433745e+01 4.811488311405691010e-49
5.170920242896760755e+01 4.957639686390215921e-49
5.478901179593945159e+01 5.113341897619613330e-49
5.805225516094901650e+01 5.279934696805275589e-49
6.150985788580504021e+01 5.454993537961938999e-49
6.517339604882427295e+01 5.642582102032519492e-49
6.905513520162330110e+01 5.840919540788876619e-49
7.316807143427199378e+01 6.051366950246866969e-49
7.752597488629464806e+01 6.275518085933234169e-49
8.214343584919430441e+01 6.513723976231532400e-49
8.703591361485165123e+01 6.765165077283906666e-49
9.221978823334330855e+01 7.031671265748244721e-49
9.771241535346501905e+01 7.313711775551762624e-49
1.035321843295662632e+02 7.614154322872990455e-49
1.096985797892384085e+02 7.934028508090223785e-49
1.162322468679852960e+02 8.272468071479642382e-49
1.231550603292826196e+02 8.628376186735108163e-49
1.304901978014403028e+02 9.011088967762853347e-49
1.382622173764656281e+02 9.413768944597087515e-49
1.464971398307286279e+02 9.843145917716321801e-49
1.552225357427047925e+02 1.029874452173093163e-48
1.644676177994664386e+02 1.077877224716648307e-48
1.742633386009650849e+02 1.129393908991815756e-48
1.846424942895544348e+02 1.183665683304767919e-48
1.956398343517064689e+02 1.241317941600367854e-48
2.072921779595371845e+02 1.302532186619094724e-48
2.196385372416546886e+02 1.367362601567222442e-48
2.327202478960409735e+02 1.436223976883389561e-48
2.465811075822603868e+02 1.509240025880429686e-48
2.612675225563328922e+02 1.586651394792260661e-48
2.768286630392066741e+02 1.668904328601833125e-48
2.933166278390045250e+02 1.755801411783188989e-48
3.107866187782013867e+02 1.848427778024553249e-48
3.292971255097151584e+02 1.946060666368236655e-48
3.489101213406773923e+02 2.050193828382334498e-48
3.696912707195028247e+02 2.160141926662694962e-48
3.917101490809260440e+02 2.276767961743570774e-48
4.150404757850476472e+02 2.400631353197933869e-48
4.397603609302720997e+02 2.531444733774665661e-48
4.659525668664682030e+02 2.670384568169087022e-48
4.937047852839003781e+02 2.818251915383130997e-48
5.231099308056263908e+02 2.974022229562174400e-48
5.542664520663107623e+02 3.139340904033796446e-48
5.872786613189482523e+02 3.315362051147707443e-48
6.222570836730230894e+02 3.500829785408274819e-48
6.593188271333548300e+02 3.698041071409887237e-48
6.985879746785249154e+02 3.906997185229486361e-48
7.401959996915644524e+02 4.128354750242303042e-48
7.842822061337682271e+02 4.362968146447850445e-48
8.309941949353395785e+02 4.611481073361923492e-48
8.804883581643464368e+02 4.874984374522230244e-48
9.329304026284686415e+02 5.153593547415839587e-48
9.884959046625585870e+02 5.449358630616953729e-48
1.047370897959450758e+03 5.762908861290537802e-48
1.109752496412072105e+03 6.095371929679637895e-48
1.175849554052158055e+03 6.446906771003540036e-48
1.245883364295008050e+03 6.818985726074557801e-48
1.320088400831419449e+03 7.214973994888217595e-48
1.398713102647238657e+03 7.633819956867508636e-48
1.482020705798860035e+03 8.077263034169820479e-48
1.570290124729377567e+03 8.546319797347348484e-48
1.663816886076130686e+03 9.045424309802744021e-48
1.762914118095947970e+03 9.573476770275758900e-48
1.867913599020784659e+03 1.013234707423649444e-47
1.979166867853557278e+03 1.072367810453243357e-47
2.097046401323234932e+03 1.135262080419009718e-47
2.221946860939523958e+03 1.201862927428452187e-47
2.354286414322420114e+03 1.272261259709580978e-47
2.494508135230316384e+03 1.346954934667800337e-47
2.643081486974108429e+03 1.426124177482263817e-47
2.800503894183631019e+03 1.510050061340414019e-47
2.967302408188872505e+03 1.598719624057171418e-47
3.144035471591500027e+03 1.693053765370480284e-47
3.331294787934677061e+03 1.792691721616668721e-47
3.529707302730650099e+03 1.898495937825805021e-47
3.739937302478801485e+03 2.010417248672149762e-47
3.962688638701478339e+03 2.129072403252805990e-47
4.198707084443914027e+03 2.254537775312903035e-47
4.448782831127585268e+03 2.387974602174014234e-47
4.713753134116728688e+03 2.529289291331997568e-47
4.994505115855139593e+03 2.678583041728514485e-47
5.291978735958447032e+03 2.837342740512085478e-47
5.607169938205458493e+03 3.005082026989392467e-47
5.941133984965039417e+03 3.183147812151742397e-47
6.294988990221887434e+03 3.371561166785667298e-47
6.669919663030128504e+03 3.571245230321953374e-47
7.067181273927491020e+03 3.782587118755516253e-47
7.488103857590030202e+03 4.007097318090412879e-47
7.934096665797492278e+03 4.244916028020719072e-47
8.406652885618334039e+03 4.496116814900591559e-47
8.907354638610438997e+03 4.763400499380545792e-47
9.437878277775391325e+03 5.045475776727373411e-47
1.000000000000000000e+04 5.345301199906833049e-47
