# SI neutrino floor for He 
#  Column 0 = Mass [GeV] 
#  Column 1 = Cross section [cm^2]
1.000000000000000056e-01 2.102154010994882235e-45
1.059560179277615893e-01 2.453379302498763057e-45
1.122667773510813566e-01 2.860569087808157851e-45
1.189534067370319470e-01 3.327153408832044941e-45
1.260382929679727537e-01 3.866785458551413927e-45
1.335451562929898806e-01 4.487078527632068617e-45
1.414991297434576023e-01 5.199942307816866590e-45
1.499268432786045602e-01 6.027901645975611796e-45
1.588565129428052836e-01 6.982873035330088799e-45
1.683180353330956669e-01 8.107331018318378991e-45
1.783430876931909326e-01 9.441337708040657568e-45
1.889652339691209604e-01 1.101906080930231210e-44
2.002200371815584523e-01 1.289930915585022043e-44
2.121451784910629856e-01 1.509438824074552325e-44
2.247805833548725263e-01 1.758281727752822144e-44
2.381685551976158166e-01 2.032917490752994170e-44
2.523539170434765944e-01 2.322443043572071056e-44
2.673841615839946395e-01 2.621178167672774038e-44
2.833096101839324144e-01 2.926594721200474377e-44
3.001835813575589040e-01 3.234722539341611554e-44
3.180625692794120107e-01 3.549884543738932616e-44
3.370064329271929005e-01 3.867132440645999108e-44
3.570785964900463627e-01 4.196958773736082441e-44
3.783462617131930217e-01 4.535726966766593537e-44
4.008806328898465443e-01 4.886786191121730327e-44
4.247571552536899553e-01 5.247734008163522652e-44
4.500557675700498916e-01 5.609833050372854196e-44
4.768611697714470465e-01 5.959036667667697742e-44
5.052631065335680960e-01 6.276250604008516539e-44
5.353566677410726005e-01 6.535132923741142147e-44
5.672426068491979168e-01 6.696225878660838410e-44
6.010276782070382851e-01 6.731595967545856986e-44
6.368249944718588074e-01 6.619699762733060625e-44
6.747544053110694495e-01 6.354474705382044739e-44
7.149428986597579083e-01 5.959036150977641292e-44
7.575250258771913936e-01 5.462014832435777016e-44
8.026433522257175879e-01 4.897915298705569987e-44
8.504489341802679014e-01 4.302364058729939153e-44
9.011018251665020573e-01 3.700375776543372109e-44
9.547716114208059102e-01 3.116486433548094353e-44
1.011637979766207618e+00 2.568094005014611644e-44
1.071891319205128035e+00 2.071970246113171153e-44
1.135733358343105737e+00 1.643211153572796918e-44
1.203377840777589913e+00 1.291144589356236877e-44
1.275051240713013456e+00 1.019927607045270420e-44
1.350993521198027292e+00 8.186680682435777415e-45
1.431458937523479191e+00 6.707635389643835990e-45
1.516716888470923230e+00 5.599478698927143870e-45
1.607052818261639260e+00 4.757227187910010935e-45
1.702769172225900407e+00 4.104555111145595692e-45
1.804186409392072754e+00 3.597474222210572768e-45
1.911644075385702690e+00 3.198859634234929136e-45
2.025501939230667681e+00 2.883678230161457538e-45
2.146141197858404848e+00 2.639642215255754649e-45
2.273965752357928860e+00 2.450057993818504558e-45
2.409403560239525621e+00 2.308638315899219028e-45
2.552908068239517991e+00 2.204186182949452103e-45
2.704959730463135870e+00 2.132503750287376833e-45
2.866067616948251739e+00 2.087194867494231673e-45
3.036771118035459072e+00 2.065580156433194960e-45
3.217641750250737065e+00 2.063368885341566426e-45
3.409285069746812891e+00 2.076946452673655516e-45
3.612342699709432114e+00 2.107326225815400821e-45
3.827494478516312970e+00 2.150688984398747901e-45
4.055460735840830111e+00 2.205709049791092509e-45
4.297004704320841917e+00 2.271537164483464033e-45
4.552935074866949705e+00 2.348545651266611007e-45
4.824108704165371186e+00 2.436515094377434992e-45
5.111433483440167791e+00 2.533962353369451618e-45
5.415871378079473608e+00 2.641617178097072509e-45
5.738441648302395670e+00 2.758608789812442918e-45
6.080224261649424200e+00 2.884961978033024839e-45
6.442363508721373755e+00 3.021337591766311399e-45
6.826071834272389616e+00 3.168859721704434392e-45
7.232633896483537050e+00 3.327943661919458516e-45
7.663410868007458632e+00 3.498489054574722207e-45
8.119844993184013759e+00 3.676734163776492559e-45
8.603464416684504457e+00 3.871104806520486175e-45
9.115888299750823265e+00 4.074223792457575706e-45
9.658832241158703980e+00 4.290382853987076656e-45
1.023411402105453760e+01 4.522138879816326015e-45
1.084365968689610860e+01 4.766258029223447472e-45
1.148951000187309823e+01 5.025621329519618957e-45
1.217382727739662052e+01 5.300883661980246004e-45
1.289890261253309411e+01 5.591541351462084847e-45
1.366716356462007376e+01 5.902548688494961844e-45
1.448118227674534531e+01 6.229201755786256885e-45
1.534368408930013139e+01 6.574650525725254065e-45
1.625755666443794922e+01 6.940009635100976545e-45
1.722585965398787522e+01 7.331748808683028700e-45
1.825183494319044186e+01 7.741398403076980791e-45
1.933891750455232028e+01 8.175567494446799918e-45
2.049074689815848060e+01 8.638190613635889893e-45
2.171117945694505380e+01 9.123553213193021174e-45
2.300430119772919113e+01 9.640781722452248623e-45
2.437444150122221842e+01 1.018861949529176411e-44
2.582618760682677461e+01 1.076710684770999424e-44
2.736439997074672092e+01 1.138399384332753049e-44
2.899422853882878215e+01 1.202913508589647591e-44
3.072112998861759081e+01 1.271589261657332662e-44
3.255088599835060137e+01 1.344862081609091208e-44
3.448962260405759395e+01 1.421986240975772300e-44
3.654383070957258184e+01 1.503540605754648002e-44
3.872038781812557318e+01 1.590048660376419876e-44
4.102658105827194390e+01 1.681245387833707044e-44
4.347013158125026422e+01 1.778465611889981429e-44
4.605922041145108636e+01 1.881216723333513387e-44
4.880251583654433745e+01 1.990456513259465727e-44
5.170920242896760755e+01 2.105697482858174480e-44
5.478901179593945159e+01 2.227477612084827185e-44
5.805225516094901650e+01 2.357423740328391015e-44
6.150985788580504021e+01 2.494249649677423902e-44
6.517339604882427295e+01 2.638807260820458726e-44
6.905513520162330110e+01 2.792674152258873119e-44
7.316807143427199378e+01 2.955765218793883476e-44
7.752597488629464806e+01 3.128049436459389977e-44
8.214343584919430441e+01 3.310209750670282758e-44
8.703591361485165123e+01 3.504271207439434444e-44
9.221978823334330855e+01 3.710584056683829444e-44
9.771241535346501905e+01 3.928773515582734355e-44
1.035321843295662632e+02 4.158102792862593657e-44
1.096985797892384085e+02 4.400521005997634500e-44
1.162322468679852960e+02 4.658756701223733376e-44
1.231550603292826196e+02 4.932865853621621590e-44
1.304901978014403028e+02 5.223690309283437070e-44
1.382622173764656281e+02 5.531144002270669429e-44
1.464971398307286279e+02 5.855175869504571384e-44
1.552225357427047925e+02 6.200463765811638336e-44
1.644676177994664386e+02 6.567272310359337497e-44
1.742633386009650849e+02 6.955332150213362059e-44
1.846424942895544348e+02 7.363501461751178210e-44
1.956398343517064689e+02 7.798204646227102972e-44
2.072921779595371845e+02 8.260563482408607402e-44
2.196385372416546886e+02 8.749701112015896798e-44
2.327202478960409735e+02 9.262891323221580797e-44
2.465811075822603868e+02 9.810909737974598468e-44
2.612675225563328922e+02 1.039466337541727108e-43
2.768286630392066741e+02 1.100862441805599901e-43
2.933166278390045250e+02 1.165692625518463950e-43
3.107866187782013867e+02 1.234918283471593018e-43
3.292971255097151584e+02 1.308524088942297732e-43
3.489101213406773923e+02 1.385706445651854482e-43
3.696912707195028247e+02 1.467972113314673666e-43
3.917101490809260440e+02 1.555467992032482838e-43
4.150404757850476472e+02 1.647094046817633611e-43
4.397603609302720997e+02 1.744890767151722061e-43
4.659525668664682030e+02 1.848972412171911443e-43
4.937047852839003781e+02 1.957953769333288405e-43
5.231099308056263908e+02 2.073764409224009525e-43
5.542664520663107623e+02 2.197678851581398635e-43
5.872786613189482523e+02 2.327691367278850392e-43
6.222570836730230894e+02 2.466045639075835783e-43
6.593188271333548300e+02 2.613350874055180896e-43
6.985879746785249154e+02 2.767706298515343995e-43
7.401959996915644524e+02 2.932322200256904457e-43
7.842822061337682271e+02 3.107537639763203945e-43
8.309941949353395785e+02 3.290863781271773315e-43
8.804883581643464368e+02 3.486030632399410046e-43
9.329304026284686415e+02 3.694343849279660958e-43
9.884959046625585870e+02 3.913367730087139647e-43
1.047370897959450758e+03 4.146802373970818125e-43
1.109752496412072105e+03 4.394430738493424014e-43
1.175849554052158055e+03 4.653514265601153356e-43
1.245883364295008050e+03 4.931249316808396566e-43
1.320088400831419449e+03 5.224782616978499085e-43
1.398713102647238657e+03 5.533703104873498351e-43
1.482020705798860035e+03 5.864621261753583602e-43
1.570290124729377567e+03 6.213029348325302564e-43
1.663816886076130686e+03 6.582573265743420445e-43
1.762914118095947970e+03 6.976887018870968960e-43
1.867913599020784659e+03 7.389342993513076016e-43
1.979166867853557278e+03 7.827699890312650640e-43
2.097046401323234932e+03 8.295273164277621420e-43
2.221946860939523958e+03 8.787864308494157601e-43
2.354286414322420114e+03 9.312913844295801486e-43
2.494508135230316384e+03 9.868948180664468326e-43
2.643081486974108429e+03 1.045179211014231603e-42
2.800503894183631019e+03 1.107612745583460813e-42
2.967302408188872505e+03 1.173435838026008978e-42
3.144035471591500027e+03 1.243141612046327150e-42
3.331294787934677061e+03 1.317622200863103877e-42
3.529707302730650099e+03 1.395642261922216238e-42
3.739937302478801485e+03 1.478807818805461413e-42
3.962688638701478339e+03 1.567309556432287383e-42
4.198707084443914027e+03 1.659836435837008332e-42
4.448782831127585268e+03 1.758792111438720679e-42
4.713753134116728688e+03 1.863758732047662495e-42
4.994505115855139593e+03 1.974551656269166849e-42
5.291978735958447032e+03 2.092858821928259181e-42
5.607169938205458493e+03 2.216989376825291626e-42
5.941133984965039417e+03 2.348441719778334732e-42
6.294988990221887434e+03 2.488775182735077100e-42
6.669919663030128504e+03 2.636549071409469388e-42
7.067181273927491020e+03 2.794127430246429592e-42
7.488103857590030202e+03 2.961202421615643925e-42
7.934096665797492278e+03 3.136125289561526069e-42
8.406652885618334039e+03 3.323477859812294255e-42
8.907354638610438997e+03 3.521056409402040577e-42
9.437878277775391325e+03 3.730376377098362771e-42
1.000000000000000000e+04 3.954034812310794386e-42
