# SDn neutrino floor for NaI 
#  Column 0 = Mass [GeV] 
#  Column 1 = Cross section [cm^2]
1.000000000000000056e-01 6.870210517065756197e-39
1.059560179277615893e-01 7.591665213964029987e-39
1.122667773510813566e-01 8.453145252304394770e-39
1.189534067370319470e-01 9.469788269802471233e-39
1.260382929679727537e-01 1.066749435243917871e-38
1.335451562929898806e-01 1.208994835420247189e-38
1.414991297434576023e-01 1.379038685994535532e-38
1.499268432786045602e-01 1.581268939834975600e-38
1.588565129428052836e-01 1.825786595856373278e-38
1.683180353330956669e-01 2.118067044156183675e-38
1.783430876931909326e-01 2.463326501408168945e-38
1.889652339691209604e-01 2.865427950972427798e-38
2.002200371815584523e-01 3.314369298980741276e-38
2.121451784910629856e-01 3.806067679382621369e-38
2.247805833548725263e-01 4.323378532296655623e-38
2.381685551976158166e-01 4.849756612103729440e-38
2.523539170434765944e-01 5.379440775306620578e-38
2.673841615839946395e-01 5.908719809088781655e-38
2.833096101839324144e-01 6.431179503897763854e-38
3.001835813575589040e-01 6.966821569335318017e-38
3.180625692794120107e-01 7.494917123334724725e-38
3.370064329271929005e-01 8.054075346240815222e-38
3.570785964900463627e-01 8.601375437250776496e-38
3.783462617131930217e-01 9.159291772548469083e-38
4.008806328898465443e-01 9.687936239473173507e-38
4.247571552536899553e-01 1.014852438165450126e-37
4.500557675700498916e-01 1.050708830472763693e-37
4.768611697714470465e-01 1.069409729107267817e-37
5.052631065335680960e-01 1.063505254793834486e-37
5.353566677410726005e-01 1.029022346760436859e-37
5.672426068491979168e-01 9.686986175155545444e-38
6.010276782070382851e-01 8.870316927759968947e-38
6.368249944718588074e-01 7.890188943733157555e-38
6.747544053110694495e-01 6.851498542158264388e-38
7.149428986597579083e-01 5.824102610216331488e-38
7.575250258771913936e-01 4.860878763333841244e-38
8.026433522257175879e-01 3.988453391574498837e-38
8.504489341802679014e-01 3.221451629639310093e-38
9.011018251665020573e-01 2.561829039848509039e-38
9.547716114208059102e-01 2.013688521015649772e-38
1.011637979766207618e+00 1.570259325995102566e-38
1.071891319205128035e+00 1.227158721811987352e-38
1.135733358343105737e+00 9.665334106677518216e-39
1.203377840777589913e+00 7.731722210171500977e-39
1.275051240713013456e+00 6.285249712198724116e-39
1.350993521198027292e+00 5.208125065151418668e-39
1.431458937523479191e+00 4.398305707698788534e-39
1.516716888470923230e+00 3.795841716016989485e-39
1.607052818261639260e+00 3.350119697368566358e-39
1.702769172225900407e+00 3.024789966060046785e-39
1.804186409392072754e+00 2.790784208437649057e-39
1.911644075385702690e+00 2.630738183608587610e-39
2.025501939230667681e+00 2.523914762778554532e-39
2.146141197858404848e+00 2.457387989583644804e-39
2.273965752357928860e+00 2.427285613198432820e-39
2.409403560239525621e+00 2.417204693788140086e-39
2.552908068239517991e+00 2.432454690404039665e-39
2.704959730463135870e+00 2.461527574850902143e-39
2.866067616948251739e+00 2.498773176298758199e-39
3.036771118035459072e+00 2.550700726270841650e-39
3.217641750250737065e+00 2.608930499748797734e-39
3.409285069746812891e+00 2.669535446735803551e-39
3.612342699709432114e+00 2.729860019440842630e-39
3.827494478516312970e+00 2.790666354256943610e-39
4.055460735840830111e+00 2.849353991005702454e-39
4.297004704320841917e+00 2.899005465423565583e-39
4.552935074866949705e+00 2.930203299214391587e-39
4.824108704165371186e+00 2.944892082211591792e-39
5.111433483440167791e+00 2.936583534725935017e-39
5.415871378079473608e+00 2.884178399528571912e-39
5.738441648302395670e+00 2.793389365680421342e-39
6.080224261649424200e+00 2.639341231998544566e-39
6.442363508721373755e+00 2.422941668210069509e-39
6.826071834272389616e+00 2.151256363534804860e-39
7.232633896483537050e+00 1.842961669438297370e-39
7.663410868007458632e+00 1.520125511927768975e-39
8.119844993184013759e+00 1.215091642732431009e-39
8.603464416684504457e+00 9.442250896515862063e-40
9.115888299750823265e+00 7.184767306606193313e-40
9.658832241158703980e+00 5.371897954675107676e-40
1.023411402105453760e+01 3.945638119302063948e-40
1.084365968689610860e+01 2.826095729332740143e-40
1.148951000187309823e+01 1.918833815513078950e-40
1.217382727739662052e+01 1.052183021215913013e-40
1.289890261253309411e+01 5.564494463397213209e-41
1.366716356462007376e+01 4.264915421885072769e-41
1.448118227674534531e+01 3.488284366512294728e-41
1.534368408930013139e+01 2.912428648108751397e-41
1.625755666443794922e+01 2.449868803401503777e-41
1.722585965398787522e+01 2.049408412376534151e-41
1.825183494319044186e+01 1.705379549986095507e-41
1.933891750455232028e+01 1.414723704469800370e-41
2.049074689815848060e+01 1.176112968287712568e-41
2.171117945694505380e+01 9.864402279342781656e-42
2.300430119772919113e+01 8.383291277309344824e-42
2.437444150122221842e+01 7.230735591025259946e-42
2.582618760682677461e+01 6.333097804380955266e-42
2.736439997074672092e+01 5.635229021994150193e-42
2.899422853882878215e+01 5.084673655555745506e-42
3.072112998861759081e+01 4.653770684864338971e-42
3.255088599835060137e+01 4.304959600505106507e-42
3.448962260405759395e+01 4.029806585752137935e-42
3.654383070957258184e+01 3.803458378673503498e-42
3.872038781812557318e+01 3.620648090620524733e-42
4.102658105827194390e+01 3.472584389973671570e-42
4.347013158125026422e+01 3.355789923563376592e-42
4.605922041145108636e+01 3.257025168662302559e-42
4.880251583654433745e+01 3.180109180187471496e-42
5.170920242896760755e+01 3.117988359442124906e-42
5.478901179593945159e+01 3.072431527041071580e-42
5.805225516094901650e+01 3.036534485690173146e-42
6.150985788580504021e+01 3.012885285652670916e-42
6.517339604882427295e+01 2.999154130633425012e-42
6.905513520162330110e+01 2.994504926309772252e-42
7.316807143427199378e+01 2.998498935227917593e-42
7.752597488629464806e+01 3.010661736964687099e-42
8.214343584919430441e+01 3.030950314776873027e-42
8.703591361485165123e+01 3.059693522769946212e-42
9.221978823334330855e+01 3.096832399525374664e-42
9.771241535346501905e+01 3.140725693614008916e-42
1.035321843295662632e+02 3.194122446440424036e-42
1.096985797892384085e+02 3.255977878709116061e-42
1.162322468679852960e+02 3.323671010236852941e-42
1.231550603292826196e+02 3.404684318275420474e-42
1.304901978014403028e+02 3.487912755853394055e-42
1.382622173764656281e+02 3.587444066606240593e-42
1.464971398307286279e+02 3.689806854785866979e-42
1.552225357427047925e+02 3.806730915847292442e-42
1.644676177994664386e+02 3.933228578377708286e-42
1.742633386009650849e+02 4.066390846325764207e-42
1.846424942895544348e+02 4.214379419410159448e-42
1.956398343517064689e+02 4.372299619902330585e-42
2.072921779595371845e+02 4.542337146039069192e-42
2.196385372416546886e+02 4.724233772434729812e-42
2.327202478960409735e+02 4.919172799507480741e-42
2.465811075822603868e+02 5.126930823142081586e-42
2.612675225563328922e+02 5.353715367578904033e-42
2.768286630392066741e+02 5.592932905723157669e-42
2.933166278390045250e+02 5.845592867849102924e-42
3.107866187782013867e+02 6.114950056829925577e-42
3.292971255097151584e+02 6.401662805321572207e-42
3.489101213406773923e+02 6.710747735170232499e-42
3.696912707195028247e+02 7.040174698513929991e-42
3.917101490809260440e+02 7.389764592314099268e-42
4.150404757850476472e+02 7.760584935335200695e-42
4.397603609302720997e+02 8.153999000250447500e-42
4.659525668664682030e+02 8.570667812504106821e-42
4.937047852839003781e+02 9.011454132798851002e-42
5.231099308056263908e+02 9.479409228619153932e-42
5.542664520663107623e+02 9.975973752338772768e-42
5.872786613189482523e+02 1.050479432277811220e-41
6.222570836730230894e+02 1.106707110717276155e-41
6.593188271333548300e+02 1.166383690883407144e-41
6.985879746785249154e+02 1.229679630132041016e-41
7.401959996915644524e+02 1.296756893593630477e-41
7.842822061337682271e+02 1.367889601409228363e-41
8.309941949353395785e+02 1.443309788075059368e-41
8.804883581643464368e+02 1.523269290561727222e-41
9.329304026284686415e+02 1.608036823410355877e-41
9.884959046625585870e+02 1.697895161223699842e-41
1.047370897959450758e+03 1.793143957704717896e-41
1.109752496412072105e+03 1.894103031619434665e-41
1.175849554052158055e+03 2.001113410635466519e-41
1.245883364295008050e+03 2.114530933149637404e-41
1.320088400831419449e+03 2.234732714717551323e-41
1.398713102647238657e+03 2.362123527791076572e-41
1.482020705798860035e+03 2.497138411659224480e-41
1.570290124729377567e+03 2.640221690480334562e-41
1.663816886076130686e+03 2.791851879775047135e-41
1.762914118095947970e+03 2.952536417983306202e-41
1.867913599020784659e+03 3.122876859414270365e-41
1.979166867853557278e+03 3.303351719722558716e-41
2.097046401323234932e+03 3.494598846292609060e-41
2.221946860939523958e+03 3.697256790937134926e-41
2.354286414322420114e+03 3.912133220981021640e-41
2.494508135230316384e+03 4.139771788470499448e-41
2.643081486974108429e+03 4.380964084501588385e-41
2.800503894183631019e+03 4.636627816091673591e-41
2.967302408188872505e+03 4.907394719844863318e-41
3.144035471591500027e+03 5.194334854021581001e-41
3.331294787934677061e+03 5.498291537892042979e-41
3.529707302730650099e+03 5.820396002716018435e-41
3.739937302478801485e+03 6.161342978664670502e-41
3.962688638701478339e+03 6.522393842992110334e-41
4.198707084443914027e+03 6.904710485273903510e-41
4.448782831127585268e+03 7.309830063856573216e-41
4.713753134116728688e+03 7.740073907528680306e-41
4.994505115855139593e+03 8.195955288100362029e-41
5.291978735958447032e+03 8.678966143843606375e-41
5.607169938205458493e+03 9.190567408115492838e-41
5.941133984965039417e+03 9.732671697102388396e-41
6.294988990221887434e+03 1.030722429671172685e-40
6.669919663030128504e+03 1.091594917678627753e-40
7.067181273927491020e+03 1.156081274467376210e-40
7.488103857590030202e+03 1.224420389737920070e-40
7.934096665797492278e+03 1.296827284532350183e-40
8.406652885618334039e+03 1.373533975485643206e-40
8.907354638610438997e+03 1.454861602707820106e-40
9.437878277775391325e+03 1.541017817044577560e-40
1.000000000000000000e+04 1.632281906443443856e-40
