# SI neutrino floor for NaI 
#  Column 0 = Mass [GeV] 
#  Column 1 = Cross section [cm^2]
1.000000000000000056e-01 4.257428382944822140e-45
1.059560179277615893e-01 4.705450171386252377e-45
1.122667773510813566e-01 5.224793884904779311e-45
1.189534067370319470e-01 5.830917643310589909e-45
1.260382929679727537e-01 6.547484749474965521e-45
1.335451562929898806e-01 7.387099765468710875e-45
1.414991297434576023e-01 8.375845345981199202e-45
1.499268432786045602e-01 9.552153036405077017e-45
1.588565129428052836e-01 1.096633072397160882e-44
1.683180353330956669e-01 1.266585483759762848e-44
1.783430876931909326e-01 1.469808354426767887e-44
1.889652339691209604e-01 1.711674553112481875e-44
2.002200371815584523e-01 1.987744494583005781e-44
2.121451784910629856e-01 2.293022194386179552e-44
2.247805833548725263e-01 2.617878962232026169e-44
2.381685551976158166e-01 2.954143081632188720e-44
2.523539170434765944e-01 3.292637033342566272e-44
2.673841615839946395e-01 3.627501105508482746e-44
2.833096101839324144e-01 3.964268837082522966e-44
3.001835813575589040e-01 4.299472508459853497e-44
3.180625692794120107e-01 4.640632975569747596e-44
3.370064329271929005e-01 4.986580686430589040e-44
3.570785964900463627e-01 5.336515513515513717e-44
3.783462617131930217e-01 5.679221832242131155e-44
4.008806328898465443e-01 5.987416753727356327e-44
4.247571552536899553e-01 6.231967093083256871e-44
4.500557675700498916e-01 6.404634034583236282e-44
4.768611697714470465e-01 6.497556460251385810e-44
5.052631065335680960e-01 6.505545676984200476e-44
5.353566677410726005e-01 6.409296534515164994e-44
5.672426068491979168e-01 6.170342382869947988e-44
6.010276782070382851e-01 5.736017500618906031e-44
6.368249944718588074e-01 5.134927443238866605e-44
6.747544053110694495e-01 4.464364893752800905e-44
7.149428986597579083e-01 3.798819388839961225e-44
7.575250258771913936e-01 3.169874548770629589e-44
8.026433522257175879e-01 2.600118471621563650e-44
8.504489341802679014e-01 2.095844195312829332e-44
9.011018251665020573e-01 1.660477406885635038e-44
9.547716114208059102e-01 1.293215305886663675e-44
1.011637979766207618e+00 9.945466556145223030e-45
1.071891319205128035e+00 7.629162156080487439e-45
1.135733358343105737e+00 5.905725750267885537e-45
1.203377840777589913e+00 4.650045381031070707e-45
1.275051240713013456e+00 3.736572131375593441e-45
1.350993521198027292e+00 3.064013237780054305e-45
1.431458937523479191e+00 2.566795413682441853e-45
1.516716888470923230e+00 2.197058974502115335e-45
1.607052818261639260e+00 1.922453406852740965e-45
1.702769172225900407e+00 1.723365480901803268e-45
1.804186409392072754e+00 1.579751310350981256e-45
1.911644075385702690e+00 1.479429998376035720e-45
2.025501939230667681e+00 1.411209243489681192e-45
2.146141197858404848e+00 1.368671903922268323e-45
2.273965752357928860e+00 1.344363352904193215e-45
2.409403560239525621e+00 1.334230993276537392e-45
2.552908068239517991e+00 1.335234542709502706e-45
2.704959730463135870e+00 1.344720186277515904e-45
2.866067616948251739e+00 1.359617382579336904e-45
3.036771118035459072e+00 1.379005950289000140e-45
3.217641750250737065e+00 1.400689198778205271e-45
3.409285069746812891e+00 1.424636647777141968e-45
3.612342699709432114e+00 1.448270558647737454e-45
3.827494478516312970e+00 1.469212670265965279e-45
4.055460735840830111e+00 1.486268863346799522e-45
4.297004704320841917e+00 1.497154153313167582e-45
4.552935074866949705e+00 1.499981721382865474e-45
4.824108704165371186e+00 1.490013038327434180e-45
5.111433483440167791e+00 1.463396249836278132e-45
5.415871378079473608e+00 1.415798212103136025e-45
5.738441648302395670e+00 1.340528728574223173e-45
6.080224261649424200e+00 1.231866288137021579e-45
6.442363508721373755e+00 1.090035102665418791e-45
6.826071834272389616e+00 9.216032996523560789e-46
7.232633896483537050e+00 7.435080295019738487e-46
7.663410868007458632e+00 5.748381767172743140e-46
8.119844993184013759e+00 4.290758564890763304e-46
8.603464416684504457e+00 3.115967625907987985e-46
9.115888299750823265e+00 2.216135798032821438e-46
9.658832241158703980e+00 1.542525245501587007e-46
1.023411402105453760e+01 1.034198637081981043e-46
1.084365968689610860e+01 6.133844228040872312e-47
1.148951000187309823e+01 2.336728863294250342e-47
1.217382727739662052e+01 1.702035797958434835e-47
1.289890261253309411e+01 1.352892441954344568e-47
1.366716356462007376e+01 1.109097548140278025e-47
1.448118227674534531e+01 9.227058976318461150e-48
1.534368408930013139e+01 7.679441917119292946e-48
1.625755666443794922e+01 6.348698237006114694e-48
1.722585965398787522e+01 5.167004154954133041e-48
1.825183494319044186e+01 4.147185401594648389e-48
1.933891750455232028e+01 3.313858418930299354e-48
2.049074689815848060e+01 2.663846351734542147e-48
2.171117945694505380e+01 2.171952174500049007e-48
2.300430119772919113e+01 1.805621710526348240e-48
2.437444150122221842e+01 1.531455518676853919e-48
2.582618760682677461e+01 1.322885936246635259e-48
2.736439997074672092e+01 1.162874038919006368e-48
2.899422853882878215e+01 1.038457486573337050e-48
3.072112998861759081e+01 9.404478654211414398e-49
3.255088599835060137e+01 8.626991870954686809e-49
3.448962260405759395e+01 8.008278347793493900e-49
3.654383070957258184e+01 7.511026081433685777e-49
3.872038781812557318e+01 7.111675087718161507e-49
4.102658105827194390e+01 6.794469793786169836e-49
4.347013158125026422e+01 6.542125113011080914e-49
4.605922041145108636e+01 6.346606807917771416e-49
4.880251583654433745e+01 6.198440833039656451e-49
5.170920242896760755e+01 6.091699353354238757e-49
5.478901179593945159e+01 6.022214366646901883e-49
5.805225516094901650e+01 5.985757857983039854e-49
6.150985788580504021e+01 5.978801931048724798e-49
6.517339604882427295e+01 5.999698896373207044e-49
6.905513520162330110e+01 6.046053443855423855e-49
7.316807143427199378e+01 6.119697487749980714e-49
7.752597488629464806e+01 6.214556647221436018e-49
8.214343584919430441e+01 6.333993359092787558e-49
8.703591361485165123e+01 6.474608738977449427e-49
9.221978823334330855e+01 6.638355469577293527e-49
9.771241535346501905e+01 6.825893377210001889e-49
1.035321843295662632e+02 7.036174955408018108e-49
1.096985797892384085e+02 7.268313612965080200e-49
1.162322468679852960e+02 7.523549643831061050e-49
1.231550603292826196e+02 7.801140150245014878e-49
1.304901978014403028e+02 8.104357825512627127e-49
1.382622173764656281e+02 8.434507876307642220e-49
1.464971398307286279e+02 8.790204023138532309e-49
1.552225357427047925e+02 9.171940623571144418e-49
1.644676177994664386e+02 9.582423686089114315e-49
1.742633386009650849e+02 1.002269497299242503e-48
1.846424942895544348e+02 1.049133314144399413e-48
1.956398343517064689e+02 1.099545176404410253e-48
2.072921779595371845e+02 1.153162111473293150e-48
2.196385372416546886e+02 1.210480133144947570e-48
2.327202478960409735e+02 1.271361222492203401e-48
2.465811075822603868e+02 1.336349374256034349e-48
2.612675225563328922e+02 1.405299815221450771e-48
2.768286630392066741e+02 1.478962320162332049e-48
2.933166278390045250e+02 1.556949995075948765e-48
3.107866187782013867e+02 1.639861724474203936e-48
3.292971255097151584e+02 1.727938279825558869e-48
3.489101213406773923e+02 1.821296689941233629e-48
3.696912707195028247e+02 1.920740824337023663e-48
3.917101490809260440e+02 2.026223446393540608e-48
4.150404757850476472e+02 2.137820701241824682e-48
4.397603609302720997e+02 2.256456158376921255e-48
4.659525668664682030e+02 2.382408661495017630e-48
4.937047852839003781e+02 2.515558546726454854e-48
5.231099308056263908e+02 2.657047467535463531e-48
5.542664520663107623e+02 2.807147368494035902e-48
5.872786613189482523e+02 2.966064679039351396e-48
6.222570836730230894e+02 3.134594713242555449e-48
6.593188271333548300e+02 3.313351402526925065e-48
6.985879746785249154e+02 3.503183532161579594e-48
7.401959996915644524e+02 3.703896116320712315e-48
7.842822061337682271e+02 3.916617425121068697e-48
8.309941949353395785e+02 4.142290997917800420e-48
8.804883581643464368e+02 4.381603114277329592e-48
9.329304026284686415e+02 4.634871047259070833e-48
9.884959046625585870e+02 4.903580025185929320e-48
1.047370897959450758e+03 5.188502428625311714e-48
1.109752496412072105e+03 5.489935054724467524e-48
1.175849554052158055e+03 5.809392627833776328e-48
1.245883364295008050e+03 6.148301548599271605e-48
1.320088400831419449e+03 6.507609714601247646e-48
1.398713102647238657e+03 6.887884013216613679e-48
1.482020705798860035e+03 7.290814104437556084e-48
1.570290124729377567e+03 7.717759751776459490e-48
1.663816886076130686e+03 8.170406310764935868e-48
1.762914118095947970e+03 8.650666699640873488e-48
1.867913599020784659e+03 9.158756374899922027e-48
1.979166867853557278e+03 9.696365155262155208e-48
2.097046401323234932e+03 1.026706991492063860e-47
2.221946860939523958e+03 1.087309680901806680e-47
2.354286414322420114e+03 1.151285126780267836e-47
2.494508135230316384e+03 1.219058886783295927e-47
2.643081486974108429e+03 1.291023741494084099e-47
2.800503894183631019e+03 1.367418266747768472e-47
2.967302408188872505e+03 1.448103396620661464e-47
3.144035471591500027e+03 1.533653965568845204e-47
3.331294787934677061e+03 1.624220906279613075e-47
3.529707302730650099e+03 1.720301303805597195e-47
3.739937302478801485e+03 1.822301307064044192e-47
3.962688638701478339e+03 1.930053476526726119e-47
4.198707084443914027e+03 2.044107405092617529e-47
4.448782831127585268e+03 2.165262193253587386e-47
4.713753134116728688e+03 2.293844781445207263e-47
4.994505115855139593e+03 2.429720613902847708e-47
5.291978735958447032e+03 2.573746229372560018e-47
5.607169938205458493e+03 2.726120259438833326e-47
5.941133984965039417e+03 2.887856527178112843e-47
6.294988990221887434e+03 3.059646793191688355e-47
6.669919663030128504e+03 3.240853109683478561e-47
7.067181273927491020e+03 3.433127716092154605e-47
7.488103857590030202e+03 3.637052139349948015e-47
7.934096665797492278e+03 3.852952898739590819e-47
8.406652885618334039e+03 4.082159595385157522e-47
8.907354638610438997e+03 4.324590754990971757e-47
9.437878277775391325e+03 4.580841291835264178e-47
1.000000000000000000e+04 4.853093679356413588e-47
