# SDp neutrino floor for NaI 
#  Column 0 = Mass [GeV] 
#  Column 1 = Cross section [cm^2]
1.000000000000000056e-01 4.694397493795206095e-40
1.059560179277615893e-01 5.464306974777023639e-40
1.122667773510813566e-01 6.407696473990924806e-40
1.189534067370319470e-01 7.538302361300260603e-40
1.260382929679727537e-01 8.847984586899338531e-40
1.335451562929898806e-01 1.032693190779747210e-39
1.414991297434576023e-01 1.197576705917802327e-39
1.499268432786045602e-01 1.376647711705569848e-39
1.588565129428052836e-01 1.569383946914990647e-39
1.683180353330956669e-01 1.772509010549044206e-39
1.783430876931909326e-01 1.981143594356677106e-39
1.889652339691209604e-01 2.190568609749262335e-39
2.002200371815584523e-01 2.394007517348126223e-39
2.121451784910629856e-01 2.583172637449812150e-39
2.247805833548725263e-01 2.747476723651571290e-39
2.381685551976158166e-01 2.882076286227627295e-39
2.523539170434765944e-01 2.981323950435669006e-39
2.673841615839946395e-01 3.044341893939378951e-39
2.833096101839324144e-01 3.071715091415319960e-39
3.001835813575589040e-01 3.066284828598375647e-39
3.180625692794120107e-01 3.027036294701115410e-39
3.370064329271929005e-01 2.956725031880704030e-39
3.570785964900463627e-01 2.850954001786600106e-39
3.783462617131930217e-01 2.705397585139715561e-39
4.008806328898465443e-01 2.523193296573454000e-39
4.247571552536899553e-01 2.309876991190768000e-39
4.500557675700498916e-01 2.074323460024630106e-39
4.768611697714470465e-01 1.830353018188333008e-39
5.052631065335680960e-01 1.587434852511966428e-39
5.353566677410726005e-01 1.358241555349762891e-39
5.672426068491979168e-01 1.149164687134316946e-39
6.010276782070382851e-01 9.635742351797952414e-40
6.368249944718588074e-01 8.058164413619637820e-40
6.747544053110694495e-01 6.743157254197829681e-40
7.149428986597579083e-01 5.698124201177752035e-40
7.575250258771913936e-01 4.892493842020161176e-40
8.026433522257175879e-01 4.263514409088614950e-40
8.504489341802679014e-01 3.768568112412501774e-40
9.011018251665020573e-01 3.358932254983290920e-40
9.547716114208059102e-01 3.008657857827374041e-40
1.011637979766207618e+00 2.707128009239428125e-40
1.071891319205128035e+00 2.440976179271924454e-40
1.135733358343105737e+00 2.209940577289893500e-40
1.203377840777589913e+00 2.010007446109330160e-40
1.275051240713013456e+00 1.840419174415527772e-40
1.350993521198027292e+00 1.699880336388990645e-40
1.431458937523479191e+00 1.584340725782634345e-40
1.516716888470923230e+00 1.492227892246149045e-40
1.607052818261639260e+00 1.420594763708871877e-40
1.702769172225900407e+00 1.366255603597744276e-40
1.804186409392072754e+00 1.327242166008953676e-40
1.911644075385702690e+00 1.300323480476240496e-40
2.025501939230667681e+00 1.284102202797765294e-40
2.146141197858404848e+00 1.276513212751987964e-40
2.273965752357928860e+00 1.275897117503637581e-40
2.409403560239525621e+00 1.280062158479364972e-40
2.552908068239517991e+00 1.286995464610379652e-40
2.704959730463135870e+00 1.295419569326791893e-40
2.866067616948251739e+00 1.301205565411315144e-40
3.036771118035459072e+00 1.301314959804088117e-40
3.217641750250737065e+00 1.290669726570185297e-40
3.409285069746812891e+00 1.263591038051877649e-40
3.612342699709432114e+00 1.216156586846388024e-40
3.827494478516312970e+00 1.147613194447743602e-40
4.055460735840830111e+00 1.060982079276121377e-40
4.297004704320841917e+00 9.610856235297727060e-41
4.552935074866949705e+00 8.549563836106995982e-41
4.824108704165371186e+00 7.493098782056454345e-41
5.111433483440167791e+00 6.492991582786015600e-41
5.415871378079473608e+00 5.561380576095223716e-41
5.738441648302395670e+00 4.721268403094478813e-41
6.080224261649424200e+00 3.972342100351880010e-41
6.442363508721373755e+00 3.301715123238200993e-41
6.826071834272389616e+00 2.711661927211633267e-41
7.232633896483537050e+00 2.188665434624620048e-41
7.663410868007458632e+00 1.723885771246804260e-41
8.119844993184013759e+00 1.307946546033714305e-41
8.603464416684504457e+00 9.147523111001680265e-42
9.115888299750823265e+00 2.965031873335974729e-42
9.658832241158703980e+00 1.879294246962102975e-42
1.023411402105453760e+01 1.441795951063363678e-42
1.084365968689610860e+01 1.150334484016217523e-42
1.148951000187309823e+01 9.370686749142971424e-43
1.217382727739662052e+01 7.785244047129450561e-43
1.289890261253309411e+01 6.593886572254532832e-43
1.366716356462007376e+01 5.665138403113213196e-43
1.448118227674534531e+01 4.932092445181087976e-43
1.534368408930013139e+01 4.349063899277710313e-43
1.625755666443794922e+01 3.867562739197087091e-43
1.722585965398787522e+01 3.464075382286937904e-43
1.825183494319044186e+01 3.118480926355673987e-43
1.933891750455232028e+01 2.818467000312748321e-43
2.049074689815848060e+01 2.559173527534798164e-43
2.171117945694505380e+01 2.334152835825517013e-43
2.300430119772919113e+01 2.138792452884348958e-43
2.437444150122221842e+01 1.969325045393363357e-43
2.582618760682677461e+01 1.822569372242403999e-43
2.736439997074672092e+01 1.697718442475687776e-43
2.899422853882878215e+01 1.590862986130137994e-43
3.072112998861759081e+01 1.500140323637269095e-43
3.255088599835060137e+01 1.423826234648062070e-43
3.448962260405759395e+01 1.359021038392177494e-43
3.654383070957258184e+01 1.304552147200782111e-43
3.872038781812557318e+01 1.258675933771725261e-43
4.102658105827194390e+01 1.220480296644081314e-43
4.347013158125026422e+01 1.190043780333595384e-43
4.605922041145108636e+01 1.164299383984388151e-43
4.880251583654433745e+01 1.144977869991024462e-43
5.170920242896760755e+01 1.128625656524203151e-43
5.478901179593945159e+01 1.116954390916811423e-43
5.805225516094901650e+01 1.109411678527583135e-43
6.150985788580504021e+01 1.105334986314256100e-43
6.517339604882427295e+01 1.104249733643269185e-43
6.905513520162330110e+01 1.106148569116029291e-43
7.316807143427199378e+01 1.110990292380003369e-43
7.752597488629464806e+01 1.118907680307839542e-43
8.214343584919430441e+01 1.130250842345665358e-43
8.703591361485165123e+01 1.143690350597037431e-43
9.221978823334330855e+01 1.160113714179956666e-43
9.771241535346501905e+01 1.179652031604992181e-43
1.035321843295662632e+02 1.201782524165997736e-43
1.096985797892384085e+02 1.227171712341956340e-43
1.162322468679852960e+02 1.255438039915755206e-43
1.231550603292826196e+02 1.286236634318038823e-43
1.304901978014403028e+02 1.322032678120940220e-43
1.382622173764656281e+02 1.359171171275936737e-43
1.464971398307286279e+02 1.400554466244432317e-43
1.552225357427047925e+02 1.446350662074701745e-43
1.644676177994664386e+02 1.494987923768229029e-43
1.742633386009650849e+02 1.546893572055226896e-43
1.846424942895544348e+02 1.603593523758381460e-43
1.956398343517064689e+02 1.664272594221899337e-43
2.072921779595371845e+02 1.729473800324075160e-43
2.196385372416546886e+02 1.799394806537748610e-43
2.327202478960409735e+02 1.874070107875254652e-43
2.465811075822603868e+02 1.953786690084829933e-43
2.612675225563328922e+02 2.039224065101944501e-43
2.768286630392066741e+02 2.130246482757655538e-43
2.933166278390045250e+02 2.227049700521955173e-43
3.107866187782013867e+02 2.329941538700929853e-43
3.292971255097151584e+02 2.439279359296299121e-43
3.489101213406773923e+02 2.555582283986258826e-43
3.696912707195028247e+02 2.679490302900610491e-43
3.917101490809260440e+02 2.811084926396175421e-43
4.150404757850476472e+02 2.950729020923116335e-43
4.397603609302720997e+02 3.099593118170696570e-43
4.659525668664682030e+02 3.258362759852665316e-43
4.937047852839003781e+02 3.426722915291082926e-43
5.231099308056263908e+02 3.605465722874100552e-43
5.542664520663107623e+02 3.793972980002305735e-43
5.872786613189482523e+02 3.992726418103116740e-43
6.222570836730230894e+02 4.204381409435251345e-43
6.593188271333548300e+02 4.429452721586337463e-43
6.985879746785249154e+02 4.668592216896244903e-43
7.401959996915644524e+02 4.922349056125791357e-43
7.842822061337682271e+02 5.192451185370955918e-43
8.309941949353395785e+02 5.475442766562531523e-43
8.804883581643464368e+02 5.775894381058007139e-43
9.329304026284686415e+02 6.096525317137786669e-43
9.884959046625585870e+02 6.436033497707087848e-43
1.047370897959450758e+03 6.796461007928027355e-43
1.109752496412072105e+03 7.176677250945843872e-43
1.175849554052158055e+03 7.578698992155403211e-43
1.245883364295008050e+03 8.007522131000963493e-43
1.320088400831419449e+03 8.461947835983903732e-43
1.398713102647238657e+03 8.943335037869827416e-43
1.482020705798860035e+03 9.451229124895134666e-43
1.570290124729377567e+03 9.988827302357407567e-43
1.663816886076130686e+03 1.056301512935757210e-42
1.762914118095947970e+03 1.117135480838190557e-42
1.867913599020784659e+03 1.181215575085652114e-42
1.979166867853557278e+03 1.249029717070218591e-42
2.097046401323234932e+03 1.321200354798018458e-42
2.221946860939523958e+03 1.397853900895870025e-42
2.354286414322420114e+03 1.479114742773542252e-42
2.494508135230316384e+03 1.564431863849709661e-42
2.643081486974108429e+03 1.655052217619724964e-42
2.800503894183631019e+03 1.751904161008899493e-42
2.967302408188872505e+03 1.854444285925769860e-42
3.144035471591500027e+03 1.962043053240308474e-42
3.331294787934677061e+03 2.076066459951295825e-42
3.529707302730650099e+03 2.198061422064027441e-42
3.739937302478801485e+03 2.327424529118295341e-42
3.962688638701478339e+03 2.463458992072727940e-42
4.198707084443914027e+03 2.607035589983432296e-42
4.448782831127585268e+03 2.760528538697173866e-42
4.713753134116728688e+03 2.923612414162134863e-42
4.994505115855139593e+03 3.095545456397759677e-42
5.291978735958447032e+03 3.276244953789618179e-42
5.607169938205458493e+03 3.469509261344539210e-42
5.941133984965039417e+03 3.674886833412642141e-42
6.294988990221887434e+03 3.892184181554589898e-42
6.669919663030128504e+03 4.119725060485076488e-42
7.067181273927491020e+03 4.363152692627269133e-42
7.488103857590030202e+03 4.621932738186052598e-42
7.934096665797492278e+03 4.896153722183654164e-42
8.406652885618334039e+03 5.182850474268448577e-42
8.907354638610438997e+03 5.489477373479243235e-42
9.437878277775391325e+03 5.815705506801134959e-42
1.000000000000000000e+04 6.161489524406923209e-42
