# SDp neutrino floor for Xe 
#  Column 0 = Mass [GeV] 
#  Column 1 = Cross section [cm^2]
1.000000000000000056e-01 8.585065864009521046e-38
1.059560179277615893e-01 9.466375338435054673e-38
1.122667773510813566e-01 1.048906774892149644e-37
1.189534067370319470e-01 1.167923011528768140e-37
1.260382929679727537e-01 1.306202154224444469e-37
1.335451562929898806e-01 1.465762847567380327e-37
1.414991297434576023e-01 1.652259904917052403e-37
1.499268432786045602e-01 1.870228574944920175e-37
1.588565129428052836e-01 2.129956034165740046e-37
1.683180353330956669e-01 2.443073357630760765e-37
1.783430876931909326e-01 2.821372287524024279e-37
1.889652339691209604e-01 3.281141499824034498e-37
2.002200371815584523e-01 3.819349931518261311e-37
2.121451784910629856e-01 4.431277120293838606e-37
2.247805833548725263e-01 5.095765642821890278e-37
2.381685551976158166e-01 5.785550772363457036e-37
2.523539170434765944e-01 6.491140062424927372e-37
2.673841615839946395e-01 7.192746108287366320e-37
2.833096101839324144e-01 7.896545442438099834e-37
3.001835813575589040e-01 8.603493220414951810e-37
3.180625692794120107e-01 9.317953117303370771e-37
3.370064329271929005e-01 1.005114243363044008e-36
3.570785964900463627e-01 1.079819250296254517e-36
3.783462617131930217e-01 1.155960224229987839e-36
4.008806328898465443e-01 1.230706222220330958e-36
4.247571552536899553e-01 1.300445468820744688e-36
4.500557675700498916e-01 1.359306505919454242e-36
4.768611697714470465e-01 1.398360495348196040e-36
5.052631065335680960e-01 1.406718796906826863e-36
5.353566677410726005e-01 1.376922504562945137e-36
5.672426068491979168e-01 1.305380103338295784e-36
6.010276782070382851e-01 1.197691183459260195e-36
6.368249944718588074e-01 1.062530569449628228e-36
6.747544053110694495e-01 9.118526350516251857e-37
7.149428986597579083e-01 7.563217074132666541e-37
7.575250258771913936e-01 6.050005647452569446e-37
8.026433522257175879e-01 4.657269978146432854e-37
8.504489341802679014e-01 3.447886153466789701e-37
9.011018251665020573e-01 2.476615865119044194e-37
9.547716114208059102e-01 1.769647381613821420e-37
1.011637979766207618e+00 1.291315057319105463e-37
1.071891319205128035e+00 9.715336534589046530e-38
1.135733358343105737e+00 7.516624668403715972e-38
1.203377840777589913e+00 5.964615875057691045e-38
1.275051240713013456e+00 4.850245756518463368e-38
1.350993521198027292e+00 4.043264492606343719e-38
1.431458937523479191e+00 3.462832256451663494e-38
1.516716888470923230e+00 3.049884248550316832e-38
1.607052818261639260e+00 2.762997196654200450e-38
1.702769172225900407e+00 2.572204245372575637e-38
1.804186409392072754e+00 2.451595420608549921e-38
1.911644075385702690e+00 2.385513686191748054e-38
2.025501939230667681e+00 2.360198199966889741e-38
2.146141197858404848e+00 2.366170141724875517e-38
2.273965752357928860e+00 2.398242581602708266e-38
2.409403560239525621e+00 2.449626645586077451e-38
2.552908068239517991e+00 2.518459784735071354e-38
2.704959730463135870e+00 2.601576447315695248e-38
2.866067616948251739e+00 2.695542190299325798e-38
3.036771118035459072e+00 2.799425323707456142e-38
3.217641750250737065e+00 2.909638584226714270e-38
3.409285069746812891e+00 3.024984873617561132e-38
3.612342699709432114e+00 3.143153488268169455e-38
3.827494478516312970e+00 3.260100831976420768e-38
4.055460735840830111e+00 3.374127982219833784e-38
4.297004704320841917e+00 3.479635095874423712e-38
4.552935074866949705e+00 3.570719060140699757e-38
4.824108704165371186e+00 3.642800071830423209e-38
5.111433483440167791e+00 3.684587401862048369e-38
5.415871378079473608e+00 3.685496953643572268e-38
5.738441648302395670e+00 3.623425515809333720e-38
6.080224261649424200e+00 3.458822001040609988e-38
6.442363508721373755e+00 3.113204603255466323e-38
6.826071834272389616e+00 2.527134791264209317e-38
7.232633896483537050e+00 1.757487459099671892e-38
7.663410868007458632e+00 9.402292788443535328e-39
8.119844993184013759e+00 1.086231869574010099e-39
8.603464416684504457e+00 6.091228572793000947e-40
9.115888299750823265e+00 3.774078816798969902e-40
9.658832241158703980e+00 2.458956527028778133e-40
1.023411402105453760e+01 1.667006686197741101e-40
1.084365968689610860e+01 1.171234741549824681e-40
1.148951000187309823e+01 8.519656340606430776e-41
1.217382727739662052e+01 6.415244499867562837e-41
1.289890261253309411e+01 4.994218618377229620e-41
1.366716356462007376e+01 4.023763719776272572e-41
1.448118227674534531e+01 3.353137600152075246e-41
1.534368408930013139e+01 2.883743402395901283e-41
1.625755666443794922e+01 2.556054345216661644e-41
1.722585965398787522e+01 2.325884932057754428e-41
1.825183494319044186e+01 2.164015287602296367e-41
1.933891750455232028e+01 2.052455141378152329e-41
2.049074689815848060e+01 1.976667298374615364e-41
2.171117945694505380e+01 1.928011101052629346e-41
2.300430119772919113e+01 1.900226374668404927e-41
2.437444150122221842e+01 1.888731738202775993e-41
2.582618760682677461e+01 1.890483710324444871e-41
2.736439997074672092e+01 1.903369660437917049e-41
2.899422853882878215e+01 1.925499091747483003e-41
3.072112998861759081e+01 1.955507716757415082e-41
3.255088599835060137e+01 1.992650576973382183e-41
3.448962260405759395e+01 2.035796875711854893e-41
3.654383070957258184e+01 2.084932887232065064e-41
3.872038781812557318e+01 2.138757447027946575e-41
4.102658105827194390e+01 2.196633345816142159e-41
4.347013158125026422e+01 2.258767119490962943e-41
4.605922041145108636e+01 2.324082900392073293e-41
4.880251583654433745e+01 2.391511385674696278e-41
5.170920242896760755e+01 2.460336050020254416e-41
5.478901179593945159e+01 2.530418761294810294e-41
5.805225516094901650e+01 2.601595788382207852e-41
6.150985788580504021e+01 2.672620045973004074e-41
6.517339604882427295e+01 2.743075210334188917e-41
6.905513520162330110e+01 2.814608278687449937e-41
7.316807143427199378e+01 2.886451536134464884e-41
7.752597488629464806e+01 2.957923259657423407e-41
8.214343584919430441e+01 3.031630269999480085e-41
8.703591361485165123e+01 3.107374007437264364e-41
9.221978823334330855e+01 3.184055389642459543e-41
9.771241535346501905e+01 3.264885595837252548e-41
1.035321843295662632e+02 3.349206061822741263e-41
1.096985797892384085e+02 3.436795044670011401e-41
1.162322468679852960e+02 3.529488819172102994e-41
1.231550603292826196e+02 3.628317042089013138e-41
1.304901978014403028e+02 3.732603407644159532e-41
1.382622173764656281e+02 3.843242179200371265e-41
1.464971398307286279e+02 3.960760020801920345e-41
1.552225357427047925e+02 4.086796197811990524e-41
1.644676177994664386e+02 4.221479587112990809e-41
1.742633386009650849e+02 4.365348064433748591e-41
1.846424942895544348e+02 4.518257539040258223e-41
1.956398343517064689e+02 4.681574543349182978e-41
2.072921779595371845e+02 4.856104767516360431e-41
2.196385372416546886e+02 5.041863573545362451e-41
2.327202478960409735e+02 5.240583448670774553e-41
2.465811075822603868e+02 5.451815785161092551e-41
2.612675225563328922e+02 5.676793585939940277e-41
2.768286630392066741e+02 5.916470017298932380e-41
2.933166278390045250e+02 6.171534445570526275e-41
3.107866187782013867e+02 6.443948349406825016e-41
3.292971255097151584e+02 6.733632929682312131e-41
3.489101213406773923e+02 7.041152643705851952e-41
3.696912707195028247e+02 7.367355458135443166e-41
3.917101490809260440e+02 7.714841378575924840e-41
4.150404757850476472e+02 8.085103050766131414e-41
4.397603609302720997e+02 8.476750803892981468e-41
4.659525668664682030e+02 8.891744956095176824e-41
4.937047852839003781e+02 9.334848031527331783e-41
5.231099308056263908e+02 9.804228138992022753e-41
5.542664520663107623e+02 1.030083569907062088e-40
5.872786613189482523e+02 1.083036856190430465e-40
6.222570836730230894e+02 1.139104236459187645e-40
6.593188271333548300e+02 1.198412448152126768e-40
6.985879746785249154e+02 1.261615520962137426e-40
7.401959996915644524e+02 1.328490626246115833e-40
7.842822061337682271e+02 1.399376148353523004e-40
8.309941949353395785e+02 1.474750951833023292e-40
8.804883581643464368e+02 1.554215501162388531e-40
9.329304026284686415e+02 1.639104823327216801e-40
9.884959046625585870e+02 1.728326402884113483e-40
1.047370897959450758e+03 1.823748910119016081e-40
1.109752496412072105e+03 1.924133739269676134e-40
1.175849554052158055e+03 2.031148660352129642e-40
1.245883364295008050e+03 2.144160144420519811e-40
1.320088400831419449e+03 2.264070330824210246e-40
1.398713102647238657e+03 2.391318607097295442e-40
1.482020705798860035e+03 2.525773204939608991e-40
1.570290124729377567e+03 2.668799108946230415e-40
1.663816886076130686e+03 2.819919814321263686e-40
1.762914118095947970e+03 2.980343658821985385e-40
1.867913599020784659e+03 3.150210474739365130e-40
1.979166867853557278e+03 3.330364037378687011e-40
2.097046401323234932e+03 3.521253928873294930e-40
2.221946860939523958e+03 3.723325287964035685e-40
2.354286414322420114e+03 3.937671338565811102e-40
2.494508135230316384e+03 4.164628851951660837e-40
2.643081486974108429e+03 4.405067826567118981e-40
2.800503894183631019e+03 4.660025706043839881e-40
2.967302408188872505e+03 4.930247089236268822e-40
3.144035471591500027e+03 5.216012898662831538e-40
3.331294787934677061e+03 5.519723901915436453e-40
3.529707302730650099e+03 5.840707955823753038e-40
3.739937302478801485e+03 6.181760666801999185e-40
3.962688638701478339e+03 6.541963130874697856e-40
4.198707084443914027e+03 6.924942596016478039e-40
4.448782831127585268e+03 7.329294387582616978e-40
4.713753134116728688e+03 7.759154683142638646e-40
4.994505115855139593e+03 8.213475503779412678e-40
5.291978735958447032e+03 8.695562762695980888e-40
5.607169938205458493e+03 9.206132667843873330e-40
5.941133984965039417e+03 9.747094685873703626e-40
6.294988990221887434e+03 1.032092732727072506e-39
6.669919663030128504e+03 1.092767508008642583e-39
7.067181273927491020e+03 1.157202891673618123e-39
7.488103857590030202e+03 1.225249516000906662e-39
7.934096665797492278e+03 1.297625945707805878e-39
8.406652885618334039e+03 1.374081529274737637e-39
8.907354638610438997e+03 1.455295955187141978e-39
9.437878277775391325e+03 1.541214083311352669e-39
1.000000000000000000e+04 1.632309132351394125e-39
