1.000000000000000021e-02 2.333130128451089840e+06
1.007072300075525194e-02 2.331974651454420760e+06
1.014194617579408653e-02 2.330811676044207532e+06
1.021367306249912864e-02 2.329641158308647107e+06
1.028590722327043204e-02 2.328463054145720787e+06
1.035865224570241272e-02 2.327277319263394456e+06
1.043191174276203274e-02 2.326083909179787152e+06
1.050568935296824179e-02 2.324882779223414604e+06
1.057998874057268328e-02 2.323673884533408098e+06
1.065481359574169638e-02 2.322457180059764534e+06
1.073016763473956872e-02 2.321232620563641656e+06
1.080605460011313523e-02 2.320000160617660265e+06
1.088247826087764512e-02 2.318759754606185947e+06
1.095944241270395240e-02 2.317511356725693680e+06
1.103695087810703176e-02 2.316254920985151082e+06
1.111500750663583711e-02 2.314990401206351351e+06
1.119361617506448199e-02 2.313717751024366356e+06
1.127278078758479039e-02 2.312436923887955025e+06
1.135250527600020591e-02 2.311147873059999663e+06
1.143279359992106260e-02 2.309850551618022844e+06
1.151364974696124886e-02 2.308544912454648875e+06
1.159507773293625386e-02 2.307230908278149087e+06
1.167708160206261912e-02 2.305908491612983402e+06
1.175966542715880039e-02 2.304577614800367504e+06
1.184283330984744684e-02 2.303238229998881463e+06
1.192658938075911480e-02 2.301890289185099304e+06
1.201093779973742143e-02 2.300533744154223707e+06
1.209588275604562765e-02 2.299168546520776115e+06
1.218142846857475994e-02 2.297794647719299421e+06
1.226757918605306599e-02 2.296411999005076010e+06
1.235433918725710109e-02 2.295020551454917528e+06
1.244171278122420399e-02 2.293620255967912264e+06
1.252970430746651841e-02 2.292211063266284298e+06
1.261831813618652202e-02 2.290792923896188848e+06
1.270755866849407681e-02 2.289365788228646852e+06
1.279743033662500765e-02 2.287929606460401788e+06
1.288793760416124916e-02 2.286484328614853323e+06
1.297908496625252428e-02 2.285029904543061275e+06
1.307087694983959970e-02 2.283566283924716990e+06
1.316331811387913206e-02 2.282093416269151494e+06
1.325641304957008229e-02 2.280611250916433986e+06
1.335016638058175026e-02 2.279119737038447522e+06
1.344458276328341223e-02 2.277618823640003800e+06
1.353966688697558728e-02 2.276108459560001269e+06
1.363542347412293083e-02 2.274588593472635839e+06
1.373185728058879534e-02 2.273059173888613470e+06
1.382897309587140591e-02 2.271520149156405590e+06
1.392677574334177416e-02 2.269971467463560402e+06
1.402527008048323233e-02 2.268413076838008594e+06
1.412446099913269512e-02 2.266844925149461720e+06
1.422435342572361469e-02 2.265266960110793822e+06
1.432495232153065817e-02 2.263679129279474262e+06
1.442626268291611474e-02 2.262081380059076007e+06
1.452828954157804955e-02 2.260473659700768068e+06
1.463103796480020279e-02 2.258855915304876864e+06
1.473451305570367201e-02 2.257228093822475057e+06
1.483871995350035354e-02 2.255590142057009973e+06
1.494366383374819141e-02 2.253942006665988825e+06
1.504934990860823212e-02 2.252283634162686765e+06
1.515578342710348879e-02 2.250614970917901024e+06
1.526296967537963539e-02 2.248935963161725551e+06
1.537091397696756234e-02 2.247246556985422038e+06
1.547962169304777091e-02 2.245546698343275581e+06
1.558909822271661340e-02 2.243836333054522984e+06
1.569934900325450217e-02 2.242115406805322506e+06
1.581037951039591591e-02 2.240383865150750615e+06
1.592219525860137305e-02 2.238641653516866732e+06
1.603480180133130470e-02 2.236888717202821746e+06
1.614820473132189474e-02 2.235125001382969320e+06
1.626240968086281949e-02 2.233350451109102927e+06
1.637742232207700654e-02 2.231565011312644463e+06
1.649324836720234000e-02 2.229768626806967892e+06
1.660989356887536059e-02 2.227961242289708927e+06
1.672736372041698505e-02 2.226142802345148288e+06
1.684566465612022737e-02 2.224313251446665265e+06
1.696480225153998087e-02 2.222472533959162422e+06
1.708478242378481601e-02 2.220620594141648617e+06
1.720561113181088078e-02 2.218757376149802469e+06
1.732729437671784445e-02 2.216882824038574472e+06
1.744983820204696473e-02 2.214996881764906924e+06
1.757324869408119494e-02 2.213099493190449197e+06
1.769753198214757753e-02 2.211190602084336337e+06
1.782269423892153190e-02 2.209270152126047760e+06
1.794874168073351886e-02 2.207338086908287834e+06
1.807568056787775199e-02 2.205394349939931184e+06
1.820351720492312600e-02 2.203438884649041109e+06
1.833225794102632741e-02 2.201471634385912679e+06
1.846190917024719685e-02 2.199492542426200118e+06
1.859247733186627366e-02 2.197501551974063739e+06
1.872396891070463379e-02 2.195498606165429577e+06
1.885639043744594123e-02 2.193483648071268108e+06
1.898974848896082396e-02 2.191456620700915344e+06
1.912404968863350846e-02 2.189417467005504295e+06
1.925930070669077884e-02 2.187366129881426226e+06
1.939550826053327084e-02 2.185302552173837088e+06
1.953267911506909038e-02 2.183226676680250559e+06
1.967082008304981214e-02 2.181138446154196747e+06
1.980993802540879922e-02 2.179037803308917210e+06
1.995003985160205898e-02 2.176924690821130294e+06
2.009113251995126373e-02 2.174799051334882621e+06
2.023322303798951588e-02 2.172660827465434559e+06
2.037631846280920506e-02 2.170509961803216487e+06
2.052042590141265818e-02 2.168346396917879581e+06
2.066555251106502733e-02 2.166170075362360105e+06
2.081170549964980396e-02 2.163980939677053131e+06
2.095889212602678603e-02 2.161778932394048199e+06
2.110711970039261254e-02 2.159563996041385923e+06
2.125639558464381684e-02 2.157336073147453833e+06
2.140672719274248903e-02 2.155095106245410629e+06
2.155812199108446750e-02 2.152841037877659313e+06
2.171058749887019856e-02 2.150573810600449797e+06
2.186413128847815648e-02 2.148293366988482419e+06
2.201876098584095234e-02 2.145999649639640935e+06
2.217448427082409704e-02 2.143692601179776713e+06
2.233130887760736982e-02 2.141372164267517626e+06
2.248924259506905957e-02 2.139038281599246897e+06
2.264829326717266236e-02 2.136690895914080553e+06
2.280846879335661492e-02 2.134329949998916592e+06
2.296977712892648779e-02 2.131955386693611275e+06
2.313222628545019005e-02 2.129567148896181490e+06
2.329582433115584897e-02 2.127165179568114690e+06
2.346057939133250336e-02 2.124749421739715151e+06
2.362649964873369049e-02 2.122319818515583407e+06
2.379359334398382583e-02 2.119876313080126420e+06
2.396186877598750070e-02 2.117418848703143653e+06
2.413133430234164212e-02 2.114947368745537475e+06
2.430199833975061827e-02 2.112461816665060353e+06
2.447386936444424788e-02 2.109962136022144929e+06
2.464695591259880372e-02 2.107448270485828631e+06
2.482126658076094089e-02 2.104920163839752786e+06
2.499681002627468854e-02 2.102377759988245554e+06
2.517359496771140112e-02 2.099821002962470986e+06
2.535163018530280088e-02 2.097249836926680058e+06
2.553092452137699364e-02 2.094664206184536917e+06
2.571148688079777020e-02 2.092064055185519392e+06
2.589332623140670059e-02 2.089449328531400766e+06
2.607645160446868046e-02 2.086819970982846105e+06
2.626087209512039181e-02 2.084175927466056542e+06
2.644659686282207003e-02 2.081517143079509959e+06
2.663363513181239359e-02 2.078843563100789674e+06
2.682199619156662093e-02 2.076155132993494393e+06
2.701168939725797496e-02 2.073451798414261779e+06
2.720272417022226788e-02 2.070733505219815066e+06
2.739510999842582201e-02 2.068000199474164518e+06
2.758885643693671091e-02 2.065251827455846826e+06
2.778397310839931383e-02 2.062488335665286751e+06
2.798046970351223545e-02 2.059709670832231175e+06
2.817835598150961879e-02 2.056915779923258815e+06
2.837764177064582352e-02 2.054106610149405198e+06
2.857833696868360487e-02 2.051282108973850962e+06
2.878045154338559897e-02 2.048442224119729130e+06
2.898399553300954820e-02 2.045586903577990597e+06
2.918897904680665956e-02 2.042716095615377882e+06
2.939541226552391112e-02 2.039829748782479903e+06
2.960330544190947072e-02 2.036927811921898276e+06
2.981266890122208357e-02 2.034010234176464379e+06
3.002351304174380453e-02 2.031076964997600531e+06
3.023584833529646340e-02 2.028127954153716797e+06
3.044968532776174894e-02 2.025163151738738641e+06
3.066503463960499817e-02 2.022182508180719335e+06
3.088190696640265992e-02 2.019185974250523606e+06
3.110031307937351219e-02 2.016173501070633065e+06
3.132026382591362318e-02 2.013145040124030085e+06
3.154177013013510084e-02 2.010100543263151543e+06
3.176484299340867623e-02 2.007039962718987837e+06
3.198949349490998878e-02 2.003963251110224752e+06
3.221573279217006952e-02 2.000870361452490091e+06
3.244357212162921750e-02 1.997761247167728841e+06
3.267302279919534480e-02 1.994635862093614182e+06
3.290409622080571472e-02 1.991494160493090283e+06
3.313680386299322489e-02 1.988336097063995199e+06
3.337115728345611820e-02 1.985161626948799938e+06
3.360716812163228734e-02 1.981970705744368723e+06
3.384484809927709725e-02 1.978763289511919254e+06
3.408420902104575267e-02 1.975539334786978550e+06
3.432526277507950974e-02 1.972298798589495709e+06
3.456802133359612728e-02 1.969041638433999149e+06
3.481249675348448147e-02 1.965767812339900527e+06
3.505870117690337157e-02 1.962477278841831256e+06
3.530664683188459996e-02 1.959169997000119882e+06
3.555634603294027807e-02 1.955845926411332097e+06
3.580781118167446209e-02 1.952505027218900388e+06
3.606105476739899368e-02 1.949147260123885237e+06
3.631608936775400365e-02 1.945772586395762395e+06
3.657292764933233603e-02 1.942380967883365927e+06
3.683158236830890581e-02 1.938972367025859887e+06
3.709206637107399090e-02 1.935546746863860870e+06
3.735439259487154801e-02 1.932104071050599916e+06
3.761857406844143492e-02 1.928644303863201989e+06
3.788462391266684409e-02 1.925167410214036470e+06
3.815255534122564268e-02 1.921673355662164977e+06
3.842238166124687521e-02 1.918162106424889993e+06
3.869411627397156828e-02 1.914633629389346577e+06
3.896777267541835788e-02 1.911087892124224221e+06
3.924336445705377263e-02 1.907524862891569268e+06
3.952090530646725636e-02 1.903944510658643208e+06
3.980040900805101312e-02 1.900346805109870387e+06
4.008188944368458462e-02 1.896731716658921679e+06
4.036536059342434729e-02 1.893099216460800031e+06
4.065083653619782494e-02 1.889449276424063137e+06
4.093833145050296274e-02 1.885781869223104091e+06
4.122785961511220981e-02 1.882096968310533091e+06
4.151943540978193792e-02 1.878394547929590801e+06
4.181307331596628013e-02 1.874674583126716316e+06
4.210878791753674966e-02 1.870937049764087889e+06
4.240659390150620239e-02 1.867181924532364123e+06
4.270650605875861427e-02 1.863409184963371139e+06
4.300853928478336891e-02 1.859618809442964848e+06
4.331270858041539468e-02 1.855810777223905548e+06
4.361902905257986768e-02 1.851985068438846385e+06
4.392751591504276409e-02 1.848141664113328326e+06
4.423818448916636004e-02 1.844280546178922988e+06
4.455105020467018534e-02 1.840401697486371733e+06
4.486612860039740358e-02 1.836505101818839554e+06
4.518343532508652116e-02 1.832590743905204581e+06
4.550298613814861975e-02 1.828658609433416743e+06
4.582479691045007048e-02 1.824708685063921846e+06
4.614888362510079917e-02 1.820740958443148527e+06
4.647526237824797790e-02 1.816755418217027793e+06
4.680394937987573944e-02 1.812752054044613848e+06
4.713496095460989466e-02 1.808730856611694908e+06
4.746831354252908225e-02 1.804691817644519033e+06
4.780402369998094231e-02 1.800634929923533695e+06
4.814210810040474992e-02 1.796560187297193334e+06
4.848258353515916275e-02 1.792467584695781348e+06
4.882546691435655367e-02 1.788357118145312881e+06
4.917077526770251283e-02 1.784228784781470662e+06
4.951852574534191392e-02 1.780082582863548771e+06
4.986873561871059402e-02 1.775918511788478587e+06
5.022142228139315351e-02 1.771736572104881750e+06
5.057660324998683454e-02 1.767536765527112875e+06
5.093429616497152645e-02 1.763319094949401682e+06
5.129451879158587746e-02 1.759083564459953690e+06
5.165728902070963746e-02 1.754830179355135420e+06
5.202262486975225975e-02 1.750558946153642377e+06
5.239054448354760196e-02 1.746269872610714287e+06
5.276106613525543415e-02 1.741962967732348712e+06
5.313420822726856035e-02 1.737638241789533058e+06
5.350998929212727462e-02 1.733295706332509173e+06
5.388842799343931261e-02 1.728935374205020955e+06
5.426954312680727643e-02 1.724557259558576625e+06
5.465335362076168685e-02 1.720161377866721712e+06
5.503987853770153649e-02 1.715747745939314598e+06
5.542913707484062313e-02 1.711316381936779711e+06
5.582114856516131457e-02 1.706867305384373059e+06
5.621593247837461393e-02 1.702400537186444737e+06
5.661350842188714316e-02 1.697916099640663480e+06
5.701389614177500287e-02 1.693414016452239826e+06
5.741711552376446703e-02 1.688894312748149037e+06
5.782318659421962354e-02 1.684357015091285342e+06
5.823212952113703683e-02 1.679802151494652499e+06
5.864396461514737036e-02 1.675229751435445156e+06
5.905871233052416985e-02 1.670639845869187964e+06
5.947639326619979377e-02 1.666032467243747786e+06
5.989702816678827563e-02 1.661407649513389915e+06
6.032063792361602034e-02 1.656765428152708337e+06
6.074724357575890521e-02 1.652105840170572512e+06
6.117686631108772838e-02 1.647428924123976612e+06
6.160952746731999941e-02 1.642734720131862443e+06
6.204524853308023002e-02 1.638023269888864364e+06
6.248405114896668500e-02 1.633294616678984836e+06
6.292595710862668168e-02 1.628548805389219429e+06
6.337098835983850931e-02 1.623785882523094071e+06
6.381916700560190392e-02 1.619005896214116598e+06
6.427051530523558709e-02 1.614208896239158930e+06
6.472505567548285377e-02 1.609394934031760320e+06
6.518281069162494556e-02 1.604564062695307424e+06
6.564380308860226498e-02 1.599716337016140809e+06
6.610805576214355550e-02 1.594851813476558076e+06
6.657559176990297811e-02 1.589970550267708488e+06
6.704643433260544516e-02 1.585072607302361401e+06
6.752060683519958695e-02 1.580158046227593441e+06
6.799813282801971115e-02 1.575226930437311996e+06
6.847903602795485378e-02 1.570279325084684417e+06
6.896334031962729483e-02 1.565315297094420763e+06
6.945106975657823478e-02 1.560334915174918482e+06
6.994224856246301913e-02 1.555338249830285320e+06
7.043690113225370419e-02 1.550325373372172471e+06
7.093505203345112919e-02 1.545296359931513201e+06
7.143672600730469058e-02 1.540251285470047500e+06
7.194194797004142827e-02 1.535190227791720768e+06
7.245074301410338313e-02 1.530113266553895315e+06
7.296313640939389167e-02 1.525020483278385829e+06
7.347915360453260991e-02 1.519911961362336762e+06
7.399882022811947457e-02 1.514787786088879453e+06
7.452216209000757374e-02 1.509648044637620449e+06
7.504920518258503814e-02 1.504492826094930293e+06
7.557997568206598071e-02 1.499322221464022296e+06
7.611449994979041511e-02 1.494136323674819199e+06
7.665280453353393031e-02 1.488935227593610063e+06
7.719491616882562246e-02 1.483719030032490846e+06
7.774086178027660166e-02 1.478487829758551205e+06
7.829066848291661718e-02 1.473241727502880618e+06
7.884436358354129926e-02 1.467980825969249941e+06
7.940197458206788017e-02 1.462705229842648841e+06
7.996352917290153184e-02 1.457415045797476545e+06
8.052905524631030765e-02 1.452110382505537476e+06
8.109858088981077018e-02 1.446791350643746555e+06
8.167213438956276439e-02 1.441458062901551602e+06
8.224974423177437710e-02 1.436110633988115005e+06
8.283143910411668032e-02 1.430749180639163125e+06
8.341724789714859145e-02 1.425373821623577503e+06
8.400719970575169782e-02 1.419984677749688504e+06
8.460132383057535066e-02 1.414581871871242998e+06
8.519964977949186224e-02 1.409165528893079842e+06
8.580220726906208351e-02 1.403735775776479626e+06
8.640902622601134841e-02 1.398292741544197779e+06
8.702013678871559077e-02 1.392836557285168208e+06
8.763556930869868811e-02 1.387367356158836279e+06
8.825535435213924251e-02 1.381885273399218684e+06
8.887952270138943511e-02 1.376390446318533504e+06
8.950810535650306765e-02 1.370883014310535509e+06
9.014113353677602469e-02 1.365363118853440043e+06
9.077863868229606170e-02 1.359830903512523044e+06
9.142065245550498598e-02 1.354286513942299411e+06
9.206720674277062144e-02 1.348730097888349555e+06
9.271833365597090260e-02 1.343161805188733852e+06
9.337406553408859888e-02 1.337581787775035016e+06
9.403443494481743270e-02 1.331990199672969989e+06
9.469947468617964659e-02 1.326387197002608329e+06
9.536921778815490858e-02 1.320772937978161732e+06
9.604369751432086100e-02 1.315147582907377044e+06
9.672294736350511846e-02 1.309511294190449407e+06
9.740700107144910358e-02 1.303864236318555661e+06
9.809589261248334580e-02 1.298206575871907640e+06
9.878965620121538116e-02 1.292538481517359614e+06
9.948832629422829643e-02 1.286860124005585676e+06
1.001919375917929012e-01 1.281171676167748170e+06
1.009005250395903497e-01 1.275473312911757734e+06
1.016141238304483774e-01 1.269765211217997130e+06
1.023327694060888887e-01 1.264047550134613877e+06
1.030564974588882854e-01 1.258320510772288311e+06
1.037853439336501454e-01 1.252584276298542507e+06
1.045193450293905035e-01 1.246839031931514386e+06
1.052585372011357184e-01 1.241084964933262905e+06
1.060029571617329830e-01 1.235322264602527488e+06
1.067526418836738100e-01 1.229551122266996652e+06
1.075076286009302301e-01 1.223771731275040191e+06
1.082679548108041317e-01 1.217984286986925639e+06
1.090336582757895356e-01 1.212188986765478505e+06
1.098047770254481914e-01 1.206386029966235394e+06
1.105813493582983031e-01 1.200575617927017622e+06
1.113634138437166743e-01 1.194757953956986312e+06
1.121510093238543421e-01 1.188933243325121002e+06
1.129441749155656732e-01 1.183101693248157389e+06
1.137429500123512127e-01 1.177263512877933448e+06
1.145473742863140354e-01 1.171418913288200274e+06
1.153574876901303503e-01 1.165568107460829895e+06
1.161733304590336635e-01 1.159711310271458700e+06
1.169949431128130962e-01 1.153848738474556943e+06
1.178223664578259139e-01 1.147980610687884502e+06
1.186556415890241550e-01 1.142107147376375040e+06
1.194948098919957069e-01 1.136228570835439954e+06
1.203399130450197446e-01 1.130345105173636228e+06
1.211909930211367420e-01 1.124456976294759661e+06
1.220480920902330957e-01 1.118564411879329709e+06
1.229112528211405708e-01 1.112667641365458956e+06
1.237805180837504154e-01 1.106766895929106977e+06
1.246559310511426849e-01 1.100862408463748870e+06
1.255375352017303325e-01 1.094954413559381152e+06
1.264253743214187875e-01 1.089043147480943240e+06
1.273194925057804794e-01 1.083128848146114964e+06
1.282199341622450028e-01 1.077211755102466559e+06
1.291267440123044785e-01 1.071292109504012857e+06
1.300399670937350260e-01 1.065370154087118804e+06
1.309596487628333639e-01 1.059446133145789616e+06
1.318858346966695072e-01 1.053520292506324360e+06
1.328185708953554534e-01 1.047592879501348012e+06
1.337579036843298264e-01 1.041664142943197279e+06
1.347038797166586199e-01 1.035734333096692804e+06
1.356565459753522884e-01 1.029803701651269104e+06
1.366159497756992691e-01 1.023872501692468766e+06
1.375821387676158802e-01 1.017940987672832911e+06
1.385551609380130111e-01 1.012009415382115403e+06
1.395350646131793271e-01 1.006078041916910908e+06
1.405218984611815436e-01 1.000147125649630441e+06
1.415157114942815209e-01 9.942169261968570063e+05
1.425165530713705109e-01 9.882877043870803900e+05
1.435244729004207798e-01 9.823597222277919063e+05
1.445395210409541331e-01 9.764332428719883319e+05
1.455617479065285380e-01 9.705085305840180954e+05
1.465912042672414539e-01 9.645858507048534229e+05
1.476279412522520096e-01 9.586654696167176589e+05
1.486720103523199443e-01 9.527476547071201494e+05
1.497234634223631455e-01 9.468326743322864641e+05
1.507823526840330053e-01 9.409207977799749933e+05
1.518487307283081789e-01 9.350122952317161253e+05
1.529226505181064122e-01 9.291074377244400093e+05
1.540041653909151320e-01 9.232064971115379594e+05
1.550933290614404936e-01 9.173097460233215243e+05
1.561901956242751632e-01 9.114174578269293997e+05
1.572948195565850305e-01 9.055299065856391098e+05
1.584072557208147936e-01 8.996473670176408486e+05
1.595275593674128634e-01 8.937701144542383263e+05
1.606557861375753626e-01 8.878984247975086328e+05
1.617919920660097211e-01 8.820325744774194900e+05
1.629362335837175324e-01 8.761728404084069189e+05
1.640885675207974514e-01 8.703194999454377685e+05
1.652490511092676861e-01 8.644728308395447675e+05
1.664177419859082518e-01 8.586331111928633181e+05
1.675946981951239312e-01 8.528006194131608354e+05
1.687799781918269126e-01 8.469756341678827303e+05
1.699736408443401348e-01 8.411584343377081677e+05
1.711757454373208642e-01 8.353492989696620498e+05
1.723863516747053126e-01 8.295485072297356091e+05
1.736055196826738478e-01 8.237563383550758008e+05
1.748333100126372164e-01 8.179730716057516402e+05
1.760697836442439157e-01 8.121989862160651246e+05
1.773150019884087991e-01 8.064343613454776350e+05
1.785690268903631917e-01 8.006794760291256243e+05
1.798319206327263775e-01 7.949346091279406101e+05
1.811037459385990422e-01 7.892000392784123542e+05
1.823845659746785031e-01 7.834760448419775348e+05
1.836744443543958660e-01 7.777629038540667389e+05
1.849734451410754987e-01 7.720608939728226978e+05
1.862816328511169850e-01 7.663702924274950055e+05
1.875990724571989232e-01 7.606913759665273828e+05
1.889258293915064280e-01 7.550244208053703187e+05
1.902619695489806417e-01 7.493697025740107056e+05
1.916075592905914782e-01 7.437274962642476894e+05
1.929626654466335411e-01 7.380980761767303338e+05
1.943273553200453030e-01 7.324817158677650150e+05
1.957016966897518750e-01 7.268786880959254922e+05
1.970857578140312316e-01 7.212892647684682161e+05
1.984796074339043592e-01 7.157137168875718489e+05
1.998833147765493590e-01 7.101523144964256790e+05
2.012969495587398072e-01 7.046053266251893947e+05
2.027205819903070694e-01 6.990730212368145585e+05
2.041542827776276492e-01 6.935556651727962308e+05
2.055981231271346577e-01 6.880535240988094592e+05
2.070521747488545394e-01 6.825668624503165483e+05
2.085165098599685296e-01 6.770959433781151893e+05
2.099912011883994234e-01 6.716410286938664503e+05
2.114763219764238811e-01 6.662023788156218361e+05
2.129719459843095464e-01 6.607802527133803815e+05
2.144781474939791432e-01 6.553749078546595993e+05
2.159950013126993307e-01 6.499866001501512947e+05
2.175225827767962028e-01 6.446155838994458318e+05
2.190609677553969625e-01 6.392621117368581472e+05
2.206102326541981018e-01 6.339264345773750683e+05
2.221704544192600328e-01 6.286088015627602581e+05
2.237417105408288365e-01 6.233094600078039803e+05
2.253240790571848784e-01 6.180286553467863705e+05
2.269176385585186528e-01 6.127666310801224317e+05
2.285224681908340771e-01 6.075236287212675670e+05
2.301386476598793196e-01 6.022998877438566415e+05
2.317662572351055494e-01 5.970956455291282618e+05
2.334053777536536090e-01 5.919111373136519687e+05
2.350560906243687465e-01 5.867465961373703321e+05
2.367184778318441318e-01 5.816022527919922723e+05
2.383926219404925162e-01 5.764783357697477331e+05
2.400786060986470349e-01 5.713750712125380524e+05
2.417765140426904880e-01 5.662926828614972765e+05
2.434864301012148458e-01 5.612313920069904998e+05
2.452084391992090384e-01 5.561914174390687840e+05
2.469426268622770260e-01 5.511729753984083654e+05
2.486890792208855117e-01 5.461762795277596451e+05
2.504478830146416590e-01 5.412015408239065437e+05
2.522191255966012569e-01 5.362489675901997834e+05
2.540028949376070266e-01 5.313187653896465199e+05
2.557992796306578498e-01 5.264111369986002101e+05
2.576083688953090811e-01 5.215262823610706255e+05
2.594302525821032823e-01 5.166643985436757794e+05
2.612650211770332076e-01 5.118256796912500286e+05
2.631127658060356533e-01 5.070103169831481646e+05
2.649735782395173378e-01 5.022184985902472399e+05
2.668475508969128662e-01 4.974504096326824510e+05
2.687347768512748369e-01 4.927062321383364615e+05
2.706353498338964769e-01 4.879861450020899065e+05
2.725493642389665849e-01 4.832903239458851167e+05
2.744769151282581698e-01 4.786189414795832126e+05
2.764180982358496741e-01 4.739721668626704486e+05
2.783730099728796148e-01 4.693501660668171244e+05
2.803417474323349756e-01 4.647531017393122311e+05
2.823244083938735716e-01 4.601811331673896057e+05
2.843210913286801644e-01 4.556344162434794125e+05
2.863318954043574394e-01 4.511131034313881537e+05
2.883569204898509541e-01 4.466173437334321206e+05
2.903962671604095047e-01 4.421472826585425064e+05
2.924500367025803516e-01 4.377030621913694777e+05
2.945183311192393627e-01 4.332848207623795024e+05
2.966012531346575165e-01 4.288926932189906947e+05
2.986989061996026540e-01 4.245268107977480395e+05
3.008113944964773689e-01 4.201873010975520592e+05
3.029388229444936464e-01 4.158742880539659527e+05
3.050812972048835281e-01 4.115878919146128464e+05
3.072389236861471362e-01 4.073282292156792828e+05
3.094118095493369469e-01 4.030954127595347818e+05
3.116000627133811429e-01 3.988895515934888972e+05
3.138037918604426602e-01 3.947107509896924021e+05
3.160231064413173696e-01 3.905591124262001831e+05
3.182581166808700068e-01 3.864347335692027118e+05
3.205089335835086262e-01 3.823377082564496668e+05
3.227756689386978017e-01 3.782681264818577911e+05
3.250584353265106308e-01 3.742260743813333102e+05
3.273573461232204274e-01 3.702116342198009952e+05
3.296725155069314406e-01 3.662248843794706627e+05
3.320040584632497072e-01 3.622658993493190501e+05
3.343520907909940387e-01 3.583347497158310143e+05
3.367167291079471991e-01 3.544315021549786907e+05
3.390980908566479379e-01 3.505562194254561909e+05
3.414962943102238802e-01 3.467089603631797363e+05
3.439114585782656608e-01 3.428897798770523514e+05
3.463437036127426927e-01 3.390987289459962049e+05
3.487931502139609563e-01 3.353358546172659262e+05
3.512599200365618679e-01 3.316012000060345745e+05
3.537441355955653899e-01 3.278948042962634354e+05
3.562459202724545526e-01 3.242167027428513393e+05
3.587653983213029973e-01 3.205669266750663519e+05
3.613026948749465395e-01 3.169455035012643784e+05
3.638579359511981415e-01 3.133524567148890346e+05
3.664312484591062402e-01 3.097878059017507476e+05
3.690227602052583711e-01 3.062515667485840968e+05
3.716325999001285352e-01 3.027437510528884013e+05
3.742608971644698634e-01 2.992643667340346146e+05
3.769077825357523004e-01 2.958134178456426016e+05
3.795733874746459180e-01 2.923909045892236754e+05
3.822578443715502483e-01 2.889968233290798962e+05
3.849612865531692463e-01 2.856311666084537865e+05
3.876838482891335480e-01 2.822939231669220608e+05
3.904256647986686923e-01 2.789850779590265593e+05
3.931868722573115260e-01 2.757046121741294628e+05
3.959676078036724056e-01 2.724525032574904035e+05
3.987680095462478591e-01 2.692287249325435259e+05
4.015882165702788220e-01 2.660332472243761877e+05
4.044283689446588892e-01 2.628660364843897987e+05
4.072886077288907503e-01 2.597270554161321197e+05
4.101690749800923075e-01 2.566162631022871647e+05
4.130699137600521431e-01 2.535336150328104850e+05
4.159912681423345582e-01 2.504790631341926346e+05
4.189332832194354039e-01 2.474525557998383883e+05
4.218961051099882620e-01 2.444540379215419525e+05
4.248798809660214726e-01 2.414834509220471664e+05
4.278847589802665663e-01 2.385407327886655403e+05
4.309108883935188206e-01 2.356258181079474161e+05
4.339584195020489421e-01 2.327386381013735954e+05
4.370275036650680955e-01 2.298791206620605954e+05
4.401182933122451679e-01 2.270471903924478975e+05
4.432309419512773796e-01 2.242427686429583409e+05
4.463656041755147408e-01 2.214657735516005778e+05
4.495224356716371328e-01 2.187161200844973791e+05
4.527015932273878995e-01 2.159937200773158984e+05
4.559032347393603413e-01 2.132984822775778302e+05
4.591275192208397193e-01 2.106303123878259503e+05
4.623746068097009942e-01 2.079891131096217141e+05
4.656446587763621858e-01 2.053747841883513029e+05
4.689378375317941883e-01 2.027872224588153185e+05
4.722543066355869290e-01 2.002263218915771286e+05
4.755942308040729261e-01 1.976919736400409602e+05
4.789577759185079109e-01 1.951840660882403026e+05
4.823451090333097935e-01 1.927024848993021296e+05
4.857563983843552480e-01 1.902471130645681988e+05
4.891918133973358063e-01 1.878178309533381253e+05
4.926515246961721273e-01 1.854145163632155163e+05
4.961357041114884958e-01 1.830370445710222120e+05
4.996445246891469405e-01 1.806852883842533338e+05
5.031781606988416922e-01 1.783591181930546300e+05
5.067367876427550932e-01 1.760584020226756402e+05
5.103205822642723488e-01 1.737830055863885209e+05
5.139297225567620586e-01 1.715327923388305935e+05
5.175643877724148689e-01 1.693076235297475650e+05
5.212247584311469062e-01 1.671073582581090741e+05
5.249110163295651610e-01 1.649318535265608516e+05
5.286233445499967099e-01 1.627809642961930076e+05
5.323619274695821080e-01 1.606545435415870743e+05
5.361269507694319536e-01 1.585524423061168636e+05
5.399186014438497327e-01 1.564745097574736865e+05
5.437370678096185017e-01 1.544205932433829876e+05
5.475825395153544051e-01 1.523905383474861446e+05
5.514552075509251416e-01 1.503841889453579206e+05
5.553552642569362652e-01 1.484013872606279037e+05
5.592829033342839873e-01 1.464419739211786655e+05
5.632383198537749269e-01 1.445057880153916194e+05
5.672217102658154708e-01 1.425926671484105173e+05
5.712332724101683024e-01 1.407024474983946129e+05
5.752732055257772092e-01 1.388349638727325364e+05
5.793417102606648328e-01 1.369900497641886468e+05
5.834389886818962534e-01 1.351675374069541576e+05
5.875652442856156288e-01 1.333672578325740760e+05
5.917206820071527762e-01 1.315890409257245192e+05
5.959055082312018081e-01 1.298327154798099800e+05
6.001199308020712664e-01 1.280981092523573752e+05
6.043641590340068648e-01 1.263850490201763168e+05
6.086384037215878395e-01 1.246933606342637067e+05
6.129428771501955753e-01 1.230228690744217311e+05
6.172777931065576151e-01 1.213733985035701771e+05
6.216433668893651676e-01 1.197447723217213934e+05
6.260398153199665527e-01 1.181368132195979269e+05
6.304673567531356992e-01 1.165493432318685227e+05
6.349262110879171361e-01 1.149821837899743696e+05
6.394165997785471456e-01 1.134351557745299797e+05
6.439387458454530755e-01 1.119080795672687091e+05
6.484928738863298125e-01 1.104007751025151520e+05
6.530792100872936379e-01 1.089130619181636866e+05
6.576979822341180171e-01 1.074447592061355535e+05
6.623494197235451075e-01 1.059956858623038715e+05
6.670337535746800883e-01 1.045656605358587403e+05
6.717512164404640940e-01 1.031545016780966544e+05
6.765020426192301928e-01 1.017620275906148163e+05
6.812864680663391903e-01 1.003880564728936006e+05
6.861047304058990326e-01 9.903240646924608154e+04
6.909570689425669210e-01 9.769489571512336261e+04
6.958437246734341386e-01 9.637534238275415555e+04
7.007649402999958088e-01 9.507356472610622586e+04
7.057209602402049198e-01 9.378938112515422108e+04
7.107120306406113919e-01 9.252261012943950482e+04
7.157383993885877427e-01 9.127307050090726989e+04
7.208003161246399060e-01 9.004058125601051142e+04
7.258980322548068687e-01 8.882496170706734119e+04
7.310318009631461278e-01 8.762603150285765878e+04
7.362018772243095199e-01 8.644361066845391179e+04
7.414085178162047596e-01 8.527751964427084022e+04
7.466519813327513466e-01 8.412757932432470261e+04
7.519325281967220720e-01 8.299361109369827318e+04
7.572504206726776710e-01 8.187543686519686889e+04
7.626059228799925149e-01 8.077287911519197223e+04
7.679993008059726733e-01 7.968576091864472255e+04
7.734308223190661247e-01 7.861390598330253852e+04
7.789007571821667808e-01 7.755713868306347285e+04
7.844093770660128806e-01 7.651528409050421033e+04
7.899569555626795303e-01 7.548816800856658665e+04
7.955437681991671672e-01 7.447561700139967434e+04
8.011700924510857247e-01 7.347745842435401573e+04
8.068362077564360524e-01 7.249352045312648988e+04
8.125423955294883704e-01 7.152363211205255357e+04
8.182889391747590890e-01 7.056762330154771917e+04
8.240761241010862159e-01 6.962532482469498063e+04
8.299042377358052391e-01 6.869656841297900246e+04
8.357735695390229314e-01 6.778118675116963277e+04
8.416844110179957372e-01 6.687901350135417306e+04
8.476370557416067486e-01 6.598988332612025260e+04
8.536317993549460414e-01 6.511363191089420434e+04
8.596689395939948186e-01 6.425009598543455650e+04
8.657487763004120263e-01 6.339911334448721755e+04
8.718716114364273295e-01 6.256052286760471179e+04
8.780377490998374501e-01 6.173416453813410772e+04
8.842474955391103064e-01 6.091987946138093685e+04
8.905011591685945138e-01 6.011750988195075479e+04
8.967990505838379089e-01 5.932689920027851622e+04
9.031414825770128774e-01 5.854789198834980925e+04
9.095287701524522594e-01 5.778033400462153077e+04
9.159612305422938361e-01 5.702407220814983884e+04
9.224391832222362808e-01 5.627895477193272382e+04
9.289629499274063562e-01 5.554483109547589265e+04
9.355328546683381319e-01 5.482155181659000664e+04
9.421492237470657782e-01 5.410896882242905122e+04
9.488123857733281596e-01 5.340693525977820536e+04
9.555226716808922216e-01 5.271530554460216808e+04
9.622804147439870670e-01 5.203393537086276046e+04
9.690859505938573815e-01 5.136268171861724113e+04
9.759396172354327659e-01 5.070140286140658282e+04
9.828417550641149747e-01 5.004995837294675584e+04
9.897927068826842811e-01 4.940820913313163328e+04
9.967928179183249693e-01 4.877601733336161124e+04
1.003842435839772174e+00 4.815324648120695201e+04
1.010941910774576735e+00 4.753976140442067117e+04
1.018091595326499954e+00 4.693542825431001984e+04
1.025291844593018586e+00 4.634011450848172535e+04
1.032543016182969842e+00 4.575368897297155490e+04
1.039845470234303182e+00 4.517602178377187374e+04
1.047199569431976229e+00 4.460698440776843927e+04
1.054605679025959475e+00 4.404644964310313662e+04
1.062064166849384650e+00 4.349429161897016456e+04
1.069575403336805675e+00 4.295038579486450180e+04
1.077139761542605045e+00 4.241460895929126855e+04
1.084757617159513465e+00 4.188683922795335820e+04
1.092429348537277800e+00 4.136695604142684169e+04
1.100155336701443387e+00 4.085484016234165028e+04
1.107935965372287113e+00 4.035037367207763600e+04
1.115771620983866175e+00 3.985343996699185664e+04
1.123662692703219834e+00 3.936392375418949814e+04
1.131609572449690182e+00 3.888171104685322643e+04
1.139612654914390566e+00 3.840668915914322133e+04
1.147672337579811908e+00 3.793874670068229898e+04
1.155789020739555140e+00 3.747777357064057287e+04
1.163963107518223294e+00 3.702366095143081475e+04
1.172195003891432386e+00 3.657630130203158478e+04
1.180485118705984604e+00 3.613558835094793903e+04
1.188833863700164750e+00 3.570141708882663079e+04
1.197241653524198979e+00 3.527368376073642139e+04
1.205708905760839666e+00 3.485228585812915844e+04
1.214236040946114148e+00 3.443712211049284087e+04
1.222823482590202016e+00 3.402809247671237972e+04
1.231471657198479397e+00 3.362509813614813174e+04
1.240180994292690686e+00 3.322804147944891884e+04
1.248951926432292581e+00 3.283682609910879546e+04
1.257784889235926462e+00 3.245135677978382228e+04
1.266680321403064857e+00 3.207153948837879580e+04
1.275638664735789352e+00 3.169728136391932276e+04
1.284660364160743917e+00 3.132849070721921089e+04
1.293745867751222800e+00 3.096507697035808087e+04
1.302895626749429603e+00 3.060695074597993153e+04
1.312110095588891800e+00 3.025402375642530751e+04
1.321389731917021804e+00 2.990620884271053365e+04
1.330734996617857435e+00 2.956341995336365289e+04
1.340146353834941406e+00 2.922557213313170723e+04
1.349624270994383757e+00 2.889258151156912209e+04
1.359169218828067294e+00 2.856436529152033108e+04
1.368781671397037325e+00 2.824084173750734044e+04
1.378462106115035501e+00 2.792193016403475485e+04
1.388211003772222174e+00 2.760755092382242583e+04
1.398028848559044635e+00 2.729762539597865543e+04
1.407916128090296093e+00 2.699207597412356336e+04
1.417873333429321425e+00 2.669082605447555034e+04
1.427900959112419654e+00 2.639380002390970185e+04
1.437999503173392091e+00 2.610092324800172719e+04
1.448169467168291424e+00 2.581212205906571762e+04
1.458411356200319808e+00 2.552732374419881307e+04
1.468725678944921231e+00 2.524645653334199596e+04
1.479112947675050194e+00 2.496944958736813714e+04
1.489573678286602032e+00 2.469623298620827700e+04
1.500108390324049523e+00 2.442673771702595332e+04
1.510717607006233365e+00 2.416089566245124297e+04
1.521401855252361823e+00 2.389863958888293564e+04
1.532161665708166476e+00 2.363990313487230014e+04
1.542997572772272008e+00 2.338462079959498806e+04
1.553910114622723659e+00 2.313272793142530281e+04
1.564899833243730276e+00 2.288416071661976093e+04
1.575967274452568567e+00 2.263885616812321678e+04
1.587112987926705410e+00 2.239675211450458301e+04
1.598337527231085797e+00 2.215778718903600020e+04
1.609641449845637728e+00 2.192190081892224043e+04
1.621025317192948956e+00 2.168903321469358707e+04
1.632489694666161784e+00 2.145912535976977233e+04
1.644035151657044169e+00 2.123211900020756366e+04
1.655662261584273542e+00 2.100795663464060272e+04
1.667371601921921132e+00 2.078658150442252736e+04
1.679163754228121253e+00 2.056793758398371574e+04
1.691039304173968860e+00 2.035196957141131861e+04
1.702998841572593847e+00 2.013862287926401405e+04
1.715042960408467820e+00 1.992784362563063041e+04
1.727172258866892740e+00 1.971957862544402451e+04
1.739387339363723139e+00 1.951377538205976452e+04
1.751688808575271983e+00 1.931038207911087375e+04
1.764077277468456328e+00 1.910934757264838117e+04
1.776553361331127956e+00 1.891062138357851290e+04
1.789117679802645577e+00 1.871415369040679070e+04
1.801770856904636453e+00 1.851989532229975521e+04
1.814513521072003366e+00 1.832779775247427460e+04
1.827346305184121444e+00 1.813781309192542903e+04
1.840269846596286785e+00 1.794989408350307349e+04
1.853284787171355585e+00 1.776399409634744370e+04
1.866391773311638191e+00 1.758006712069412606e+04
1.879591455990990756e+00 1.739806776305888707e+04
1.892884490787151375e+00 1.721795124181197752e+04
1.906271537914306924e+00 1.703967338315251982e+04
1.919753262255868842e+00 1.686319061749255343e+04
1.933330333397511813e+00 1.668845997626054304e+04
1.947003425660413400e+00 1.651543908913400446e+04
1.960773218134760354e+00 1.634408618171034868e+04
1.974640394713461644e+00 1.617436007362548298e+04
1.988605644126129945e+00 1.600622017712842535e+04
2.002669659973272065e+00 1.583962649612083806e+04
2.016833140760753817e+00 1.567453962566949667e+04
2.031096789934477176e+00 1.551092075199919418e+04
2.045461315915330758e+00 1.534873165297359265e+04
2.059927432134361691e+00 1.518793469907055260e+04
2.074495857068223259e+00 1.502849285485837026e+04
2.089167314274842369e+00 1.487036968097817953e+04
2.103942532429374346e+00 1.471352933663732983e+04
2.118822245360376222e+00 1.455793658261837118e+04
2.133807192086262017e+00 1.440355678480635834e+04
2.148898116852011153e+00 1.425035591823705545e+04
2.164095769166118455e+00 1.409830057166777442e+04
2.179400903837836800e+00 1.394735795267055801e+04
2.194814281014648039e+00 1.379749589324805311e+04
2.210336666220032775e+00 1.364868285596891837e+04
2.225968830391475528e+00 1.350088794062049601e+04
2.241711549918771418e+00 1.335408089137363640e+04
2.257565606682566450e+00 1.320823210445388213e+04
2.273531788093211770e+00 1.306331263631109687e+04
2.289610887129851502e+00 1.291929421227842249e+04
2.305803702379824571e+00 1.277614923570927022e+04
2.322111038078310319e+00 1.263385079758010215e+04
2.338533704148290759e+00 1.249237268654267791e+04
2.355072516240755753e+00 1.235168939941069402e+04
2.371728295775233697e+00 1.221177615205999064e+04
2.388501869980571790e+00 1.207260889072212376e+04
2.405394071936026279e+00 1.193416430364717235e+04
2.422405740612648462e+00 1.179641983310935029e+04
2.439537720914934926e+00 1.165935368772752918e+04
2.456790863722809526e+00 1.152294485506853925e+04
2.474166025933864699e+00 1.138717311449987392e+04
2.491664070505939854e+00 1.125201905025481210e+04
2.509285866499961326e+00 1.111746406467031557e+04
2.527032289123124720e+00 1.098349039155531318e+04
2.544904219772343712e+00 1.085008110964430853e+04
2.562902546078045241e+00 1.071722015608712354e+04
2.581028161948235589e+00 1.058489233992429945e+04
2.599281967612915967e+00 1.045308335549298317e+04
2.617664869668775207e+00 1.032177979570676689e+04
2.636177781124234620e+00 1.019096916514797886e+04
2.654821621444776181e+00 1.006063989291021790e+04
2.673597316598627316e+00 9.930781345124052677e+03
2.692505799102730357e+00 9.801383837097160722e+03
2.711548008069078364e+00 9.672438644997022493e+03
2.730724889251336940e+00 9.543938017002075867e+03
2.750037395091826209e+00 9.415875183843572813e+03
2.769486484768832746e+00 9.288244368660072723e+03
2.789073124244227930e+00 9.161040796082455927e+03
2.808798286311467329e+00 9.034260700466593335e+03
2.828662950643881846e+00 8.907901333188910939e+03
2.848668103843357446e+00 8.781960968918354411e+03
2.868814739489313315e+00 8.656438910778013451e+03
2.889103858188073026e+00 8.531335494308055786e+03
2.909536467622535483e+00 8.406652090141747976e+03
2.930113582602247302e+00 8.282391105306436657e+03
2.950836225113781186e+00 8.158555983061825827e+03
2.971705424371517523e+00 8.035151201188168670e+03
2.992722216868737295e+00 7.912182268639726317e+03
3.013887646429125766e+00 7.789655720479111551e+03
3.035202764258589259e+00 7.667579111012328212e+03
3.056668628997491144e+00 7.545961005045460297e+03
3.078286306773207581e+00 7.424810967189499024e+03
3.100056871253086044e+00 7.304139549142359101e+03
3.121981403697783541e+00 7.183958274882420483e+03
3.144060993014941907e+00 7.064279623714337504e+03
3.166296735813299179e+00 6.945117011111761713e+03
3.188689736457125168e+00 6.826484767310802454e+03
3.211241107121099336e+00 6.708398113612859561e+03
3.233951967845519970e+00 6.590873136365453320e+03
3.256823446591960103e+00 6.473926758596888249e+03
3.279856679299263167e+00 6.357576709290193321e+03
3.303052809939984957e+00 6.241841490291055379e+03
3.326412990577185536e+00 6.126740340855756585e+03
3.349938381421674549e+00 6.012293199853794249e+03
3.373630150889606050e+00 5.898520665653632932e+03
3.397489475660538716e+00 5.785443953729046370e+03
3.421517540735847351e+00 5.673084852037409291e+03
3.445715539497606006e+00 5.561465674232222227e+03
3.470084673767835248e+00 5.450609210785664800e+03
3.494626153868200635e+00 5.340538678108141539e+03
3.519341198680137062e+00 5.231277665766062455e+03
3.544231035705359467e+00 5.122850081910511108e+03
3.569296901126859378e+00 5.015280097042454145e+03
3.594540039870269155e+00 4.908592086252643639e+03
3.619961705665723617e+00 4.802810570085843210e+03
3.645563161110100037e+00 4.697960154191333459e+03
3.671345677729752843e+00 4.594065467932183310e+03
3.697310536043638240e+00 4.491151102136547706e+03
3.723459025626941976e+00 4.389241546184438448e+03
3.749792445175096578e+00 4.288361124631566781e+03
3.776312102568314177e+00 4.188533933581006750e+03
3.803019314936512796e+00 4.089783777019831632e+03
3.829915408724764436e+00 3.992134103344074447e+03
3.857001719759141967e+00 3.895607942300697687e+03
3.884279593313097134e+00 3.800227842577966385e+03
3.911750384174244477e+00 3.706015810279124707e+03
3.939415456711678143e+00 3.612993248513907474e+03
3.967276184943707040e+00 3.521180898343308854e+03
3.995333952606112238e+00 3.430598781309753122e+03
4.023590153220879095e+00 3.341266143782303971e+03
4.052046190165383699e+00 3.253201403341515288e+03
4.080703476742123748e+00 3.166422097421464969e+03
4.109563436248881096e+00 3.080944834419607560e+03
4.138627502049441631e+00 2.996785247474403150e+03
4.167897117644755234e+00 2.913957951101626350e+03
4.197373736744657080e+00 2.832476500866427159e+03
4.227058823340041904e+00 2.752353356255707695e+03
4.256953851775601372e+00 2.673599846900973716e+03
4.287060306823019751e+00 2.596226142285408059e+03
4.317379683754746900e+00 2.520241225052602204e+03
4.347913488418234884e+00 2.445652868017080436e+03
4.378663237310754575e+00 2.372467614957863589e+03
4.409630457654684754e+00 2.300690765258224474e+03
4.440816687473396307e+00 2.230326362434293060e+03
4.472223475667610693e+00 2.161377186577308294e+03
4.503852382092338402e+00 2.093844750712500627e+03
4.535704977634366308e+00 2.027729301059726595e+03
4.567782844290247724e+00 1.963029821160161418e+03
4.600087575244907079e+00 1.899744039814915823e+03
4.632620774950732212e+00 1.837868442762445966e+03
4.665384059207298151e+00 1.777398288003658081e+03
4.698379055241581170e+00 1.718327624666382235e+03
4.731607401788815004e+00 1.660649315284955037e+03
4.765070749173839104e+00 1.604355061354604459e+03
4.798770759393106822e+00 1.549435432007508325e+03
4.832709106197189186e+00 1.495879895643509144e+03
4.866887475173941269e+00 1.443676854337916438e+03
4.901307563832183689e+00 1.392813680838620485e+03
4.935971081686049367e+00 1.343276757956326037e+03
4.970879750339845415e+00 1.295051520145125323e+03
5.006035303573603379e+00 1.248122497065243351e+03
5.041439487429151711e+00 1.202473358916188772e+03
5.077094060296849953e+00 1.158086963326983323e+03
5.113000793002938416e+00 1.114945403588774070e+03
5.149161468897450966e+00 1.073030058017867759e+03
5.185577883942828592e+00 1.032321640238126292e+03
5.222251846803077413e+00 9.928002501774858501e+02
5.259185178933637239e+00 9.544454255777479830e+02
5.296379714671807903e+00 9.172361938243933537e+02
5.333837301327894131e+00 8.811511239105792583e+02
5.371559799276911740e+00 8.461683783595671002e+02
5.409549082051029245e+00 8.122657649389186645e+02
5.447807036432573469e+00 7.794207880117415925e+02
5.486335562547784761e+00 7.476106993814163388e+02
5.525136573961145992e+00 7.168125484989280949e+02
5.564211997770461160e+00 6.870032319143464292e+02
5.603563774702529088e+00 6.581595418675946121e+02
5.643193859209571173e+00 6.302582139260181293e+02
5.683104219566259552e+00 6.032759735901884142e+02
5.723296837967517980e+00 5.771895818015270834e+02
5.763773710626932001e+00 5.519758792982513569e+02
5.804536847875906957e+00 5.276118297776750978e+02
5.845588274263531225e+00 5.040745618336437133e+02
5.886930028657091363e+00 4.813414096483465414e+02
5.928564164343377740e+00 4.593899524251828552e+02
5.970492749130616339e+00 4.381980525574527974e+02
6.012717865451219446e+00 4.177438925315245797e+02
6.055241610465158963e+00 3.980060105666983077e+02
6.098066096164178163e+00 3.789633349937454341e+02
6.141193449476634925e+00 3.605952173717315645e+02
6.184625812373186093e+00 3.428814643367405779e+02
6.228365341973125524e+00 3.258023681665181925e+02
6.272414210651564126e+00 3.093387360314866896e+02
6.316774606147276927e+00 2.934719178846045224e+02
6.361448731671411672e+00 2.781838329195346660e+02
6.406438806016858223e+00 2.634569944984976360e+02
6.451747063668501703e+00 2.492745334177934069e+02
6.497375754914157753e+00 2.356202193395516815e+02
6.543327145956349788e+00 2.224784801733868562e+02
6.589603519024886502e+00 2.098344191411931092e+02
6.636207172490164119e+00 1.976738292024894292e+02
6.683140420977371043e+00 1.859832044577173349e+02
6.730405595481391501e+00 1.747497480834442456e+02
6.778005043482632885e+00 1.639613762887626933e+02
6.825941129063561874e+00 1.536067177178599934e+02
6.874216233026173128e+00 1.436751076639251039e+02
6.922832753010177420e+00 1.341565764070756757e+02
6.971793103612142772e+00 1.250418309495623674e+02
7.021099716505362132e+00 1.163222294005515067e+02
7.070755040560676719e+00 1.079897472670615457e+02
7.120761541968050778e+00 1.000369349448962026e+02
7.171121704359111781e+00 9.245686578202747796e+01
7.221838028930448239e+00 8.524307421519684169e+01
7.272913034567887181e+00 7.838948366705731985e+01
7.324349257971554117e+00 7.189032414349583178e+01
7.376149253781875359e+00 6.574003979423780208e+01
7.428315594706486280e+00 5.993318709714645109e+01
7.480850871647950484e+00 5.446432479601549659e+01
7.533757693832503044e+00 4.932789725547842608e+01
7.587038688939579778e+00 4.451811348028011395e+01
7.640696503232383918e+00 4.002882465607591911e+01
7.694733801689255692e+00 3.585340367297388298e+01
7.749153268136092620e+00 3.198463064867195982e+01
7.803957605379584272e+00 2.841458892515752410e+01
7.859149535341510173e+00 2.513457631415471738e+01
7.914731799193866379e+00 2.213503645230437655e+01
7.970707157495071193e+00 1.940551494059429771e+01
8.027078390327009316e+00 1.693464443652723261e+01
8.083848297433169350e+00 1.471016201267277523e+01
8.141019698357636614e+00 1.271896088816487591e+01
8.198595432585188192e+00 1.094717711075851518e+01
8.256578359682256618e+00 9.380309985026617170e+00
8.314971359439020659e+00 8.003373115801860394e+00
8.373777332012377173e+00 6.801071008891570457e+00
8.432999198069994762e+00 5.757994412012345187e+00
8.492639898935413711e+00 4.858826164172004525e+00
8.552702396734058965e+00 4.088548413743310128e+00
8.613189674540430829e+00 3.432641788727621712e+00
8.674104736526190962e+00 2.877267521905030989e+00
8.735450608109443849e+00 2.409424637856863338e+00
8.797230336104918891e+00 2.017076006962376766e+00
8.859446988875371076e+00 1.689239199669828606e+00
8.922103656483901801e+00 1.416040417766138759e+00
8.985203450847500051e+00 1.188732103150154762e+00
9.048749505891533929e+00 9.996769091656798611e-01
9.112744977705464322e+00 8.423023922910451988e-01
9.177193044699528457e+00 7.110319386770258543e-01
9.242096907762670455e+00 6.011980511911328984e-01
9.307459790421448886e+00 5.089442248647094713e-01
9.373284939000198435e+00 4.311213147423448855e-01
9.439575622782214737e+00 3.651836550055440056e-01
9.506335134172138268e+00 3.090893278159019264e-01
9.573566788859515952e+00 2.612079986205628757e-01
9.641273925983409043e+00 2.202387100520394603e-01
9.709459908298304853e+00 1.851390245286576586e-01
9.778128122341067652e+00 1.550659833053533165e-01
9.847281978599200514e+00 1.293285575256013509e-01
9.916924911680160548e+00 1.073506460163888843e-01
9.987060380482020605e+00 8.864325125905188341e-02
1.005769186836517193e+01 7.278424444522971215e-02
1.012882288332542657e+01 5.940409513168373734e-02
1.020045695816814479e+01 4.817605336623117379e-02
1.027259765068379416e+01 3.880948305575979140e-02
1.034524854382456027e+01 3.104530372311734704e-02
1.041841324588238393e+01 2.465275973088743369e-02
1.049209539066808539e+01 1.942697044160084444e-02
1.056629863769193101e+01 1.518690493210092876e-02
1.064102667234530664e+01 1.177356657430991826e-02
1.071628320608379603e+01 9.048270451932238778e-03
1.079207197661153650e+01 6.890959017775744738e-03
1.086839674806679490e+01 5.198538382916001802e-03
1.094526131120899137e+01 3.883237753423539156e-03
1.102266948360689192e+01 2.871004286120221616e-03
1.110062510982830020e+01 2.099949393863620364e-03
1.117913206163091111e+01 1.518862966844056151e-03
1.125819423815469555e+01 1.085810603386424362e-03
1.133781556611546826e+01 7.668265817531348888e-04
1.141799999999999926e+01 5.347124044273345164e-04
