1.000000000000000021e-02 2.016614364521467686e+08
1.007072300075525194e-02 2.015615641183694601e+08
1.014194617579408653e-02 2.014610436677858531e+08
1.021367306249912864e-02 2.013598713049299121e+08
1.028590722327043204e-02 2.012580432178936601e+08
1.035865224570241272e-02 2.011555555783466399e+08
1.043191174276203274e-02 2.010524045415477157e+08
1.050568935296824179e-02 2.009485862463683486e+08
1.057998874057268328e-02 2.008440968153099418e+08
1.065481359574169638e-02 2.007389323545281887e+08
1.073016763473956872e-02 2.006330889538550973e+08
1.080605460011313523e-02 2.005265626868259907e+08
1.088247826087764512e-02 2.004193496107062697e+08
1.095944241270395240e-02 2.003114457665213645e+08
1.103695087810703176e-02 2.002028471790880561e+08
1.111500750663583711e-02 2.000935498570463955e+08
1.119361617506448199e-02 1.999835497928965092e+08
1.127278078758479039e-02 1.998728429630341828e+08
1.135250527600020591e-02 1.997614253277921975e+08
1.143279359992106260e-02 1.996492928314778805e+08
1.151364974696124886e-02 1.995364414024199247e+08
1.159507773293625386e-02 1.994228669530112743e+08
1.167708160206261912e-02 1.993085653797582686e+08
1.175966542715880039e-02 1.991935325633284152e+08
1.184283330984744684e-02 1.990777643686035872e+08
1.192658938075911480e-02 1.989612566447326839e+08
1.201093779973742143e-02 1.988440052251899242e+08
1.209588275604562765e-02 1.987260059278322458e+08
1.218142846857475994e-02 1.986072545549587607e+08
1.226757918605306599e-02 1.984877468933761418e+08
1.235433918725710109e-02 1.983674787144642770e+08
1.244171278122420399e-02 1.982464457742424309e+08
1.252970430746651841e-02 1.981246438134420216e+08
1.261831813618652202e-02 1.980020685575762987e+08
1.270755866849407681e-02 1.978787157170215845e+08
1.279743033662500765e-02 1.977545809870900810e+08
1.288793760416124916e-02 1.976296600481112003e+08
1.297908496625252428e-02 1.975039485655186772e+08
1.307087694983959970e-02 1.973774421899344325e+08
1.316331811387913206e-02 1.972501365572554767e+08
1.325641304957008229e-02 1.971220272887481451e+08
1.335016638058175026e-02 1.969931099911422431e+08
1.344458276328341223e-02 1.968633802567265928e+08
1.353966688697558728e-02 1.967328336634505987e+08
1.363542347412293083e-02 1.966014657750266790e+08
1.373185728058879534e-02 1.964692721410366595e+08
1.382897309587140591e-02 1.963362482970392108e+08
1.392677574334177416e-02 1.962023897646849751e+08
1.402527008048323233e-02 1.960676920518268049e+08
1.412446099913269512e-02 1.959321506526436508e+08
1.422435342572361469e-02 1.957957610477565825e+08
1.432495232153065817e-02 1.956585187043561041e+08
1.442626268291611474e-02 1.955204190763299763e+08
1.452828954157804955e-02 1.953814576043931842e+08
1.463103796480020279e-02 1.952416297162228227e+08
1.473451305570367201e-02 1.951009308265956044e+08
1.483871995350035354e-02 1.949593563375280201e+08
1.494366383374819141e-02 1.948169016384233236e+08
1.504934990860823212e-02 1.946735621062174439e+08
1.515578342710348879e-02 1.945293331055305004e+08
1.526296967537963539e-02 1.943842099888232946e+08
1.537091397696756234e-02 1.942381880965549052e+08
1.547962169304777091e-02 1.940912627573462129e+08
1.558909822271661340e-02 1.939434292881446481e+08
1.569934900325450217e-02 1.937946829943954945e+08
1.581037951039591591e-02 1.936450191702133417e+08
1.592219525860137305e-02 1.934944330985628068e+08
1.603480180133130470e-02 1.933429200514385998e+08
1.614820473132189474e-02 1.931904752900481224e+08
1.626240968086281949e-02 1.930370940650060773e+08
1.637742232207700654e-02 1.928827716165228486e+08
1.649324836720234000e-02 1.927275031746054888e+08
1.660989356887536059e-02 1.925712839592572749e+08
1.672736372041698505e-02 1.924141091806841195e+08
1.684566465612022737e-02 1.922559740395052135e+08
1.696480225153998087e-02 1.920968737269654870e+08
1.708478242378481601e-02 1.919368034251556695e+08
1.720561113181088078e-02 1.917757583072354496e+08
1.732729437671784445e-02 1.916137335376591682e+08
1.744983820204696473e-02 1.914507242724081874e+08
1.757324869408119494e-02 1.912867256592287719e+08
1.769753198214757753e-02 1.911217328378702998e+08
1.782269423892153190e-02 1.909557409403331280e+08
1.794874168073351886e-02 1.907887450911168754e+08
1.807568056787775199e-02 1.906207404074760377e+08
1.820351720492312600e-02 1.904517219996790588e+08
1.833225794102632741e-02 1.902816849712741971e+08
1.846190917024719685e-02 1.901106244193573594e+08
1.859247733186627366e-02 1.899385354348451197e+08
1.872396891070463379e-02 1.897654131027559042e+08
1.885639043744594123e-02 1.895912525024943650e+08
1.898974848896082396e-02 1.894160487081374228e+08
1.912404968863350846e-02 1.892397967887315750e+08
1.925930070669077884e-02 1.890624918085914254e+08
1.939550826053327084e-02 1.888841288276031911e+08
1.953267911506909038e-02 1.887047029015367627e+08
1.967082008304981214e-02 1.885242090823568702e+08
1.980993802540879922e-02 1.883426424185489714e+08
1.995003985160205898e-02 1.881599979554409981e+08
2.009113251995126373e-02 1.879762707355366349e+08
2.023322303798951588e-02 1.877914557988506556e+08
2.037631846280920506e-02 1.876055481832536161e+08
2.052042590141265818e-02 1.874185429248180091e+08
2.066555251106502733e-02 1.872304350581734776e+08
2.081170549964980396e-02 1.870412196168636680e+08
2.095889212602678603e-02 1.868508916337164044e+08
2.110711970039261254e-02 1.866594461412076652e+08
2.125639558464381684e-02 1.864668781718447804e+08
2.140672719274248903e-02 1.862731827585468888e+08
2.155812199108446750e-02 1.860783549350322783e+08
2.171058749887019856e-02 1.858823897362164855e+08
2.186413128847815648e-02 1.856852821986088753e+08
2.201876098584095234e-02 1.854870273607230783e+08
2.217448427082409704e-02 1.852876202634897828e+08
2.233130887760736982e-02 1.850870559506742060e+08
2.248924259506905957e-02 1.848853294693029225e+08
2.264829326717266236e-02 1.846824358700966835e+08
2.280846879335661492e-02 1.844783702079063356e+08
2.296977712892648779e-02 1.842731275421607792e+08
2.313222628545019005e-02 1.840667029373153448e+08
2.329582433115584897e-02 1.838590914633110762e+08
2.346057939133250336e-02 1.836502881960370243e+08
2.362649964873369049e-02 1.834402882178054154e+08
2.379359334398382583e-02 1.832290866178241074e+08
2.396186877598750070e-02 1.830166784926839471e+08
2.413133430234164212e-02 1.828030589468494058e+08
2.430199833975061827e-02 1.825882230931552052e+08
2.447386936444424788e-02 1.823721660533115566e+08
2.464695591259880372e-02 1.821548829584172368e+08
2.482126658076094089e-02 1.819363689494747818e+08
2.499681002627468854e-02 1.817166191779192984e+08
2.517359496771140112e-02 1.814956288061482012e+08
2.535163018530280088e-02 1.812733930080622733e+08
2.553092452137699364e-02 1.810499069696128070e+08
2.571148688079777020e-02 1.808251658893532455e+08
2.589332623140670059e-02 1.805991649790012836e+08
2.607645160446868046e-02 1.803718994640083313e+08
2.626087209512039181e-02 1.801433645841333866e+08
2.644659686282207003e-02 1.799135555940267742e+08
2.663363513181239359e-02 1.796824677638179064e+08
2.682199619156662093e-02 1.794500963797158599e+08
2.701168939725797496e-02 1.792164367446139157e+08
2.720272417022226788e-02 1.789814841787002385e+08
2.739510999842582201e-02 1.787452340200788975e+08
2.758885643693671091e-02 1.785076816253965199e+08
2.778397310839931383e-02 1.782688223704789877e+08
2.798046970351223545e-02 1.780286516509720385e+08
2.817835598150961879e-02 1.777871648829926550e+08
2.837764177064582352e-02 1.775443575037879646e+08
2.857833696868360487e-02 1.773002249723972380e+08
2.878045154338559897e-02 1.770547627703292072e+08
2.898399553300954820e-02 1.768079664022413790e+08
2.918897904680665956e-02 1.765598313966284096e+08
2.939541226552391112e-02 1.763103533065199256e+08
2.960330544190947072e-02 1.760595277101839483e+08
2.981266890122208357e-02 1.758073502118389308e+08
3.002351304174380453e-02 1.755538164423775673e+08
3.023584833529646340e-02 1.752989220600890517e+08
3.044968532776174894e-02 1.750426627513987720e+08
3.066503463960499817e-02 1.747850342316119969e+08
3.088190696640265992e-02 1.745260322456655502e+08
3.110031307937351219e-02 1.742656525688862205e+08
3.132026382591362318e-02 1.740038910077611804e+08
3.154177013013510084e-02 1.737407434007110000e+08
3.176484299340867623e-02 1.734762056188755035e+08
3.198949349490998878e-02 1.732102735669054091e+08
3.221573279217006952e-02 1.729429431837599874e+08
3.244357212162921750e-02 1.726742104435184896e+08
3.267302279919534480e-02 1.724040713561928570e+08
3.290409622080571472e-02 1.721325219685528278e+08
3.313680386299322489e-02 1.718595583649576008e+08
3.337115728345611820e-02 1.715851766681983471e+08
3.360716812163228734e-02 1.713093730403404832e+08
3.384484809927709725e-02 1.710321436835856736e+08
3.408420902104575267e-02 1.707534848411316574e+08
3.432526277507950974e-02 1.704733927980473042e+08
3.456802133359612728e-02 1.701918638821493983e+08
3.481249675348448147e-02 1.699088944648931026e+08
3.505870117690337157e-02 1.696244809622677565e+08
3.530664683188459996e-02 1.693386198356984854e+08
3.555634603294027807e-02 1.690513075929611027e+08
3.580781118167446209e-02 1.687625407890987992e+08
3.606105476739899368e-02 1.684723160273527205e+08
3.631608936775400365e-02 1.681806299600938857e+08
3.657292764933233603e-02 1.678874792897704244e+08
3.683158236830890581e-02 1.675928607698540092e+08
3.709206637107399090e-02 1.672967712058024704e+08
3.735439259487154801e-02 1.669992074560249746e+08
3.761857406844143492e-02 1.667001664328546524e+08
3.788462391266684409e-02 1.663996451035335064e+08
3.815255534122564268e-02 1.660976404911971986e+08
3.842238166124687521e-02 1.657941496758776009e+08
3.869411627397156828e-02 1.654891697955016792e+08
3.896777267541835788e-02 1.651826980469065905e+08
3.924336445705377263e-02 1.648747316868583560e+08
3.952090530646725636e-02 1.645652680330772996e+08
3.980040900805101312e-02 1.642543044652723074e+08
4.008188944368458462e-02 1.639418384261816144e+08
4.036536059342434729e-02 1.636278674226217568e+08
4.065083653619782494e-02 1.633123890265403092e+08
4.093833145050296274e-02 1.629954008760804534e+08
4.122785961511220981e-02 1.626769006766481400e+08
4.151943540978193792e-02 1.623568862019875646e+08
4.181307331596628013e-02 1.620353552952666879e+08
4.210878791753674966e-02 1.617123058701602817e+08
4.240659390150620239e-02 1.613877359119511545e+08
4.270650605875861427e-02 1.610616434786292017e+08
4.300853928478336891e-02 1.607340267020009756e+08
4.331270858041539468e-02 1.604048837888015509e+08
4.361902905257986768e-02 1.600742130218196213e+08
4.392751591504276409e-02 1.597420127610205710e+08
4.423818448916636004e-02 1.594082814446792603e+08
4.455105020467018534e-02 1.590730175905195177e+08
4.486612860039740358e-02 1.587362197968581617e+08
4.518343532508652116e-02 1.583978867437523305e+08
4.550298613814861975e-02 1.580580171941573620e+08
4.582479691045007048e-02 1.577166099950830042e+08
4.614888362510079917e-02 1.573736640787635744e+08
4.647526237824797790e-02 1.570291784638225734e+08
4.680394937987573944e-02 1.566831522564518452e+08
4.713496095460989466e-02 1.563355846515882909e+08
4.746831354252908225e-02 1.559864749340999126e+08
4.780402369998094231e-02 1.556358224799732566e+08
4.814210810040474992e-02 1.552836267575057745e+08
4.848258353515916275e-02 1.549298873285023868e+08
4.882546691435655367e-02 1.545746038494768739e+08
4.917077526770251283e-02 1.542177760728544593e+08
4.951852574534191392e-02 1.538594038481794596e+08
4.986873561871059402e-02 1.534994871233270168e+08
5.022142228139315351e-02 1.531380259457155466e+08
5.057660324998683454e-02 1.527750204635238349e+08
5.093429616497152645e-02 1.524104709269115329e+08
5.129451879158587746e-02 1.520443776892379820e+08
5.165728902070963746e-02 1.516767412082879543e+08
5.202262486975225975e-02 1.513075620474982560e+08
5.239054448354760196e-02 1.509368408771835268e+08
5.276106613525543415e-02 1.505645784757666290e+08
5.313420822726856035e-02 1.501907757310104072e+08
5.350998929212727462e-02 1.498154336412444413e+08
5.388842799343931261e-02 1.494385533166046143e+08
5.426954312680727643e-02 1.490601359802600443e+08
5.465335362076168685e-02 1.486801829696484208e+08
5.503987853770153649e-02 1.482986957377113700e+08
5.542913707484062313e-02 1.479156758541242480e+08
5.582114856516131457e-02 1.475311250065295994e+08
5.621593247837461393e-02 1.471450450017718673e+08
5.661350842188714316e-02 1.467574377671241462e+08
5.701389614177500287e-02 1.463683053515194356e+08
5.741711552376446703e-02 1.459776499267784655e+08
5.782318659421962354e-02 1.455854737888361216e+08
5.823212952113703683e-02 1.451917793589626253e+08
5.864396461514737036e-02 1.447965691849869490e+08
5.905871233052416985e-02 1.443998459425132573e+08
5.947639326619979377e-02 1.440016124361372590e+08
5.989702816678827563e-02 1.436018716006561220e+08
6.032063792361602034e-02 1.432006265022760630e+08
6.074724357575890521e-02 1.427978803398163319e+08
6.117686631108772838e-02 1.423936364459068775e+08
6.160952746731999941e-02 1.419878982881821394e+08
6.204524853308023002e-02 1.415806694704709053e+08
6.248405114896668500e-02 1.411719537339759767e+08
6.292595710862668168e-02 1.407617549584538937e+08
6.337098835983850931e-02 1.403500771633830965e+08
6.381916700560190392e-02 1.399369245091288686e+08
6.427051530523558709e-02 1.395223012980982065e+08
6.472505567548285377e-02 1.391062119758906960e+08
6.518281069162494556e-02 1.386886611324354410e+08
6.564380308860226498e-02 1.382696535031286180e+08
6.610805576214355550e-02 1.378491939699525535e+08
6.657559176990297811e-02 1.374272875625929832e+08
6.704643433260544516e-02 1.370039394595408440e+08
6.752060683519958695e-02 1.365791549891922176e+08
6.799813282801971115e-02 1.361529396309256554e+08
6.847903602795485378e-02 1.357252990161812901e+08
6.896334031962729483e-02 1.352962389295198917e+08
6.945106975657823478e-02 1.348657653096735179e+08
6.994224856246301913e-02 1.344338842505837977e+08
7.043690113225370419e-02 1.340006020024259090e+08
7.093505203345112919e-02 1.335659249726223946e+08
7.143672600730469058e-02 1.331298597268393934e+08
7.194194797004142827e-02 1.326924129899715185e+08
7.245074301410338313e-02 1.322535916471124589e+08
7.296313640939389167e-02 1.318134027445069253e+08
7.347915360453260991e-02 1.313718534904917777e+08
7.399882022811947457e-02 1.309289512564171255e+08
7.452216209000757374e-02 1.304847035775524378e+08
7.504920518258503814e-02 1.300391181539766937e+08
7.557997568206598071e-02 1.295922028514481187e+08
7.611449994979041511e-02 1.291439657022588253e+08
7.665280453353393031e-02 1.286944149060679674e+08
7.719491616882562246e-02 1.282435588307182640e+08
7.774086178027660166e-02 1.277914060130304098e+08
7.829066848291661718e-02 1.273379651595808566e+08
7.884436358354129926e-02 1.268832451474531293e+08
7.940197458206788017e-02 1.264272550249740034e+08
7.996352917290153184e-02 1.259700040124237984e+08
8.052905524631030765e-02 1.255115015027254969e+08
8.109858088981077018e-02 1.250517570621121228e+08
8.167213438956276439e-02 1.245907804307668060e+08
8.224974423177437710e-02 1.241285815234452039e+08
8.283143910411668032e-02 1.236651704300659895e+08
8.341724789714859145e-02 1.232005574162825495e+08
8.400719970575169782e-02 1.227347529240242839e+08
8.460132383057535066e-02 1.222677675720143616e+08
8.519964977949186224e-02 1.217996121562601179e+08
8.580220726906208351e-02 1.213302976505145878e+08
8.640902622601134841e-02 1.208598352067122459e+08
8.702013678871559077e-02 1.203882361553748250e+08
8.763556930869868811e-02 1.199155120059877932e+08
8.825535435213924251e-02 1.194416744473480284e+08
8.887952270138943511e-02 1.189667353478805870e+08
8.950810535650306765e-02 1.184907067559249401e+08
9.014113353677602469e-02 1.180136008999896348e+08
9.077863868229606170e-02 1.175354301889747679e+08
9.142065245550498598e-02 1.170562072123616338e+08
9.206720674277062144e-02 1.165759447403711230e+08
9.271833365597090260e-02 1.160946557240849137e+08
9.337406553408859888e-02 1.156123532955350578e+08
9.403443494481743270e-02 1.151290507677590400e+08
9.469947468617964659e-02 1.146447616348160356e+08
9.536921778815490858e-02 1.141594995717712492e+08
9.604369751432086100e-02 1.136732784346413016e+08
9.672294736350511846e-02 1.131861122603013068e+08
9.740700107144910358e-02 1.126980152663584352e+08
9.809589261248334580e-02 1.122090018509829342e+08
9.878965620121538116e-02 1.117190865927013457e+08
9.948832629422829643e-02 1.112282842501532286e+08
1.001919375917929012e-01 1.107366097618027180e+08
1.009005250395903497e-01 1.102440782456150949e+08
1.016141238304483774e-01 1.097507049986872524e+08
1.023327694060888887e-01 1.092565054968418032e+08
1.030564974588882854e-01 1.087614953941727579e+08
1.037853439336501454e-01 1.082656905225560069e+08
1.045193450293905035e-01 1.077691068911097646e+08
1.052585372011357184e-01 1.072717606856153905e+08
1.060029571617329830e-01 1.067736682678937167e+08
1.067526418836738100e-01 1.062748461751348227e+08
1.075076286009302301e-01 1.057753111191840917e+08
1.082679548108041317e-01 1.052750799857824594e+08
1.090336582757895356e-01 1.047741698337611854e+08
1.098047770254481914e-01 1.042725978941873908e+08
1.105813493582983031e-01 1.037703815694658756e+08
1.113634138437166743e-01 1.032675384323916584e+08
1.121510093238543421e-01 1.027640862251548022e+08
1.129441749155656732e-01 1.022600428582963794e+08
1.137429500123512127e-01 1.017554264096169323e+08
1.145473742863140354e-01 1.012502551230347455e+08
1.153574876901303503e-01 1.007445474073946327e+08
1.161733304590336635e-01 1.002383218352267593e+08
1.169949431128130962e-01 9.973159714145563543e+07
1.178223664578259139e-01 9.922439222205805779e+07
1.186556415890241550e-01 9.871672613266852498e+07
1.194948098919957069e-01 9.820861808713662624e+07
1.203399130450197446e-01 9.770008745602944493e+07
1.211909930211367420e-01 9.719115376508368552e+07
1.220480920902330957e-01 9.668183669360460341e+07
1.229112528211405708e-01 9.617215607281300426e+07
1.237805180837504154e-01 9.566213188413977623e+07
1.246559310511426849e-01 9.515178425746509433e+07
1.255375352017303325e-01 9.464113346930795908e+07
1.264253743214187875e-01 9.413019994095824659e+07
1.273194925057804794e-01 9.361900423655854166e+07
1.282199341622450028e-01 9.310756706112968922e+07
1.291267440123044785e-01 9.259590925854319334e+07
1.300399670937350260e-01 9.208405180943928659e+07
1.309596487628333639e-01 9.157201582909107208e+07
1.318858346966695072e-01 9.105982256521421671e+07
1.328185708953554534e-01 9.054749339572110772e+07
1.337579036843298264e-01 9.003504982642169297e+07
1.347038797166586199e-01 8.952251348867030442e+07
1.356565459753522884e-01 8.900990613695493340e+07
1.366159497756992691e-01 8.849724964643576741e+07
1.375821387676158802e-01 8.798456601042702794e+07
1.385551609380130111e-01 8.747187733782389760e+07
1.395350646131793271e-01 8.695920585047669709e+07
1.405218984611815436e-01 8.644657388050973415e+07
1.415157114942815209e-01 8.593400386758570373e+07
1.425165530713705109e-01 8.542151835611662269e+07
1.435244729004207798e-01 8.490913999242106080e+07
1.445395210409541331e-01 8.439689152182722092e+07
1.455617479065285380e-01 8.388479578572216630e+07
1.465912042672414539e-01 8.337287571854996681e+07
1.476279412522520096e-01 8.286115434475313127e+07
1.486720103523199443e-01 8.234965477566590905e+07
1.497234634223631455e-01 8.183840020635163784e+07
1.507823526840330053e-01 8.132741391239021719e+07
1.518487307283081789e-01 8.081671924661345780e+07
1.529226505181064122e-01 8.030633963578876853e+07
1.540041653909151320e-01 7.979629857725316286e+07
1.550933290614404936e-01 7.928661963549582660e+07
1.561901956242751632e-01 7.877732643869361281e+07
1.572948195565850305e-01 7.826844267519244552e+07
1.584072557208147936e-01 7.775999208994521201e+07
1.595275593674128634e-01 7.725199848089815676e+07
1.606557861375753626e-01 7.674448569533255696e+07
1.617919920660097211e-01 7.623747762615653872e+07
1.629362335837175324e-01 7.573099820815293491e+07
1.640885675207974514e-01 7.522507141418124735e+07
1.652490511092676861e-01 7.471972125133486092e+07
1.664177419859082518e-01 7.421497175705379248e+07
1.675946981951239312e-01 7.371084699519537389e+07
1.687799781918269126e-01 7.320737105206172168e+07
1.699736408443401348e-01 7.270456803238582611e+07
1.711757454373208642e-01 7.220246205527834594e+07
1.723863516747053126e-01 7.170107725013230741e+07
1.736055196826738478e-01 7.120043775249207020e+07
1.748333100126372164e-01 7.070056769988204539e+07
1.760697836442439157e-01 7.020149122760033607e+07
1.773150019884087991e-01 6.970323246447594464e+07
1.785690268903631917e-01 6.920581552859185636e+07
1.798319206327263775e-01 6.870926452297414839e+07
1.811037459385990422e-01 6.821360353124940395e+07
1.823845659746785031e-01 6.771885661327010393e+07
1.836744443543958660e-01 6.722504780071136355e+07
1.849734451410754987e-01 6.673220109263716638e+07
1.862816328511169850e-01 6.624034045104076713e+07
1.875990724571989232e-01 6.574948979635803401e+07
1.889258293915064280e-01 6.525967300295539945e+07
1.902619695489806417e-01 6.477091389459591359e+07
1.916075592905914782e-01 6.428323623988174647e+07
1.929626654466335411e-01 6.379666374767576903e+07
1.943273553200453030e-01 6.331122006250468642e+07
1.957016966897518750e-01 6.282692875994438678e+07
1.970857578140312316e-01 6.234381334198764712e+07
1.984796074339043592e-01 6.186189723239814490e+07
1.998833147765493590e-01 6.138120377205026895e+07
2.012969495587398072e-01 6.090175621425855905e+07
2.027205819903070694e-01 6.042357772009453177e+07
2.041542827776276492e-01 5.994669135369765759e+07
2.055981231271346577e-01 5.947112007757721841e+07
2.070521747488545394e-01 5.899688674791011214e+07
2.085165098599685296e-01 5.852401410983481258e+07
2.099912011883994234e-01 5.805252479274315387e+07
2.114763219764238811e-01 5.758244130557166040e+07
2.129719459843095464e-01 5.711378603209634125e+07
2.144781474939791432e-01 5.664658122622791678e+07
2.159950013126993307e-01 5.618084900731448084e+07
2.175225827767962028e-01 5.571661135545060039e+07
2.190609677553969625e-01 5.525389010679454356e+07
2.206102326541981018e-01 5.479270694889632612e+07
2.221704544192600328e-01 5.433308341603989154e+07
2.237417105408288365e-01 5.387504088459629565e+07
2.253240790571848784e-01 5.341860056839708984e+07
2.269176385585186528e-01 5.296378351412245631e+07
2.285224681908340771e-01 5.251061059671194851e+07
2.301386476598793196e-01 5.205910251479540020e+07
2.317662572351055494e-01 5.160927978614892066e+07
2.334053777536536090e-01 5.116116274317672104e+07
2.350560906243687465e-01 5.071477152841995656e+07
2.367184778318441318e-01 5.027012609009588510e+07
2.383926219404925162e-01 4.982724617766968161e+07
2.400786060986470349e-01 4.938615133745798469e+07
2.417765140426904880e-01 4.894686090827003866e+07
2.434864301012148458e-01 4.850939401708573848e+07
2.452084391992090384e-01 4.807376957477304339e+07
2.469426268622770260e-01 4.764000627184780687e+07
2.486890792208855117e-01 4.720812257427701354e+07
2.504478830146416590e-01 4.677813671932623535e+07
2.522191255966012569e-01 4.635006671145791560e+07
2.540028949376070266e-01 4.592393031827567518e+07
2.557992796306578498e-01 4.549974506652170420e+07
2.576083688953090811e-01 4.507752823812817037e+07
2.594302525821032823e-01 4.465729686632283777e+07
2.612650211770332076e-01 4.423906773179274797e+07
2.631127658060356533e-01 4.382285735890684277e+07
2.649735782395173378e-01 4.340868201199995726e+07
2.668475508969128662e-01 4.299655769171930104e+07
2.687347768512748369e-01 4.258650013143701106e+07
2.706353498338964769e-01 4.217852479372766614e+07
2.725493642389665849e-01 4.177264686691647768e+07
2.744769151282581698e-01 4.136888126169604063e+07
2.764180982358496741e-01 4.096724260781692713e+07
2.783730099728796148e-01 4.056774525085061789e+07
2.803417474323349756e-01 4.017040324902954698e+07
2.823244083938735716e-01 3.977523037016402185e+07
2.843210913286801644e-01 3.938224008863788843e+07
2.863318954043574394e-01 3.899144558248621225e+07
2.883569204898509541e-01 3.860285973055366427e+07
2.903962671604095047e-01 3.821649510973878950e+07
2.924500367025803516e-01 3.783236399232217669e+07
2.945183311192393627e-01 3.745047834338320047e+07
2.966012531346575165e-01 3.707084981830450892e+07
2.986989061996026540e-01 3.669348976036659628e+07
3.008113944964773689e-01 3.631840919843475521e+07
3.029388229444936464e-01 3.594561884473766387e+07
3.050812972048835281e-01 3.557512909274139255e+07
3.072389236861471362e-01 3.520695001511794329e+07
3.094118095493369469e-01 3.484109136181125790e+07
3.116000627133811429e-01 3.447756255820094049e+07
3.138037918604426602e-01 3.411637270336496830e+07
3.160231064413173696e-01 3.375753056844305992e+07
3.182581166808700068e-01 3.340104459510082752e+07
3.205089335835086262e-01 3.304692289409689605e+07
3.227756689386978017e-01 3.269517324395270646e+07
3.250584353265106308e-01 3.234580308972671628e+07
3.273573461232204274e-01 3.199881954189383239e+07
3.296725155069314406e-01 3.165422937533066794e+07
3.320040584632497072e-01 3.131203902840692922e+07
3.343520907909940387e-01 3.097225460218473896e+07
3.367167291079471991e-01 3.063488185972547904e+07
3.390980908566479379e-01 3.029992622550527751e+07
3.414962943102238802e-01 2.996739278493916616e+07
3.439114585782656608e-01 2.963728628401555866e+07
3.463437036127426927e-01 2.930961112903924659e+07
3.487931502139609563e-01 2.898437138648601621e+07
3.512599200365618679e-01 2.866157078296654299e+07
3.537441355955653899e-01 2.834121270530170202e+07
3.562459202724545526e-01 2.802330020070837438e+07
3.587653983213029973e-01 2.770783597709608451e+07
3.613026948749465395e-01 2.739482240347480401e+07
3.638579359511981415e-01 2.708426151047345251e+07
3.664312484591062402e-01 2.677615499096911028e+07
3.690227602052583711e-01 2.647050420082677901e+07
3.716325999001285352e-01 2.616731015974985063e+07
3.742608971644698634e-01 2.586657355224012211e+07
3.769077825357523004e-01 2.556829472866756096e+07
3.795733874746459180e-01 2.527247370644959807e+07
3.822578443715502483e-01 2.497911017133881897e+07
3.849612865531692463e-01 2.468820347881887853e+07
3.876838482891335480e-01 2.439975265560799837e+07
3.904256647986686923e-01 2.411375640126920491e+07
3.931868722573115260e-01 2.383021308992654085e+07
3.959676078036724056e-01 2.354912077208666876e+07
3.987680095462478591e-01 2.327047717656478286e+07
4.015882165702788220e-01 2.299427971251346171e+07
4.044283689446588892e-01 2.272052547155466303e+07
4.072886077288907503e-01 2.244921123001203313e+07
4.101690749800923075e-01 2.218033345124419779e+07
4.130699137600521431e-01 2.191388828807631508e+07
4.159912681423345582e-01 2.164987158532945439e+07
4.189332832194354039e-01 2.138827888244661689e+07
4.218961051099882620e-01 2.112910541621306539e+07
4.248798809660214726e-01 2.087234612357046455e+07
4.278847589802665663e-01 2.061799564452307671e+07
4.309108883935188206e-01 2.036604832513399795e+07
4.339584195020489421e-01 2.011649822061064839e+07
4.370275036650680955e-01 1.986933909847687557e+07
4.401182933122451679e-01 1.962456444183069840e+07
4.432309419512773796e-01 1.938216745268584788e+07
4.463656041755147408e-01 1.914214105539459363e+07
4.495224356716371328e-01 1.890447790015096590e+07
4.527015932273878995e-01 1.866917036657159775e+07
4.559032347393603413e-01 1.843621056735278666e+07
4.591275192208397193e-01 1.820559035200159997e+07
4.623746068097009942e-01 1.797730131063871458e+07
4.656446587763621858e-01 1.775133477787107229e+07
4.689378375317941883e-01 1.752768183673262596e+07
4.722543066355869290e-01 1.730633332269013673e+07
4.755942308040729261e-01 1.708727982771252468e+07
4.789577759185079109e-01 1.687051170440127701e+07
4.823451090333097935e-01 1.665601907017940283e+07
4.857563983843552480e-01 1.644379181153724529e+07
4.891918133973358063e-01 1.623381958833194524e+07
4.926515246961721273e-01 1.602609183813899197e+07
4.961357041114884958e-01 1.582059778065299243e+07
4.996445246891469405e-01 1.561732642213523574e+07
5.031781606988416922e-01 1.541626655990597978e+07
5.067367876427550932e-01 1.521740678687851690e+07
5.103205822642723488e-01 1.502073549613298103e+07
5.139297225567620586e-01 1.482624088552698679e+07
5.175643877724148689e-01 1.463391096234089695e+07
5.212247584311469062e-01 1.444373354795510508e+07
5.249110163295651610e-01 1.425569628255677223e+07
5.286233445499967099e-01 1.406978662987340055e+07
5.323619274695821080e-01 1.388599188193097524e+07
5.361269507694319536e-01 1.370429916383380443e+07
5.399186014438497327e-01 1.352469543856357224e+07
5.437370678096185017e-01 1.334716751179536059e+07
5.475825395153544051e-01 1.317170203672773205e+07
5.514552075509251416e-01 1.299828551892438717e+07
5.553552642569362652e-01 1.282690432116501406e+07
5.592829033342839873e-01 1.265754466830280051e+07
5.632383198537749269e-01 1.249019265212588757e+07
5.672217102658154708e-01 1.232483423622040637e+07
5.712332724101683024e-01 1.216145526083282754e+07
5.752732055257772092e-01 1.200004144772849604e+07
5.793417102606648328e-01 1.184057840504482202e+07
5.834389886818962534e-01 1.168305163213578984e+07
5.875652442856156288e-01 1.152744652440611646e+07
5.917206820071527762e-01 1.137374837813219614e+07
5.959055082312018081e-01 1.122194239526758343e+07
6.001199308020712664e-01 1.107201368823094293e+07
6.043641590340068648e-01 1.092394728467374481e+07
6.086384037215878395e-01 1.077772813222593442e+07
6.129428771501955753e-01 1.063334110321674682e+07
6.172777931065576151e-01 1.049077099936901592e+07
6.216433668893651676e-01 1.035000255646472611e+07
6.260398153199665527e-01 1.021102044897902384e+07
6.304673567531356992e-01 1.007380929468188621e+07
6.349262110879171361e-01 9.938353659203998744e+06
6.394165997785471456e-01 9.804638060565985739e+06
6.439387458454530755e-01 9.672646973668200895e+06
6.484928738863298125e-01 9.542364834739828482e+06
6.530792100872936379e-01 9.413776045744853094e+06
6.576979822341180171e-01 9.286864978743756190e+06
6.623494197235451075e-01 9.161615980208208784e+06
6.670337535746800883e-01 9.038013375288216397e+06
6.717512164404640940e-01 8.916041472029045224e+06
6.765020426192301928e-01 8.795684565536919981e+06
6.812864680663391903e-01 8.676926942091628909e+06
6.861047304058990326e-01 8.559752883204754442e+06
6.909570689425669210e-01 8.444146669621786103e+06
6.958437246734341386e-01 8.330092585267093964e+06
7.007649402999958088e-01 8.217574921130117960e+06
7.057209602402049198e-01 8.106577979091486894e+06
7.107120306406113919e-01 7.997086075688158162e+06
7.157383993885877427e-01 7.889083545815984719e+06
7.208003161246399060e-01 7.782554746368920431e+06
7.258980322548068687e-01 7.677484059813621454e+06
7.310318009631461278e-01 7.573855897698507644e+06
7.362018772243095199e-01 7.471654704096374102e+06
7.414085178162047596e-01 7.370864958979654126e+06
7.466519813327513466e-01 7.271471181527329609e+06
7.519325281967220720e-01 7.173457933363139629e+06
7.572504206726776710e-01 7.076809821723937057e+06
7.626059228799925149e-01 6.981511502557713538e+06
7.679993008059726733e-01 6.887547683550964110e+06
7.734308223190661247e-01 6.794903127084279433e+06
7.789007571821667808e-01 6.703562653116213158e+06
7.844093770660128806e-01 6.613511141994848847e+06
7.899569555626795303e-01 6.524733537196554244e+06
7.955437681991671672e-01 6.437214847991729155e+06
8.011700924510857247e-01 6.350940152037383057e+06
8.068362077564360524e-01 6.265894597896209918e+06
8.125423955294883704e-01 6.182063407482071780e+06
8.182889391747590890e-01 6.099431878431741148e+06
8.240761241010862159e-01 6.017985386403044686e+06
8.299042377358052391e-01 5.937709387299161404e+06
8.357735695390229314e-01 5.858589419419364072e+06
8.416844110179957372e-01 5.780611105536266230e+06
8.476370557416067486e-01 5.703760154899546877e+06
8.536317993549460414e-01 5.628022365166825242e+06
8.596689395939948186e-01 5.553383624261351302e+06
8.657487763004120263e-01 5.479829912157350220e+06
8.718716114364273295e-01 5.407347302593042143e+06
8.780377490998374501e-01 5.335921964711921290e+06
8.842474955391103064e-01 5.265540164632648230e+06
8.905011591685945138e-01 5.196188266947954893e+06
8.967990505838379089e-01 5.127852736153420992e+06
9.031414825770128774e-01 5.060520138006216846e+06
9.095287701524522594e-01 4.994177140814830549e+06
9.159612305422938361e-01 4.928810516660175286e+06
9.224391832222362808e-01 4.864407142548831180e+06
9.289629499274063562e-01 4.800954001499185339e+06
9.355328546683381319e-01 4.738438183561063372e+06
9.421492237470657782e-01 4.676846886769876815e+06
9.488123857733281596e-01 4.616167418035840616e+06
9.555226716808922216e-01 4.556387193969223648e+06
9.622804147439870670e-01 4.497493741642514244e+06
9.690859505938573815e-01 4.439474699290407822e+06
9.759396172354327659e-01 4.382317816948369145e+06
9.828417550641149747e-01 4.326010957031022757e+06
9.897927068826842811e-01 4.270542094850973226e+06
9.967928179183249693e-01 4.215899319079383276e+06
1.003842435839772174e+00 4.162070832149075344e+06
1.010941910774576735e+00 4.109044950601347256e+06
1.018091595326499954e+00 4.056810105377396103e+06
1.025291844593018586e+00 4.005354842055615969e+06
1.032543016182969842e+00 3.954667821035615634e+06
1.039845470234303182e+00 3.904737817670294084e+06
1.047199569431976229e+00 3.855553722346819006e+06
1.054605679025959475e+00 3.807104540517934132e+06
1.062064166849384650e+00 3.759379392684388906e+06
1.069575403336805675e+00 3.712367514329943340e+06
1.077139761542605045e+00 3.666058255809836555e+06
1.084757617159513465e+00 3.620441082194134593e+06
1.092429348537277800e+00 3.575505573066812474e+06
1.100155336701443387e+00 3.531241422282038257e+06
1.107935965372287113e+00 3.487638437678617425e+06
1.115771620983866175e+00 3.444686540753939189e+06
1.123662692703219834e+00 3.402375766298395116e+06
1.131609572449690182e+00 3.360696261991673615e+06
1.139612654914390566e+00 3.319638287961991504e+06
1.147672337579811908e+00 3.279192216309392359e+06
1.155789020739555140e+00 3.239348530594454613e+06
1.163963107518223294e+00 3.200097825293387286e+06
1.172195003891432386e+00 3.161430805220880546e+06
1.180485118705984604e+00 3.123338284921731800e+06
1.188833863700164750e+00 3.085811188032472041e+06
1.197241653524198979e+00 3.048840546614204533e+06
1.205708905760839666e+00 3.012417500457697082e+06
1.214236040946114148e+00 2.976533296361988876e+06
1.222823482590202016e+00 2.941179287387603894e+06
1.231471657198479397e+00 2.906346932085488457e+06
1.240180994292690686e+00 2.872027793702921830e+06
1.248951926432292581e+00 2.838213539367292542e+06
1.257784889235926462e+00 2.804895939249157906e+06
1.266680321403064857e+00 2.772066865705392323e+06
1.275638664735789352e+00 2.739718292403783184e+06
1.284660364160743917e+00 2.707842293429971673e+06
1.293745867751222800e+00 2.676431042377935257e+06
1.302895626749429603e+00 2.645476811425016262e+06
1.312110095588891800e+00 2.614971970392611809e+06
1.321389731917021804e+00 2.584908985793564469e+06
1.330734996617857435e+00 2.555280419867223129e+06
1.340146353834941406e+00 2.526078929603401572e+06
1.349624270994383757e+00 2.497297265755963977e+06
1.359169218828067294e+00 2.468928271847395226e+06
1.368781671397037325e+00 2.440964883165052161e+06
1.378462106115035501e+00 2.413400125750349369e+06
1.388211003772222174e+00 2.386227115381640848e+06
1.398028848559044635e+00 2.359439056551991031e+06
1.407916128090296093e+00 2.333029241442658007e+06
1.417873333429321425e+00 2.306991048893296160e+06
1.427900959112419654e+00 2.281317943369883578e+06
1.437999503173392091e+00 2.256003473931227811e+06
1.448169467168291424e+00 2.231041273195088841e+06
1.458411356200319808e+00 2.206425056304801255e+06
1.468725678944921231e+00 2.182148619897336699e+06
1.479112947675050194e+00 2.158205841073684394e+06
1.489573678286602032e+00 2.134590676372581162e+06
1.500108390324049523e+00 2.111297160748382565e+06
1.510717607006233365e+00 2.088319406554055866e+06
1.521401855252361823e+00 2.065651602530115983e+06
1.532161665708166476e+00 2.043288012800570577e+06
1.542997572772272008e+00 2.021222975876520388e+06
1.553910114622723659e+00 1.999450903668584768e+06
1.564899833243730276e+00 1.977966280508764321e+06
1.575967274452568567e+00 1.956763662182926433e+06
1.587112987926705410e+00 1.935837674974476919e+06
1.598337527231085797e+00 1.915183014720414067e+06
1.609641449845637728e+00 1.894794445880407467e+06
1.621025317192948956e+00 1.874666800619957969e+06
1.632489694666161784e+00 1.854794977908402216e+06
1.644035151657044169e+00 1.835173942632726394e+06
1.655662261584273542e+00 1.815798724728032248e+06
1.667371601921921132e+00 1.796664418325590203e+06
1.679163754228121253e+00 1.777766180919303093e+06
1.691039304173968860e+00 1.759099232551542111e+06
1.702998841572593847e+00 1.740658855019194540e+06
1.715042960408467820e+00 1.722440391100837151e+06
1.727172258866892740e+00 1.704439243805968435e+06
1.739387339363723139e+00 1.686650875647121109e+06
1.751688808575271983e+00 1.669070807935835095e+06
1.764077277468456328e+00 1.651694620103317546e+06
1.776553361331127956e+00 1.634517949046780821e+06
1.789117679802645577e+00 1.617536488502294756e+06
1.801770856904636453e+00 1.600745988445051480e+06
1.814513521072003366e+00 1.584142254518004600e+06
1.827346305184121444e+00 1.567721147489743307e+06
1.840269846596286785e+00 1.551478582742499188e+06
1.853284787171355585e+00 1.535410529791194480e+06
1.866391773311638191e+00 1.519513011834417237e+06
1.879591455990990756e+00 1.503782105338236084e+06
1.892884490787151375e+00 1.488213939653654816e+06
1.906271537914306924e+00 1.472804696668675635e+06
1.919753262255868842e+00 1.457550610495750094e+06
1.933330333397511813e+00 1.442447967195506673e+06
1.947003425660413400e+00 1.427493104537533596e+06
1.960773218134760354e+00 1.412682411799085326e+06
1.974640394713461644e+00 1.398012329602450365e+06
1.988605644126129945e+00 1.383479349791750778e+06
2.002669659973272065e+00 1.369080015349936439e+06
2.016833140760753817e+00 1.354810920356634073e+06
2.031096789934477176e+00 1.340668709987535141e+06
2.045461315915330758e+00 1.326650080555968452e+06
2.059927432134361691e+00 1.312751779597186483e+06
2.074495857068223259e+00 1.298970605995970080e+06
2.089167314274842369e+00 1.285303410157980630e+06
2.103942532429374346e+00 1.271747094225263689e+06
2.118822245360376222e+00 1.258298612336324761e+06
2.133807192086262017e+00 1.244954970931024523e+06
2.148898116852011153e+00 1.231713229100451106e+06
2.164095769166118455e+00 1.218570498982027406e+06
2.179400903837836800e+00 1.205523946199721191e+06
2.194814281014648039e+00 1.192570790349439019e+06
2.210336666220032775e+00 1.179708305529338541e+06
2.225968830391475528e+00 1.166933820914855925e+06
2.241711549918771418e+00 1.154244721377969952e+06
2.257565606682566450e+00 1.141638448150268057e+06
2.273531788093211770e+00 1.129112499529066961e+06
2.289610887129851502e+00 1.116664431625848170e+06
2.305803702379824571e+00 1.104291859156000195e+06
2.322111038078310319e+00 1.091992456268825335e+06
2.338533704148290759e+00 1.079763957416391931e+06
2.355072516240755753e+00 1.067604158259933582e+06
2.371728295775233697e+00 1.055510916612003231e+06
2.388501869980571790e+00 1.043482153412611224e+06
2.405394071936026279e+00 1.031515853737293626e+06
2.422405740612648462e+00 1.019610067834799993e+06
2.439537720914934926e+00 1.007762912192004151e+06
2.456790863722809526e+00 9.959725706232564989e+05
2.474166025933864699e+00 9.842372953812953783e+05
2.491664070505939854e+00 9.725554082865113160e+05
2.509285866499961326e+00 9.609253018711516634e+05
2.527032289123124720e+00 9.493454405347938882e+05
2.544904219772343712e+00 9.378143617071915651e+05
2.562902546078045241e+00 9.263306770142466994e+05
2.581028161948235589e+00 9.148930734427360585e+05
2.599281967612915967e+00 9.035003144990404835e+05
2.617664869668775207e+00 8.921512413569643395e+05
2.636177781124234620e+00 8.808447739893654361e+05
2.654821621444776181e+00 8.695799122781686019e+05
2.673597316598627316e+00 8.583557370970206102e+05
2.692505799102730357e+00 8.471714113606093451e+05
2.711548008069078364e+00 8.360261810344415717e+05
2.730724889251336940e+00 8.249193760986754205e+05
2.750037395091826209e+00 8.138504114593062550e+05
2.769486484768832746e+00 8.028187877999108750e+05
2.789073124244227930e+00 7.918240923669234617e+05
2.808798286311467329e+00 7.808659996811951278e+05
2.828662950643881846e+00 7.699442721685847500e+05
2.848668103843357446e+00 7.590587607020791620e+05
2.868814739489313315e+00 7.482094050479133148e+05
2.889103858188073026e+00 7.373962342081252718e+05
2.909536467622535483e+00 7.266193666518278187e+05
2.930113582602247302e+00 7.158790104276835918e+05
2.950836225113781186e+00 7.051754631499093957e+05
2.971705424371517523e+00 6.945091118503251346e+05
2.992722216868737295e+00 6.838804326890943339e+05
3.013887646429125766e+00 6.732899905168898404e+05
3.035202764258589259e+00 6.627384382815135177e+05
3.056668628997491144e+00 6.522265162721964298e+05
3.078286306773207581e+00 6.417550511951552471e+05
3.100056871253086044e+00 6.313249550743456930e+05
3.121981403697783541e+00 6.209372239716664189e+05
3.144060993014941907e+00 6.105929365215562284e+05
3.166296735813299179e+00 6.002932522751502693e+05
3.188689736457125168e+00 5.900394098500264809e+05
3.211241107121099336e+00 5.798327248819816159e+05
3.233951967845519970e+00 5.696745877760791918e+05
3.256823446591960103e+00 5.595664612549323356e+05
3.279856679299263167e+00 5.495098777029283810e+05
3.303052809939984957e+00 5.395064363059547031e+05
3.326412990577185536e+00 5.295577999871473294e+05
3.349938381421674549e+00 5.196656921399015700e+05
3.373630150889606050e+00 5.098318931606577826e+05
3.397489475660538716e+00 5.000582367846471025e+05
3.421517540735847351e+00 4.903466062290675472e+05
3.445715539497606006e+00 4.806989301490599755e+05
3.470084673767835248e+00 4.711171784130443120e+05
3.494626153868200635e+00 4.616033577049221494e+05
3.519341198680137062e+00 4.521595069619085989e+05
3.544231035705359467e+00 4.427876926577219274e+05
3.569296901126859378e+00 4.334900039419937530e+05
3.594540039870269155e+00 4.242685476478349883e+05
3.619961705665723617e+00 4.151254431805134518e+05
3.645563161110100037e+00 4.060628173012061743e+05
3.671345677729752843e+00 3.970827988207648741e+05
3.697310536043638240e+00 3.881875132193195168e+05
3.723459025626941976e+00 3.793790772084457567e+05
3.749792445175096578e+00 3.706595932533196756e+05
3.776312102568314177e+00 3.620311440730750328e+05
3.803019314936512796e+00 3.534957871381311561e+05
3.829915408724764436e+00 3.450555491838041344e+05
3.857001719759141967e+00 3.367124207599552465e+05
3.884279593313097134e+00 3.284683508366870228e+05
3.911750384174244477e+00 3.203252414863847662e+05
3.939415456711678143e+00 3.122849426623815089e+05
3.967276184943707040e+00 3.043492470945820096e+05
3.995333952606112238e+00 2.965198853221247555e+05
4.023590153220879095e+00 2.887985208829254843e+05
4.052046190165383699e+00 2.811867456795151229e+05
4.080703476742123748e+00 2.736860755399646587e+05
4.109563436248881096e+00 2.662979459921307280e+05
4.138627502049441631e+00 2.590237082684694033e+05
4.167897117644755234e+00 2.518646255579518911e+05
4.197373736744657080e+00 2.448218695203606330e+05
4.227058823340041904e+00 2.378965170772082347e+05
4.256953851775601372e+00 2.310895474922473368e+05
4.287060306823019751e+00 2.244018397531343217e+05
4.317379683754746900e+00 2.178341702644045290e+05
4.347913488418234884e+00 2.113872108603975503e+05
4.378663237310754575e+00 2.050615271451766021e+05
4.409630457654684754e+00 1.988575771648773516e+05
4.440816687473396307e+00 1.927757104161967873e+05
4.472223475667610693e+00 1.868161671931441815e+05
4.503852382092338402e+00 1.809790782723253942e+05
4.535704977634366308e+00 1.752644649354731955e+05
4.567782844290247724e+00 1.696722393261303951e+05
4.600087575244907079e+00 1.642022051358171448e+05
4.632620774950732212e+00 1.588540586133513716e+05
4.665384059207298151e+00 1.536273898894613958e+05
4.698379055241581170e+00 1.485216846073113265e+05
4.731607401788815004e+00 1.435363258482129313e+05
4.765070749173839104e+00 1.386705963403893984e+05
4.798770759393106822e+00 1.339236809375577432e+05
4.832709106197189186e+00 1.292946693528938049e+05
4.866887475173941269e+00 1.247825591330296302e+05
4.901307563832183689e+00 1.203862588558598509e+05
4.935971081686049367e+00 1.161045915351884760e+05
4.970879750339845415e+00 1.119362982147000439e+05
5.006035303573603379e+00 1.078800417332548677e+05
5.041439487429151711e+00 1.039344106432082772e+05
5.077094060296849953e+00 1.000979232633145439e+05
5.113000793002938416e+00 9.636903184765683545e+04
5.149161468897450966e+00 9.274612685228548071e+04
5.185577883942828592e+00 8.922754128131835023e+04
5.222251846803077413e+00 8.581155509476762381e+04
5.259185178933637239e+00 8.249639966072925017e+04
5.296379714671807903e+00 7.928026223523376393e+04
5.333837301327894131e+00 7.616129045369547384e+04
5.371559799276911740e+00 7.313759681876706600e+04
5.409549082051029245e+00 7.020726317019840644e+04
5.447807036432573469e+00 6.736834512332134182e+04
5.486335562547784761e+00 6.461887646375715121e+04
5.525136573961145992e+00 6.195687348702832969e+04
5.564211997770461160e+00 5.938033927284174570e+04
5.603563774702529088e+00 5.688726788497620146e+04
5.643193859209571173e+00 5.447564848878071643e+04
5.683104219566259552e+00 5.214346937949423591e+04
5.723296837967517980e+00 4.988872191564521199e+04
5.763773710626932001e+00 4.770940435290674213e+04
5.804536847875906957e+00 4.560352557478113158e+04
5.845588274263531225e+00 4.356910871741386654e+04
5.886930028657091363e+00 4.160419468674394739e+04
5.928564164343377740e+00 3.970684556683863775e+04
5.970492749130616339e+00 3.787514791896093811e+04
6.012717865451219446e+00 3.610721597125206608e+04
6.055241610465158963e+00 3.440119469922289863e+04
6.098066096164178163e+00 3.275526279722334948e+04
6.141193449476634925e+00 3.116763554085751457e+04
6.184625812373186093e+00 2.963656753979128916e+04
6.228365341973125524e+00 2.816035537957293127e+04
6.272414210651564126e+00 2.673734014991049480e+04
6.316774606147276927e+00 2.536590985530043326e+04
6.361448731671411672e+00 2.404450170190901918e+04
6.406438806016858223e+00 2.277160425218267119e+04
6.451747063668501703e+00 2.154575943577710495e+04
6.497375754914157753e+00 2.036556440198573910e+04
6.543327145956349788e+00 1.922967319497121571e+04
6.589603519024886502e+00 1.813679822874137972e+04
6.636207172490164119e+00 1.708571153398747629e+04
6.683140420977371043e+00 1.607524574371502604e+04
6.730405595481391501e+00 1.510429477911436697e+04
6.778005043482632885e+00 1.417181419152722810e+04
6.825941129063561874e+00 1.327682111080864888e+04
6.874216233026173128e+00 1.241839374521259742e+04
6.922832753010177420e+00 1.159567037339394119e+04
6.971793103612142772e+00 1.080784776571193106e+04
7.021099716505362132e+00 1.005417897020788769e+04
7.070755040560676719e+00 9.333970399001033002e+03
7.120761541968050778e+00 8.646578154065724448e+03
7.171121704359111781e+00 7.991403538149411361e+03
7.221838028930448239e+00 7.367887707680404674e+03
7.272913034567887181e+00 6.775505440639759399e+03
7.324349257971554117e+00 6.213758014180028113e+03
7.376149253781875359e+00 5.682165214731708147e+03
7.428315594706486280e+00 5.180256537679532812e+03
7.480850871647950484e+00 4.707561674261334701e+03
7.533757693832503044e+00 4.263600429482963591e+03
7.587038688939579778e+00 3.847872265287224309e+03
7.640696503232383918e+00 3.459845715932863641e+03
7.694733801689255692e+00 3.098947974749523382e+03
7.749153268136092620e+00 2.764554999461009174e+03
7.803957605379584272e+00 2.455982522778801922e+03
7.859149535341510173e+00 2.172478381003774757e+03
7.914731799193866379e+00 1.913216580789575801e+03
7.970707157495071193e+00 1.677293508104420198e+03
8.027078390327009316e+00 1.463726639689670492e+03
8.083848297433169350e+00 1.271456043426419683e+03
8.141019698357636614e+00 1.099348849688379687e+03
8.198595432585188192e+00 9.462067436063746300e+02
8.256578359682256618e+00 8.107763741419366852e+02
8.314971359439020659e+00 6.917624093545855430e+02
8.373777332012377173e+00 5.878428006828082744e+02
8.432999198069994762e+00 4.976856670145171506e+02
8.492639898935413711e+00 4.199670870431450567e+02
8.552702396734058965e+00 3.533890099250442631e+02
8.613189674540430829e+00 2.966964703336267917e+02
8.674104736526190962e+00 2.486933302385843945e+02
8.735450608109443849e+00 2.082558651865591060e+02
8.797230336104918891e+00 1.743436596342940845e+02
8.859446988875371076e+00 1.460074598337322982e+02
8.922103656483901801e+00 1.223938353196764126e+02
8.985203450847500051e+00 1.027467009039857828e+02
9.048749505891533929e+00 8.640593125606278591e+01
9.112744977705464322e+00 7.280344473081680690e+01
9.177193044699528457e+00 6.145723308290383358e+01
9.242096907762670455e+00 5.196386653149208001e+01
9.307459790421448886e+00 4.399001247666295455e+01
9.373284939000198435e+00 3.726347817290302800e+01
9.439575622782214737e+00 3.156423190426741598e+01
9.506335134172138268e+00 2.671578283580940294e+01
9.573566788859515952e+00 2.257721486352897955e+01
9.641273925983409043e+00 1.903608122404527592e+01
9.709459908298304853e+00 1.600228001623919027e+01
9.778128122341067652e+00 1.340295106427783622e+01
9.847281978599200514e+00 1.117836607862552967e+01
9.916924911680160548e+00 9.278730412736505784e+00
9.987060380482020605e+00 7.661778124890273212e+00
1.005769186836517193e+01 6.291022993926820739e+00
1.012882288332542657e+01 5.134525078268244336e+00
1.020045695816814479e+01 4.164042119193408276e+00
1.027259765068379416e+01 3.354453318120550254e+00
1.034524854382456027e+01 2.683365350073005917e+00
1.041841324588238393e+01 2.130833115228286445e+00
1.049209539066808539e+01 1.679147989815500841e+00
1.056629863769193101e+01 1.312662772865940131e+00
1.064102667234530664e+01 1.017634772526188947e+00
1.071628320608379603e+01 7.820769165393883782e-01
1.079207197661153650e+01 5.956121680105699312e-01
1.086839674806679490e+01 4.493297244618040254e-01
1.094526131120899137e+01 3.356432176204763862e-01
1.102266948360689192e+01 2.481519746108806490e-01
1.110062510982830020e+01 1.815067261269694698e-01
1.117913206163091111e+01 1.312811848480502086e-01
1.125819423815469555e+01 9.385079868616043319e-02
1.133781556611546826e+01 6.627977929747469465e-02
1.141799999999999926e+01 4.621725563039385393e-02
