1.000000000000000021e-02 3.345058929109895229e+07
1.007072300075525194e-02 3.343402296846676245e+07
1.014194617579408653e-02 3.341734913946415484e+07
1.021367306249912864e-02 3.340056717451811954e+07
1.028590722327043204e-02 3.338367644132854044e+07
1.035865224570241272e-02 3.336667630487101525e+07
1.043191174276203274e-02 3.334956612739918754e+07
1.050568935296824179e-02 3.333234526844844595e+07
1.057998874057268328e-02 3.331501308483873680e+07
1.065481359574169638e-02 3.329756893067857996e+07
1.073016763473956872e-02 3.328001215736889467e+07
1.080605460011313523e-02 3.326234211360745877e+07
1.088247826087764512e-02 3.324455814539320394e+07
1.095944241270395240e-02 3.322665959603114426e+07
1.103695087810703176e-02 3.320864580613788590e+07
1.111500750663583711e-02 3.319051611364653334e+07
1.119361617506448199e-02 3.317226985381317139e+07
1.127278078758479039e-02 3.315390635922248662e+07
1.135250527600020591e-02 3.313542495979458094e+07
1.143279359992106260e-02 3.311682498279163986e+07
1.151364974696124886e-02 3.309810575282507762e+07
1.159507773293625386e-02 3.307926659186322242e+07
1.167708160206261912e-02 3.306030681923897564e+07
1.175966542715880039e-02 3.304122575165810809e+07
1.184283330984744684e-02 3.302202270320796594e+07
1.192658938075911480e-02 3.300269698536618799e+07
1.201093779973742143e-02 3.298324790701027587e+07
1.209588275604562765e-02 3.296367477442731336e+07
1.218142846857475994e-02 3.294397689132365212e+07
1.226757918605306599e-02 3.292415355883598328e+07
1.235433918725710109e-02 3.290420407554189861e+07
1.244171278122420399e-02 3.288412773747107014e+07
1.252970430746651841e-02 3.286392383811742067e+07
1.261831813618652202e-02 3.284359166845056042e+07
1.270755866849407681e-02 3.282313051692906395e+07
1.279743033662500765e-02 3.280253966951294243e+07
1.288793760416124916e-02 3.278181840967686102e+07
1.297908496625252428e-02 3.276096601842471585e+07
1.307087694983959970e-02 3.273998177430338040e+07
1.316331811387913206e-02 3.271886495341723040e+07
1.325641304957008229e-02 3.269761482944411784e+07
1.335016638058175026e-02 3.267623067365008965e+07
1.344458276328341223e-02 3.265471175490624458e+07
1.353966688697558728e-02 3.263305733970491216e+07
1.363542347412293083e-02 3.261126669217699766e+07
1.373185728058879534e-02 3.258933907410931215e+07
1.382897309587140591e-02 3.256727374496277422e+07
1.392677574334177416e-02 3.254506996189116687e+07
1.402527008048323233e-02 3.252272697975965589e+07
1.412446099913269512e-02 3.250024405116514489e+07
1.422435342572361469e-02 3.247762042645574734e+07
1.432495232153065817e-02 3.245485535375167802e+07
1.442626268291611474e-02 3.243194807896666601e+07
1.452828954157804955e-02 3.240889784582926333e+07
1.463103796480020279e-02 3.238570389590550959e+07
1.473451305570367201e-02 3.236236546862142533e+07
1.483871995350035354e-02 3.233888180128668621e+07
1.494366383374819141e-02 3.231525212911842018e+07
1.504934990860823212e-02 3.229147568526601419e+07
1.515578342710348879e-02 3.226755170083587244e+07
1.526296967537963539e-02 3.224347940491741151e+07
1.537091397696756234e-02 3.221925802460935712e+07
1.547962169304777091e-02 3.219488678504670411e+07
1.558909822271661340e-02 3.217036490942813829e+07
1.569934900325450217e-02 3.214569161904437095e+07
1.581037951039591591e-02 3.212086613330689445e+07
1.592219525860137305e-02 3.209588766977734119e+07
1.603480180133130470e-02 3.207075544419785589e+07
1.614820473132189474e-02 3.204546867052133009e+07
1.626240968086281949e-02 3.202002656094342098e+07
1.637742232207700654e-02 3.199442832593414187e+07
1.649324836720234000e-02 3.196867317427090928e+07
1.660989356887536059e-02 3.194276031307184324e+07
1.672736372041698505e-02 3.191668894782985747e+07
1.684566465612022737e-02 3.189045828244771436e+07
1.696480225153998087e-02 3.186406751927312091e+07
1.708478242378481601e-02 3.183751585913551226e+07
1.720561113181088078e-02 3.181080250138276815e+07
1.732729437671784445e-02 3.178392664391865209e+07
1.744983820204696473e-02 3.175688748324185610e+07
1.757324869408119494e-02 3.172968421448463574e+07
1.769753198214757753e-02 3.170231603145299479e+07
1.782269423892153190e-02 3.167478212666756660e+07
1.794874168073351886e-02 3.164708169140474126e+07
1.807568056787775199e-02 3.161921391573913023e+07
1.820351720492312600e-02 3.159117798858662695e+07
1.833225794102632741e-02 3.156297309774822742e+07
1.846190917024719685e-02 3.153459842995475233e+07
1.859247733186627366e-02 3.150605317091210186e+07
1.872396891070463379e-02 3.147733650534770638e+07
1.885639043744594123e-02 3.144844761705780402e+07
1.898974848896082396e-02 3.141938568895503506e+07
1.912404968863350846e-02 3.139014990311745927e+07
1.925930070669077884e-02 3.136073944083834812e+07
1.939550826053327084e-02 3.133115348267628998e+07
1.953267911506909038e-02 3.130139120850712433e+07
1.967082008304981214e-02 3.127145179757571593e+07
1.980993802540879922e-02 3.124133442854946852e+07
1.995003985160205898e-02 3.121103827957222983e+07
2.009113251995126373e-02 3.118056252831930667e+07
2.023322303798951588e-02 3.114990635205327347e+07
2.037631846280920506e-02 3.111906892768086493e+07
2.052042590141265818e-02 3.108804943181066588e+07
2.066555251106502733e-02 3.105684704081187397e+07
2.081170549964980396e-02 3.102546093087368086e+07
2.095889212602678603e-02 3.099389027806626260e+07
2.110711970039261254e-02 3.096213425840178132e+07
2.125639558464381684e-02 3.093019204789740592e+07
2.140672719274248903e-02 3.089806282263854519e+07
2.155812199108446750e-02 3.086574575884334370e+07
2.171058749887019856e-02 3.083324003292829543e+07
2.186413128847815648e-02 3.080054482157460973e+07
2.201876098584095234e-02 3.076765930179570988e+07
2.217448427082409704e-02 3.073458265100599825e+07
2.233130887760736982e-02 3.070131404709004611e+07
2.248924259506905957e-02 3.066785266847347841e+07
2.264829326717266236e-02 3.063419769419456646e+07
2.280846879335661492e-02 3.060034830397683382e+07
2.296977712892648779e-02 3.056630367830297723e+07
2.313222628545019005e-02 3.053206299848961830e+07
2.329582433115584897e-02 3.049762544676319882e+07
2.346057939133250336e-02 3.046299020633696020e+07
2.362649964873369049e-02 3.042815646148939058e+07
2.379359334398382583e-02 3.039312339764291048e+07
2.396186877598750070e-02 3.035789020144460350e+07
2.413133430234164212e-02 3.032245606084742397e+07
2.430199833975061827e-02 3.028682016519301012e+07
2.447386936444424788e-02 3.025098170529506728e+07
2.464695591259880372e-02 3.021493987352454662e+07
2.482126658076094089e-02 3.017869386389537156e+07
2.499681002627468854e-02 3.014224287215177342e+07
2.517359496771140112e-02 3.010558609585653618e+07
2.535163018530280088e-02 3.006872273448050395e+07
2.553092452137699364e-02 3.003165198949323222e+07
2.571148688079777020e-02 2.999437306445502117e+07
2.589332623140670059e-02 2.995688516510950029e+07
2.607645160446868046e-02 2.991918749947841093e+07
2.626087209512039181e-02 2.988127927795685828e+07
2.644659686282207003e-02 2.984315971340988204e+07
2.663363513181239359e-02 2.980482802127042040e+07
2.682199619156662093e-02 2.976628341963839158e+07
2.701168939725797496e-02 2.972752512938115746e+07
2.720272417022226788e-02 2.968855237423500046e+07
2.739510999842582201e-02 2.964936438090798631e+07
2.758885643693671091e-02 2.960996037918395549e+07
2.778397310839931383e-02 2.957033960202795640e+07
2.798046970351223545e-02 2.953050128569286317e+07
2.817835598150961879e-02 2.949044466982708871e+07
2.837764177064582352e-02 2.945016899758390337e+07
2.857833696868360487e-02 2.940967351573165134e+07
2.878045154338559897e-02 2.936895747476554662e+07
2.898399553300954820e-02 2.932802012902073190e+07
2.918897904680665956e-02 2.928686073678626865e+07
2.939541226552391112e-02 2.924547856042087823e+07
2.960330544190947072e-02 2.920387286646994948e+07
2.981266890122208357e-02 2.916204292578331381e+07
3.002351304174380453e-02 2.911998801363506913e+07
3.023584833529646340e-02 2.907770740984408930e+07
3.044968532776174894e-02 2.903520039889632910e+07
3.066503463960499817e-02 2.899246627006800845e+07
3.088190696640265992e-02 2.894950431755043194e+07
3.110031307937351219e-02 2.890631384057612345e+07
3.132026382591362318e-02 2.886289414354611933e+07
3.154177013013510084e-02 2.881924453615842760e+07
3.176484299340867623e-02 2.877536433353845775e+07
3.198949349490998878e-02 2.873125285637013242e+07
3.221573279217006952e-02 2.868690943102836609e+07
3.244357212162921750e-02 2.864233338971355930e+07
3.267302279919534480e-02 2.859752407058649883e+07
3.290409622080571472e-02 2.855248081790512055e+07
3.313680386299322489e-02 2.850720298216265813e+07
3.337115728345611820e-02 2.846168992022692412e+07
3.360716812163228734e-02 2.841594099548070133e+07
3.384484809927709725e-02 2.836995557796411961e+07
3.408420902104575267e-02 2.832373304451774806e+07
3.432526277507950974e-02 2.827727277892729267e+07
3.456802133359612728e-02 2.823057417206938565e+07
3.481249675348448147e-02 2.818363662205932662e+07
3.505870117690337157e-02 2.813645953439917788e+07
3.530664683188459996e-02 2.808904232212802768e+07
3.555634603294027807e-02 2.804138440597311035e+07
3.580781118167446209e-02 2.799348521450233087e+07
3.606105476739899368e-02 2.794534418427823484e+07
3.631608936775400365e-02 2.789696076001299173e+07
3.657292764933233603e-02 2.784833439472505078e+07
3.683158236830890581e-02 2.779946454989673197e+07
3.709206637107399090e-02 2.775035069563331828e+07
3.735439259487154801e-02 2.770099231082334742e+07
3.761857406844143492e-02 2.765138888330029324e+07
3.788462391266684409e-02 2.760153991000524163e+07
3.815255534122564268e-02 2.755144489715100825e+07
3.842238166124687521e-02 2.750110336038781330e+07
3.869411627397156828e-02 2.745051482496930659e+07
3.896777267541835788e-02 2.739967882592090964e+07
3.924336445705377263e-02 2.734859490820869431e+07
3.952090530646725636e-02 2.729726262690956518e+07
3.980040900805101312e-02 2.724568154738266394e+07
4.008188944368458462e-02 2.719385124544234574e+07
4.036536059342434729e-02 2.714177130753166229e+07
4.065083653619782494e-02 2.708944133089763299e+07
4.093833145050296274e-02 2.703686092376711965e+07
4.122785961511220981e-02 2.698402970552439243e+07
4.151943540978193792e-02 2.693094730688934773e+07
4.181307331596628013e-02 2.687761337009735405e+07
4.210878791753674966e-02 2.682402754907929525e+07
4.240659390150620239e-02 2.677018950964405015e+07
4.270650605875861427e-02 2.671609892966062948e+07
4.300853928478336891e-02 2.666175549924244359e+07
4.331270858041539468e-02 2.660715892093176767e+07
4.361902905257986768e-02 2.655230890988614410e+07
4.392751591504276409e-02 2.649720519406474754e+07
4.423818448916636004e-02 2.644184751441656798e+07
4.455105020467018534e-02 2.638623562506904081e+07
4.486612860039740358e-02 2.633036929351785779e+07
4.518343532508652116e-02 2.627424830081764236e+07
4.550298613814861975e-02 2.621787244177352637e+07
4.582479691045007048e-02 2.616124152513340861e+07
4.614888362510079917e-02 2.610435537378147617e+07
4.647526237824797790e-02 2.604721382493199036e+07
4.680394937987573944e-02 2.598981673032458872e+07
4.713496095460989466e-02 2.593216395641935989e+07
4.746831354252908225e-02 2.587425538459381461e+07
4.780402369998094231e-02 2.581609091133968160e+07
4.814210810040474992e-02 2.575767044846083596e+07
4.848258353515916275e-02 2.569899392327173054e+07
4.882546691435655367e-02 2.564006127879650518e+07
4.917077526770251283e-02 2.558087247396871075e+07
4.951852574534191392e-02 2.552142748383159563e+07
4.986873561871059402e-02 2.546172629973881692e+07
5.022142228139315351e-02 2.540176892955602705e+07
5.057660324998683454e-02 2.534155539786237478e+07
5.093429616497152645e-02 2.528108574615294859e+07
5.129451879158587746e-02 2.522036003304131702e+07
5.165728902070963746e-02 2.515937833446255699e+07
5.202262486975225975e-02 2.509814074387669936e+07
5.239054448354760196e-02 2.503664737247221917e+07
5.276106613525543415e-02 2.497489834937004745e+07
5.313420822726856035e-02 2.491289382182764634e+07
5.350998929212727462e-02 2.485063395544314757e+07
5.388842799343931261e-02 2.478811893436020613e+07
5.426954312680727643e-02 2.472534896147197112e+07
5.465335362076168685e-02 2.466232425862606242e+07
5.503987853770153649e-02 2.459904506682895496e+07
5.542913707484062313e-02 2.453551164645069093e+07
5.582114856516131457e-02 2.447172427742895856e+07
5.621593247837461393e-02 2.440768325947399065e+07
5.661350842188714316e-02 2.434338891227221861e+07
5.701389614177500287e-02 2.427884157569039986e+07
5.741711552376446703e-02 2.421404160997936875e+07
5.782318659421962354e-02 2.414898939597712830e+07
5.823212952113703683e-02 2.408368533531198278e+07
5.864396461514737036e-02 2.401812985060497746e+07
5.905871233052416985e-02 2.395232338567203283e+07
5.947639326619979377e-02 2.388626640572536364e+07
5.989702816678827563e-02 2.381995939757441357e+07
6.032063792361602034e-02 2.375340286982616782e+07
6.074724357575890521e-02 2.368659735308473185e+07
6.117686631108772838e-02 2.361954340015007555e+07
6.160952746731999941e-02 2.355224158621605486e+07
6.204524853308023002e-02 2.348469250906766579e+07
6.248405114896668500e-02 2.341689678927695006e+07
6.292595710862668168e-02 2.334885507039846852e+07
6.337098835983850931e-02 2.328056801916324347e+07
6.381916700560190392e-02 2.321203632567180321e+07
6.427051530523558709e-02 2.314326070358586311e+07
6.472505567548285377e-02 2.307424189031914249e+07
6.518281069162494556e-02 2.300498064722629264e+07
6.564380308860226498e-02 2.293547775979096442e+07
6.610805576214355550e-02 2.286573403781200945e+07
6.657559176990297811e-02 2.279575031558842212e+07
6.704643433260544516e-02 2.272552745210251212e+07
6.752060683519958695e-02 2.265506633120172843e+07
6.799813282801971115e-02 2.258436786177815124e+07
6.847903602795485378e-02 2.251343297794675454e+07
6.896334031962729483e-02 2.244226263922153041e+07
6.945106975657823478e-02 2.237085783068960905e+07
6.994224856246301913e-02 2.229921956318357214e+07
7.043690113225370419e-02 2.222734887345112488e+07
7.093505203345112919e-02 2.215524682432341203e+07
7.143672600730469058e-02 2.208291450488031283e+07
7.194194797004142827e-02 2.201035303061368689e+07
7.245074301410338313e-02 2.193756354358831793e+07
7.296313640939389167e-02 2.186454721260008588e+07
7.347915360453260991e-02 2.179130523333176970e+07
7.399882022811947457e-02 2.171783882850596681e+07
7.452216209000757374e-02 2.164414924803551659e+07
7.504920518258503814e-02 2.157023776917094365e+07
7.557997568206598071e-02 2.149610569664482400e+07
7.611449994979041511e-02 2.142175436281355843e+07
7.665280453353393031e-02 2.134718512779556587e+07
7.719491616882562246e-02 2.127239937960667908e+07
7.774086178027660166e-02 2.119739853429198638e+07
7.829066848291661718e-02 2.112218403605475277e+07
7.884436358354129926e-02 2.104675735738117620e+07
7.940197458206788017e-02 2.097111999916239083e+07
7.996352917290153184e-02 2.089527349081229791e+07
8.052905524631030765e-02 2.081921939038200676e+07
8.109858088981077018e-02 2.074295928467020020e+07
8.167213438956276439e-02 2.066649478932985663e+07
8.224974423177437710e-02 2.058982754897087812e+07
8.283143910411668032e-02 2.051295923725853860e+07
8.341724789714859145e-02 2.043589155700794607e+07
8.400719970575169782e-02 2.035862624027409777e+07
8.460132383057535066e-02 2.028116504843759164e+07
8.519964977949186224e-02 2.020350977228607237e+07
8.580220726906208351e-02 2.012566223209078610e+07
8.640902622601134841e-02 2.004762427767875046e+07
8.702013678871559077e-02 1.996939778850020096e+07
8.763556930869868811e-02 1.989098467369089276e+07
8.825535435213924251e-02 1.981238687212997675e+07
8.887952270138943511e-02 1.973360635249236599e+07
8.950810535650306765e-02 1.965464511329626292e+07
9.014113353677602469e-02 1.957550518294541910e+07
9.077863868229606170e-02 1.949618861976608261e+07
9.142065245550498598e-02 1.941669751203839108e+07
9.206720674277062144e-02 1.933703397802255675e+07
9.271833365597090260e-02 1.925720016597922519e+07
9.337406553408859888e-02 1.917719825418412685e+07
9.403443494481743270e-02 1.909703045093719289e+07
9.469947468617964659e-02 1.901669899456548691e+07
9.536921778815490858e-02 1.893620615342024341e+07
9.604369751432086100e-02 1.885555422586813942e+07
9.672294736350511846e-02 1.877474554027580470e+07
9.740700107144910358e-02 1.869378245498867333e+07
9.809589261248334580e-02 1.861266735830311105e+07
9.878965620121538116e-02 1.853140266843212768e+07
9.948832629422829643e-02 1.844999083346495777e+07
1.001919375917929012e-01 1.836843433131920546e+07
1.009005250395903497e-01 1.828673566968727484e+07
1.016141238304483774e-01 1.820489738597499207e+07
1.023327694060888887e-01 1.812292204723428190e+07
1.030564974588882854e-01 1.804081225008793920e+07
1.037853439336501454e-01 1.795857062064822763e+07
1.045193450293905035e-01 1.787619981442749128e+07
1.052585372011357184e-01 1.779370251624216139e+07
1.060029571617329830e-01 1.771108144010908529e+07
1.067526418836738100e-01 1.762833932913454622e+07
1.075076286009302301e-01 1.754547895539581031e+07
1.082679548108041317e-01 1.746250311981505528e+07
1.090336582757895356e-01 1.737941465202568471e+07
1.098047770254481914e-01 1.729621641023096070e+07
1.105813493582983031e-01 1.721291128105455264e+07
1.113634138437166743e-01 1.712950217938376963e+07
1.121510093238543421e-01 1.704599204820419103e+07
1.129441749155656732e-01 1.696238385842674226e+07
1.137429500123512127e-01 1.687868060870642960e+07
1.145473742863140354e-01 1.679488532525310293e+07
1.153574876901303503e-01 1.671100106163370423e+07
1.161733304590336635e-01 1.662703089856655709e+07
1.169949431128130962e-01 1.654297794370719418e+07
1.178223664578259139e-01 1.645884533142550662e+07
1.186556415890241550e-01 1.637463622257479839e+07
1.194948098919957069e-01 1.629035380425221100e+07
1.203399130450197446e-01 1.620600128955045529e+07
1.211909930211367420e-01 1.612158191730091907e+07
1.220480920902330957e-01 1.603709895180821605e+07
1.229112528211405708e-01 1.595255568257601559e+07
1.237805180837504154e-01 1.586795542402390763e+07
1.246559310511426849e-01 1.578330151519572735e+07
1.255375352017303325e-01 1.569859731945886463e+07
1.264253743214187875e-01 1.561384622419461608e+07
1.273194925057804794e-01 1.552905164048005082e+07
1.282199341622450028e-01 1.544421700276025012e+07
1.291267440123044785e-01 1.535934576851227880e+07
1.300399670937350260e-01 1.527444141789973341e+07
1.309596487628333639e-01 1.518950745341835916e+07
1.318858346966695072e-01 1.510454739953280427e+07
1.328185708953554534e-01 1.501956480230414495e+07
1.337579036843298264e-01 1.493456322900849953e+07
1.347038797166586199e-01 1.484954626774650253e+07
1.356565459753522884e-01 1.476451752704376727e+07
1.366159497756992691e-01 1.467948063544233888e+07
1.375821387676158802e-01 1.459443924108297937e+07
1.385551609380130111e-01 1.450939701127862372e+07
1.395350646131793271e-01 1.442435763207845390e+07
1.405218984611815436e-01 1.433932480782341771e+07
1.415157114942815209e-01 1.425430226069241576e+07
1.425165530713705109e-01 1.416929373023965955e+07
1.435244729004207798e-01 1.408430297292303853e+07
1.445395210409541331e-01 1.399933376162369922e+07
1.455617479065285380e-01 1.391438988515659608e+07
1.465912042672414539e-01 1.382947514777239598e+07
1.476279412522520096e-01 1.374459336865041591e+07
1.486720103523199443e-01 1.365974838138300180e+07
1.497234634223631455e-01 1.357494403345112503e+07
1.507823526840330053e-01 1.349018418569145910e+07
1.518487307283081789e-01 1.340547271175472066e+07
1.529226505181064122e-01 1.332081349755588546e+07
1.540041653909151320e-01 1.323621044071551599e+07
1.550933290614404936e-01 1.315166744999311306e+07
1.561901956242751632e-01 1.306718844471227936e+07
1.572948195565850305e-01 1.298277735417723097e+07
1.584072557208147936e-01 1.289843811708188057e+07
1.595275593674128634e-01 1.281417468091041408e+07
1.606557861375753626e-01 1.272999100133038685e+07
1.617919920660097211e-01 1.264589104157777131e+07
1.629362335837175324e-01 1.256187877183449641e+07
1.640885675207974514e-01 1.247795816859846190e+07
1.652490511092676861e-01 1.239413321404610015e+07
1.664177419859082518e-01 1.231040789538760670e+07
1.675946981951239312e-01 1.222678620421512984e+07
1.687799781918269126e-01 1.214327213584387116e+07
1.699736408443401348e-01 1.205986968864621408e+07
1.711757454373208642e-01 1.197658286337946728e+07
1.723863516747053126e-01 1.189341566250656173e+07
1.736055196826738478e-01 1.181037208951067924e+07
1.748333100126372164e-01 1.172745614820355363e+07
1.760697836442439157e-01 1.164467184202755801e+07
1.773150019884087991e-01 1.156202317335202359e+07
1.785690268903631917e-01 1.147951414276379161e+07
1.798319206327263775e-01 1.139714874835215509e+07
1.811037459385990422e-01 1.131493098498846963e+07
1.823845659746785031e-01 1.123286484360061772e+07
1.836744443543958660e-01 1.115095431044248305e+07
1.849734451410754987e-01 1.106920336635866016e+07
1.862816328511169850e-01 1.098761598604462855e+07
1.875990724571989232e-01 1.090619613730247132e+07
1.889258293915064280e-01 1.082494778029257059e+07
1.902619695489806417e-01 1.074387486678143963e+07
1.916075592905914782e-01 1.066298133938577585e+07
1.929626654466335411e-01 1.058227113081305288e+07
1.943273553200453030e-01 1.050174816309894621e+07
1.957016966897518750e-01 1.042141634684195183e+07
1.970857578140312316e-01 1.034127958043493703e+07
1.984796074339043592e-01 1.026134174929451570e+07
1.998833147765493590e-01 1.018160672508811019e+07
2.012969495587398072e-01 1.010207836495904252e+07
2.027205819903070694e-01 1.002276051074990258e+07
2.041542827776276492e-01 9.943656988224659115e+06
2.055981231271346577e-01 9.864771606289356947e+06
2.070521747488545394e-01 9.786108156212186441e+06
2.085165098599685296e-01 9.707670410842813551e+06
2.099912011883994234e-01 9.629462123831439763e+06
2.114763219764238811e-01 9.551487028847765177e+06
2.129719459843095464e-01 9.473748838800463825e+06
2.144781474939791432e-01 9.396251245056780055e+06
2.159950013126993307e-01 9.318997916663475335e+06
2.175225827767962028e-01 9.241992499568533152e+06
2.190609677553969625e-01 9.165238615844540298e+06
2.206102326541981018e-01 9.088739862913746387e+06
2.221704544192600328e-01 9.012499812775284052e+06
2.237417105408288365e-01 8.936522011234581470e+06
2.253240790571848784e-01 8.860809977135771886e+06
2.269176385585186528e-01 8.785367201596800238e+06
2.285224681908340771e-01 8.710197147248080000e+06
2.301386476598793196e-01 8.635303247474700212e+06
2.317662572351055494e-01 8.560688905662635341e+06
2.334053777536536090e-01 8.486357494449250400e+06
2.350560906243687465e-01 8.412312354978429154e+06
2.367184778318441318e-01 8.338556796160587110e+06
2.383926219404925162e-01 8.265094093938072212e+06
2.400786060986470349e-01 8.191927490556051023e+06
2.417765140426904880e-01 8.119060193839340471e+06
2.434864301012148458e-01 8.046495376475595869e+06
2.452084391992090384e-01 7.974236175304912962e+06
2.469426268622770260e-01 7.902285690616450273e+06
2.486890792208855117e-01 7.830646985452346504e+06
2.504478830146416590e-01 7.759323084918940440e+06
2.522191255966012569e-01 7.688316975506266579e+06
2.540028949376070266e-01 7.617631604415422305e+06
2.557992796306578498e-01 7.547269878894692287e+06
2.576083688953090811e-01 7.477234665584405884e+06
2.594302525821032823e-01 7.407528789871126413e+06
2.612650211770332076e-01 7.338155035251171328e+06
2.631127658060356533e-01 7.269116142704137601e+06
2.649735782395173378e-01 7.200414810076425783e+06
2.668475508969128662e-01 7.132053691475294530e+06
2.687347768512748369e-01 7.064035396673701704e+06
2.706353498338964769e-01 6.996362490526118316e+06
2.725493642389665849e-01 6.929037492395870388e+06
2.744769151282581698e-01 6.862062875593995675e+06
2.764180982358496741e-01 6.795441066830226220e+06
2.783730099728796148e-01 6.729174445676161908e+06
2.803417474323349756e-01 6.663265344040993601e+06
2.823244083938735716e-01 6.597716045660144649e+06
2.843210913286801644e-01 6.532528785596952774e+06
2.863318954043574394e-01 6.467705749757869169e+06
2.883569204898509541e-01 6.403249074421182275e+06
2.903962671604095047e-01 6.339160845779812895e+06
2.924500367025803516e-01 6.275443099498243071e+06
2.945183311192393627e-01 6.212097820283928886e+06
2.966012531346575165e-01 6.149126941473348066e+06
2.986989061996026540e-01 6.086532344633108936e+06
3.008113944964773689e-01 6.024315859176138416e+06
3.029388229444936464e-01 5.962479261993304826e+06
3.050812972048835281e-01 5.901024277100698091e+06
3.072389236861471362e-01 5.839952575302716345e+06
3.094118095493369469e-01 5.779265773871250451e+06
3.116000627133811429e-01 5.718965436241054907e+06
3.138037918604426602e-01 5.659053071721642278e+06
3.160231064413173696e-01 5.599530135225739330e+06
3.182581166808700068e-01 5.540398027014571242e+06
3.205089335835086262e-01 5.481658092460158281e+06
3.227756689386978017e-01 5.423311621824686415e+06
3.250584353265106308e-01 5.365359850057186559e+06
3.273573461232204274e-01 5.307803956607623026e+06
3.296725155069314406e-01 5.250645065258601680e+06
3.320040584632497072e-01 5.193884243974650279e+06
3.343520907909940387e-01 5.137522504769407213e+06
3.367167291079471991e-01 5.081560803590641357e+06
3.390980908566479379e-01 5.026000040223277174e+06
3.414962943102238802e-01 4.970841058210511692e+06
3.439114585782656608e-01 4.916084644793124869e+06
3.463437036127426927e-01 4.861731530866905116e+06
3.487931502139609563e-01 4.807782390958473086e+06
3.512599200365618679e-01 4.754237843219364993e+06
3.537441355955653899e-01 4.701098449438472278e+06
3.562459202724545526e-01 4.648364715072853491e+06
3.587653983213029973e-01 4.596037089296997525e+06
3.613026948749465395e-01 4.544115965070405044e+06
3.638579359511981415e-01 4.492601679223639891e+06
3.664312484591062402e-01 4.441494512562673539e+06
3.690227602052583711e-01 4.390794689991605468e+06
3.716325999001285352e-01 4.340502380653725937e+06
3.742608971644698634e-01 4.290617698090758175e+06
3.769077825357523004e-01 4.241140700420332141e+06
3.795733874746459180e-01 4.192071390531558078e+06
3.822578443715502483e-01 4.143409716298642568e+06
3.849612865531692463e-01 4.095155570812452585e+06
3.876838482891335480e-01 4.047308792629873380e+06
3.904256647986686923e-01 3.999869166040927637e+06
3.931868722573115260e-01 3.952836421353456564e+06
3.959676078036724056e-01 3.906210235195279587e+06
3.987680095462478591e-01 3.859990230833613779e+06
4.015882165702788220e-01 3.814175978511675727e+06
4.044283689446588892e-01 3.768766995802262332e+06
4.072886077288907503e-01 3.723762747978106141e+06
4.101690749800923075e-01 3.679162648398824967e+06
4.130699137600521431e-01 3.634966058914329857e+06
4.159912681423345582e-01 3.591172290284354705e+06
4.189332832194354039e-01 3.547780602614025585e+06
4.218961051099882620e-01 3.504790205805128906e+06
4.248798809660214726e-01 3.462200260022911243e+06
4.278847589802665663e-01 3.420009876178116538e+06
4.309108883935188206e-01 3.378218116424007807e+06
4.339584195020489421e-01 3.336823994668149389e+06
4.370275036650680955e-01 3.295826477098605596e+06
4.401182933122451679e-01 3.255224482724322006e+06
4.432309419512773796e-01 3.215016883929361124e+06
4.463656041755147408e-01 3.175202507040712982e+06
4.495224356716371328e-01 3.135780132909365464e+06
4.527015932273878995e-01 3.096748497504283208e+06
4.559032347393603413e-01 3.058106292519030161e+06
4.591275192208397193e-01 3.019852165990643203e+06
4.623746068097009942e-01 2.981984722930442076e+06
4.656446587763621858e-01 2.944502525966437999e+06
4.689378375317941883e-01 2.907404095996935386e+06
4.722543066355869290e-01 2.870687912855063099e+06
4.755942308040729261e-01 2.834352415983729530e+06
4.789577759185079109e-01 2.798396005120771937e+06
4.823451090333097935e-01 2.762817040993817151e+06
4.857563983843552480e-01 2.727613846024512779e+06
4.891918133973358063e-01 2.692784705041743815e+06
4.926515246961721273e-01 2.658327866003423464e+06
4.961357041114884958e-01 2.624241540726467967e+06
4.996445246891469405e-01 2.590523905624556355e+06
5.031781606988416922e-01 2.557173102453263476e+06
5.067367876427550932e-01 2.524187239062164910e+06
5.103205822642723488e-01 2.491564390153519809e+06
5.139297225567620586e-01 2.459302598047037143e+06
5.175643877724148689e-01 2.427399873450445011e+06
5.212247584311469062e-01 2.395854196235297713e+06
5.249110163295651610e-01 2.364663516217732336e+06
5.286233445499967099e-01 2.333825753943645861e+06
5.323619274695821080e-01 2.303338801477939356e+06
5.361269507694319536e-01 2.273200523197377101e+06
5.399186014438497327e-01 2.243408756586650386e+06
5.437370678096185017e-01 2.213961313037213869e+06
5.475825395153544051e-01 2.184855978648466058e+06
5.514552075509251416e-01 2.156090515030891635e+06
5.553552642569362652e-01 2.127662660110668745e+06
5.592829033342839873e-01 2.099570128935421351e+06
5.632383198537749269e-01 2.071810614480610471e+06
5.672217102658154708e-01 2.044381788456188748e+06
5.712332724101683024e-01 2.017281302113140468e+06
5.752732055257772092e-01 1.990506787049401784e+06
5.793417102606648328e-01 1.964055856014867080e+06
5.834389886818962534e-01 1.937926103714993224e+06
5.875652442856156288e-01 1.912115107612634078e+06
5.917206820071527762e-01 1.886620428727749502e+06
5.959055082312018081e-01 1.861439612434492446e+06
6.001199308020712664e-01 1.836570189255417325e+06
6.043641590340068648e-01 1.812009675652327249e+06
6.086384037215878395e-01 1.787755574813445332e+06
6.129428771501955753e-01 1.763805377436493058e+06
6.172777931065576151e-01 1.740156562507364666e+06
6.216433668893651676e-01 1.716806598073995905e+06
6.260398153199665527e-01 1.693752942015078152e+06
6.304673567531356992e-01 1.670993042803309392e+06
6.349262110879171361e-01 1.648524340262798360e+06
6.394165997785471456e-01 1.626344266320326133e+06
6.439387458454530755e-01 1.604450245750105474e+06
6.484928738863298125e-01 1.582839696911760839e+06
6.530792100872936379e-01 1.561510032481197966e+06
6.576979822341180171e-01 1.540458660174045479e+06
6.623494197235451075e-01 1.519682983461417723e+06
6.670337535746800883e-01 1.499180402277683141e+06
6.717512164404640940e-01 1.478948313719968079e+06
6.765020426192301928e-01 1.458984112739128759e+06
6.812864680663391903e-01 1.439285192821944831e+06
6.861047304058990326e-01 1.419848946664258372e+06
6.909570689425669210e-01 1.400672766834849957e+06
6.958437246734341386e-01 1.381754046429791488e+06
7.007649402999958088e-01 1.363090179717064137e+06
7.057209602402049198e-01 1.344678562771237688e+06
7.107120306406113919e-01 1.326516594097993569e+06
7.157383993885877427e-01 1.308601675248295534e+06
7.208003161246399060e-01 1.290931211422044318e+06
7.258980322548068687e-01 1.273502612061008578e+06
7.310318009631461278e-01 1.256313291430901038e+06
7.362018772243095199e-01 1.239360669192409609e+06
7.414085178162047596e-01 1.222642170961072901e+06
7.466519813327513466e-01 1.206155228855821304e+06
7.519325281967220720e-01 1.189897282036104007e+06
7.572504206726776710e-01 1.173865777227444109e+06
7.626059228799925149e-01 1.158058169235336129e+06
7.679993008059726733e-01 1.142471921447381843e+06
7.734308223190661247e-01 1.127104506323573878e+06
7.789007571821667808e-01 1.111953405874655116e+06
7.844093770660128806e-01 1.097016112128471257e+06
7.899569555626795303e-01 1.082290127584271133e+06
7.955437681991671672e-01 1.067772965654896572e+06
8.011700924510857247e-01 1.053462151096813381e+06
8.068362077564360524e-01 1.039355220427968539e+06
8.125423955294883704e-01 1.025449722333428683e+06
8.182889391747590890e-01 1.011743218058804981e+06
8.240761241010862159e-01 9.982332817914459156e+05
8.299042377358052391e-01 9.849175010293960804e+05
8.357735695390229314e-01 9.717934769381576916e+05
8.416844110179957372e-01 9.588588246952377958e+05
8.476370557416067486e-01 9.461111738225386944e+05
8.536317993549460414e-01 9.335481685066143982e+05
8.596689395939948186e-01 9.211674679068435216e+05
8.657487763004120263e-01 9.089667464515501633e+05
8.718716114364273295e-01 8.969436941221690504e+05
8.780377490998374501e-01 8.850960167254740372e+05
8.842474955391103064e-01 8.734214361539970851e+05
8.905011591685945138e-01 8.619176906346636824e+05
8.967990505838379089e-01 8.505825349657719489e+05
9.031414825770128774e-01 8.394137407423949335e+05
9.095287701524522594e-01 8.284090965702995891e+05
9.159612305422938361e-01 8.175664082685039612e+05
9.224391832222362808e-01 8.068834990605711937e+05
9.289629499274063562e-01 7.963582097547708545e+05
9.355328546683381319e-01 7.859883989132139832e+05
9.421492237470657782e-01 7.757719430101199541e+05
9.488123857733281596e-01 7.657067365793104982e+05
9.555226716808922216e-01 7.557906923511088826e+05
9.622804147439870670e-01 7.460217413787547266e+05
9.690859505938573815e-01 7.363978331545176916e+05
9.759396172354327659e-01 7.269169357156225014e+05
9.828417550641149747e-01 7.175770357401819201e+05
9.897927068826842811e-01 7.083761386332642287e+05
9.967928179183249693e-01 6.993122686032846104e+05
1.003842435839772174e+00 6.903834687288769055e+05
1.010941910774576735e+00 6.815878010164113948e+05
1.018091595326499954e+00 6.729233464483458083e+05
1.025291844593018586e+00 6.643882050225797575e+05
1.032543016182969842e+00 6.559804957829816267e+05
1.039845470234303182e+00 6.476983568412960740e+05
1.047199569431976229e+00 6.395399453905761475e+05
1.054605679025959475e+00 6.315034377103771549e+05
1.062064166849384650e+00 6.235870291638385970e+05
1.069575403336805675e+00 6.157889341869096970e+05
1.077139761542605045e+00 6.081073862698449520e+05
1.084757617159513465e+00 6.005406379312172066e+05
1.092429348537277800e+00 5.930869606845941162e+05
1.100155336701443387e+00 5.857446449981142068e+05
1.107935965372287113e+00 5.785120002471124753e+05
1.115771620983866175e+00 5.713873546600422123e+05
1.123662692703219834e+00 5.643690552578326315e+05
1.131609572449690182e+00 5.574554677869254956e+05
1.139612654914390566e+00 5.506449766461596591e+05
1.147672337579811908e+00 5.439359848077002680e+05
1.155789020739555140e+00 5.373269137322286842e+05
1.163963107518223294e+00 5.308162032785536721e+05
1.172195003891432386e+00 5.244023116078826133e+05
1.180485118705984604e+00 5.180837150828985032e+05
1.188833863700164750e+00 5.118589081618804485e+05
1.197241653524198979e+00 5.057264032880273298e+05
1.205708905760839666e+00 4.996847307741993573e+05
1.214236040946114148e+00 4.937324386832497548e+05
1.222823482590202016e+00 4.878680927041583345e+05
1.231471657198479397e+00 4.820902760241252836e+05
1.240180994292690686e+00 4.763975891968547949e+05
1.248951926432292581e+00 4.707886500071634073e+05
1.257784889235926462e+00 4.652620933321530465e+05
1.266680321403064857e+00 4.598165709990793257e+05
1.275638664735789352e+00 4.544507516401472385e+05
1.284660364160743917e+00 4.491633205443689367e+05
1.293745867751222800e+00 4.439529795067021623e+05
1.302895626749429603e+00 4.388184466746228863e+05
1.312110095588891800e+00 4.337584563923095702e+05
1.321389731917021804e+00 4.287717590426346287e+05
1.330734996617857435e+00 4.238571208871077979e+05
1.340146353834941406e+00 4.190133239039647160e+05
1.349624270994383757e+00 4.142391656245582853e+05
1.359169218828067294e+00 4.095334589682312799e+05
1.368781671397037325e+00 4.048950320758281159e+05
1.378462106115035501e+00 4.003227281420171494e+05
1.388211003772222174e+00 3.958154052465847926e+05
1.398028848559044635e+00 3.913719361848690314e+05
1.407916128090296093e+00 3.869912082974828663e+05
1.417873333429321425e+00 3.826721232995049795e+05
1.427900959112419654e+00 3.784135971092752297e+05
1.437999503173392091e+00 3.742145596769724507e+05
1.448169467168291424e+00 3.700739548131137853e+05
1.458411356200319808e+00 3.659907400171458139e+05
1.468725678944921231e+00 3.619638863062708406e+05
1.479112947675050194e+00 3.579923780446616001e+05
1.489573678286602032e+00 3.540752127732260269e+05
1.500108390324049523e+00 3.502114010400605621e+05
1.510717607006233365e+00 3.463999662317566690e+05
1.521401855252361823e+00 3.426399444056903594e+05
1.532161665708166476e+00 3.389303841234733700e+05
1.542997572772272008e+00 3.352703462856768165e+05
1.553910114622723659e+00 3.316589039680146961e+05
1.564899833243730276e+00 3.280951422590987058e+05
1.575967274452568567e+00 3.245781580999490689e+05
1.587112987926705410e+00 3.211070601253653876e+05
1.598337527231085797e+00 3.176809685073490255e+05
1.609641449845637728e+00 3.142990148006859235e+05
1.621025317192948956e+00 3.109603417908666888e+05
1.632489694666161784e+00 3.076641033444668283e+05
1.644035151657044169e+00 3.044094642621522653e+05
1.655662261584273542e+00 3.011956001344450051e+05
1.667371601921921132e+00 2.980216972004052368e+05
1.679163754228121253e+00 2.948869522093699197e+05
1.691039304173968860e+00 2.917905722859019879e+05
1.702998841572593847e+00 2.887317747980949352e+05
1.715042960408467820e+00 2.857097872293791734e+05
1.727172258866892740e+00 2.827238470539903501e+05
1.739387339363723139e+00 2.797732016162264044e+05
1.751688808575271983e+00 2.768571080136720557e+05
1.764077277468456328e+00 2.739748329845118569e+05
1.776553361331127956e+00 2.711256527991036419e+05
1.789117679802645577e+00 2.683088531559483381e+05
1.801770856904636453e+00 2.655237290822124342e+05
1.814513521072003366e+00 2.627695848389517050e+05
1.827346305184121444e+00 2.600457338311871572e+05
1.840269846596286785e+00 2.573514985229748709e+05
1.853284787171355585e+00 2.546862103576329246e+05
1.866391773311638191e+00 2.520492096832566895e+05
1.879591455990990756e+00 2.494398456836832047e+05
1.892884490787151375e+00 2.468574763150393846e+05
1.906271537914306924e+00 2.443014682480255433e+05
1.919753262255868842e+00 2.417711968160725082e+05
1.933330333397511813e+00 2.392660459695131285e+05
1.947003425660413400e+00 2.367854082359061576e+05
1.960773218134760354e+00 2.343286846866415581e+05
1.974640394713461644e+00 2.318952849099680607e+05
1.988605644126129945e+00 2.294846269905549416e+05
2.002669659973272065e+00 2.270961374957249791e+05
2.016833140760753817e+00 2.247292514684607158e+05
2.031096789934477176e+00 2.223834124273048365e+05
2.045461315915330758e+00 2.200580723732543702e+05
2.059927432134361691e+00 2.177526918037440046e+05
2.074495857068223259e+00 2.154667397338105366e+05
2.089167314274842369e+00 2.131996937245154404e+05
2.103942532429374346e+00 2.109510399186930154e+05
2.118822245360376222e+00 2.087202730840909644e+05
2.133807192086262017e+00 2.065068966639421706e+05
2.148898116852011153e+00 2.043104228350041667e+05
2.164095769166118455e+00 2.021303725730918231e+05
2.179400903837836800e+00 1.999662757261016231e+05
2.194814281014648039e+00 1.978176710945255763e+05
2.210336666220032775e+00 1.956841065194154216e+05
2.225968830391475528e+00 1.935651389777656586e+05
2.241711549918771418e+00 1.914603346852357208e+05
2.257565606682566450e+00 1.893692692061334674e+05
2.273531788093211770e+00 1.872915275705449458e+05
2.289610887129851502e+00 1.852267043984799529e+05
2.305803702379824571e+00 1.831744040308713738e+05
2.322111038078310319e+00 1.811342406672517827e+05
2.338533704148290759e+00 1.791058385098736617e+05
2.355072516240755753e+00 1.770888319140617095e+05
2.371728295775233697e+00 1.750828655444878386e+05
2.388501869980571790e+00 1.730875945370919071e+05
2.405394071936026279e+00 1.711026846662935277e+05
2.422405740612648462e+00 1.691278125171180000e+05
2.439537720914934926e+00 1.671626656618393899e+05
2.456790863722809526e+00 1.652069428406767838e+05
2.474166025933864699e+00 1.632603541460653651e+05
2.491664070505939854e+00 1.613226212099750992e+05
2.509285866499961326e+00 1.593934773937040591e+05
2.527032289123124720e+00 1.574726679795436794e+05
2.544904219772343712e+00 1.555599503636651789e+05
2.562902546078045241e+00 1.536550942495249328e+05
2.581028161948235589e+00 1.517578818410641688e+05
2.599281967612915967e+00 1.498681080349133408e+05
2.617664869668775207e+00 1.479855806107850221e+05
2.636177781124234620e+00 1.461101204191857250e+05
2.654821621444776181e+00 1.442415615655365982e+05
2.673597316598627316e+00 1.423797515897604171e+05
2.692505799102730357e+00 1.405245516403376532e+05
2.711548008069078364e+00 1.386758366418018995e+05
2.730724889251336940e+00 1.368334954546169611e+05
2.750037395091826209e+00 1.349974310263189545e+05
2.769486484768832746e+00 1.331675605328002712e+05
2.789073124244227930e+00 1.313438155085658946e+05
2.808798286311467329e+00 1.295261419647641596e+05
2.828662950643881846e+00 1.277145004937864869e+05
2.848668103843357446e+00 1.259088663591906661e+05
2.868814739489313315e+00 1.241092295697015943e+05
2.889103858188073026e+00 1.223155949360311643e+05
2.909536467622535483e+00 1.205279821092436905e+05
2.930113582602247302e+00 1.187464255994091218e+05
2.950836225113781186e+00 1.169709747732831602e+05
2.971705424371517523e+00 1.152016938297663582e+05
2.992722216868737295e+00 1.134386617519227293e+05
3.013887646429125766e+00 1.116819722343527101e+05
3.035202764258589259e+00 1.099317335847690119e+05
3.056668628997491144e+00 1.081880685986416793e+05
3.078286306773207581e+00 1.064511144058588688e+05
3.100056871253086044e+00 1.047210222883870156e+05
3.121981403697783541e+00 1.029979574679867364e+05
3.144060993014941907e+00 1.012820988631373184e+05
3.166296735813299179e+00 9.957363881437468808e+04
3.188689736457125168e+00 9.787278277738133329e+04
3.211241107121099336e+00 9.617974898323419620e+04
3.233951967845519970e+00 9.449476806536373624e+04
3.256823446591960103e+00 9.281808265287239919e+04
3.279856679299263167e+00 9.114994693000953703e+04
3.303052809939984957e+00 8.949062616172205890e+04
3.326412990577185536e+00 8.784039618537281058e+04
3.349938381421674549e+00 8.619954286882915767e+04
3.373630150889606050e+00 8.456836153533717152e+04
3.397489475660538716e+00 8.294715635571515304e+04
3.421517540735847351e+00 8.133623970860159898e+04
3.445715539497606006e+00 7.973593150965419773e+04
3.470084673767835248e+00 7.814655851078241540e+04
3.494626153868200635e+00 7.656845357066373981e+04
3.519341198680137062e+00 7.500195489799395727e+04
3.544231035705359467e+00 7.344740526908574975e+04
3.569296901126859378e+00 7.190515122161863837e+04
3.594540039870269155e+00 7.037554222652009048e+04
3.619961705665723617e+00 6.885892984012284433e+04
3.645563161110100037e+00 6.735566683892172296e+04
3.671345677729752843e+00 6.586610633940108528e+04
3.697310536043638240e+00 6.439060090556179057e+04
3.723459025626941976e+00 6.292950164692100952e+04
3.749792445175096578e+00 6.148315730987438292e+04
3.776312102568314177e+00 6.005191336544287333e+04
3.803019314936512796e+00 5.863611109651735023e+04
3.829915408724764436e+00 5.723608668780338485e+04
3.857001719759141967e+00 5.585217032174445194e+04
3.884279593313097134e+00 5.448468528374223388e+04
3.911750384174244477e+00 5.313394708003969572e+04
3.939415456711678143e+00 5.180026257163215632e+04
3.967276184943707040e+00 5.048392912757943850e+04
3.995333952606112238e+00 4.918523380104850366e+04
4.023590153220879095e+00 4.790445253137916734e+04
4.052046190165383699e+00 4.664184937539163366e+04
4.080703476742123748e+00 4.539767577105631062e+04
4.109563436248881096e+00 4.417216983654575597e+04
4.138627502049441631e+00 4.296555570753377106e+04
4.167897117644755234e+00 4.177804291548163746e+04
4.197373736744657080e+00 4.060982580944723304e+04
4.227058823340041904e+00 3.946108302377854852e+04
4.256953851775601372e+00 3.833197699384320731e+04
4.287060306823019751e+00 3.722265352171247650e+04
4.317379683754746900e+00 3.613324139348277822e+04
4.347913488418234884e+00 3.506385204967042955e+04
4.378663237310754575e+00 3.401457930984510313e+04
4.409630457654684754e+00 3.298549915240631526e+04
4.440816687473396307e+00 3.197666955011602477e+04
4.472223475667610693e+00 3.098813036174130684e+04
4.503852382092338402e+00 3.001990327985069962e+04
4.535704977634366308e+00 2.907199183455144157e+04
4.567782844290247724e+00 2.814438145265440471e+04
4.600087575244907079e+00 2.723703957149175403e+04
4.632620774950732212e+00 2.634991580633863487e+04
4.665384059207298151e+00 2.548294217013244634e+04
4.698379055241581170e+00 2.463603334393688419e+04
4.731607401788815004e+00 2.380908699636905658e+04
4.765070749173839104e+00 2.300198414997827422e+04
4.798770759393106822e+00 2.221458959238079842e+04
4.832709106197189186e+00 2.144675232975632753e+04
4.866887475173941269e+00 2.069830608015985854e+04
4.901307563832183689e+00 1.996906980395764549e+04
4.935971081686049367e+00 1.925884826857311418e+04
4.970879750339845415e+00 1.856743264463661762e+04
5.006035303573603379e+00 1.789460113055394686e+04
5.041439487429151711e+00 1.724011960245745286e+04
5.077094060296849953e+00 1.660374228648131611e+04
5.113000793002938416e+00 1.598521245028296653e+04
5.149161468897450966e+00 1.538426311077154242e+04
5.185577883942828592e+00 1.480061775501739976e+04
5.222251846803077413e+00 1.423399107140011438e+04
5.259185178933637239e+00 1.368408968811562045e+04
5.296379714671807903e+00 1.315061291627129867e+04
5.333837301327894131e+00 1.263325349490506051e+04
5.371559799276911740e+00 1.213169833540832951e+04
5.409549082051029245e+00 1.164562926296364094e+04
5.447807036432573469e+00 1.117472375277847641e+04
5.486335562547784761e+00 1.071865565905716721e+04
5.525136573961145992e+00 1.027709593483407480e+04
5.564211997770461160e+00 9.849713340970281934e+03
5.603563774702529088e+00 9.436175142809775934e+03
5.643193859209571173e+00 9.036147793169609940e+03
5.683104219566259552e+00 8.649297600537292965e+03
5.723296837967517980e+00 8.275291381523476957e+03
5.763773710626932001e+00 7.913797096802657506e+03
5.804536847875906957e+00 7.564484469940368399e+03
5.845588274263531225e+00 7.227025588659258574e+03
5.886930028657091363e+00 6.901095488246360219e+03
5.928564164343377740e+00 6.586372716910562303e+03
5.970492749130616339e+00 6.282539883015375381e+03
6.012717865451219446e+00 5.989284184167586318e+03
6.055241610465158963e+00 5.706297918193688020e+03
6.098066096164178163e+00 5.433278976032341234e+03
6.141193449476634925e+00 5.169931316537460589e+03
6.184625812373186093e+00 4.915965423100208682e+03
6.228365341973125524e+00 4.671098741860883820e+03
6.272414210651564126e+00 4.435056101087018760e+03
6.316774606147276927e+00 4.207570111036275193e+03
6.361448731671411672e+00 3.988381543292958668e+03
6.406438806016858223e+00 3.777239688163973369e+03
6.451747063668501703e+00 3.573902688241648320e+03
6.497375754914157753e+00 3.378137845675341396e+03
6.543327145956349788e+00 3.189721900050411932e+03
6.589603519024886502e+00 3.008441273049852953e+03
6.636207172490164119e+00 2.834092275273600080e+03
6.683140420977371043e+00 2.666481269730005806e+03
6.730405595481391501e+00 2.505424785604644057e+03
6.778005043482632885e+00 2.350749574983985440e+03
6.825941129063561874e+00 2.202292604289956216e+03
6.874216233026173128e+00 2.059900971323442718e+03
6.922832753010177420e+00 1.923431738062654631e+03
6.971793103612142772e+00 1.792751668796825697e+03
7.021099716505362132e+00 1.667736862875290171e+03
7.070755040560676719e+00 1.548272271413420185e+03
7.120761541968050778e+00 1.434251087830936740e+03
7.171121704359111781e+00 1.325574003225468687e+03
7.221838028930448239e+00 1.222148319423666180e+03
7.272913034567887181e+00 1.123886915226989458e+03
7.324349257971554117e+00 1.030707064986781006e+03
7.376149253781875359e+00 9.425291132807276426e+02
7.428315594706486280e+00 8.592750151592173324e+02
7.480850871647950484e+00 7.808667581597876506e+02
7.533757693832503044e+00 7.072246899413048595e+02
7.587038688939579778e+00 6.382657837572062363e+02
7.640696503232383918e+00 5.739018827315621820e+02
7.694733801689255692e+00 5.140379725621338594e+02
7.749153268136092620e+00 4.585705402409372482e+02
7.803957605379584272e+00 4.073860829365135032e+02
7.859149535341510173e+00 3.603598355007915188e+02
7.914731799193866379e+00 3.173547862935071180e+02
7.970707157495071193e+00 2.782210483437734752e+02
8.027078390327009316e+00 2.427956456132755250e+02
8.083848297433169350e+00 2.109027618695715489e+02
8.141019698357636614e+00 1.823544823717164434e+02
8.198595432585188192e+00 1.569520366495834764e+02
8.256578359682256618e+00 1.344875251088670041e+02
8.314971359439020659e+00 1.147460845734491812e+02
8.373777332012377173e+00 9.750842024789412221e+01
8.432999198069994762e+00 8.255360636251184303e+01
8.492639898935413711e+00 6.966203748029431608e+01
8.552702396734058965e+00 5.861839942708050444e+01
8.613189674540430829e+00 4.921452483853523319e+01
8.674104736526190962e+00 4.125200432766209957e+01
8.735450608109443849e+00 3.454444010900971307e+01
8.797230336104918891e+00 2.891925326197802448e+01
8.859446988875371076e+00 2.421898632807642926e+01
8.922103656483901801e+00 2.030207653515556032e+01
8.985203450847500051e+00 1.704310825818290098e+01
9.048749505891533929e+00 1.433258321279161152e+01
9.112744977705464322e+00 1.207627086027257057e+01
9.177193044699528457e+00 1.019421808646781891e+01
9.242096907762670455e+00 8.619505979443387034e+00
9.307459790421448886e+00 7.296842996634856249e+00
9.373284939000198435e+00 6.181079168378291300e+00
9.439575622782214737e+00 5.235716735406653832e+00
9.506335134172138268e+00 4.431480281768750196e+00
9.573566788859515952e+00 3.744995349748054814e+00
9.641273925983409043e+00 3.157609833294233947e+00
9.709459908298304853e+00 2.654378080220594516e+00
9.778128122341067652e+00 2.223214409395735558e+00
9.847281978599200514e+00 1.854211391231386008e+00
9.916924911680160548e+00 1.539109339097308737e+00
9.987060380482020605e+00 1.270897390220896872e+00
1.005769186836517193e+01 1.043523392935076899e+00
1.012882288332542657e+01 8.516893096650861583e-01
1.020045695816814479e+01 6.907104559528848275e-01
1.027259765068379416e+01 5.564199195181327440e-01
1.034524854382456027e+01 4.451032077447172886e-01
1.041841324588238393e+01 3.534519273460005051e-01
1.049209539066808539e+01 2.785286604839847802e-01
1.056629863769193101e+01 2.177379278128520057e-01
1.064102667234530664e+01 1.688001604223029473e-01
1.071628320608379603e+01 1.297270027897275690e-01
1.079207197661153650e+01 9.879716399635150859e-02
1.086839674806679490e+01 7.453256474656261288e-02
1.094526131120899137e+01 5.567481625883252683e-02
1.102266948360689192e+01 4.116220696689085190e-02
1.110062510982830020e+01 3.010742686386630104e-02
1.117913206163091111e+01 2.177626557293232609e-02
1.125819423815469555e+01 1.556750054310613793e-02
1.133781556611546826e+01 1.099415790440733641e-02
1.141799999999999926e+01 7.666286938409717575e-03
