1.000000000000000021e-02 1.447624104238527119e+08
1.007072300075525194e-02 1.446907171937208176e+08
1.014194617579408653e-02 1.446185587137488127e+08
1.021367306249912864e-02 1.445459322593656778e+08
1.028590722327043204e-02 1.444728350941985846e+08
1.035865224570241272e-02 1.443992644700847566e+08
1.043191174276203274e-02 1.443252176270816028e+08
1.050568935296824179e-02 1.442506917934831679e+08
1.057998874057268328e-02 1.441756841858318150e+08
1.065481359574169638e-02 1.441001920089358091e+08
1.073016763473956872e-02 1.440242124558866620e+08
1.080605460011313523e-02 1.439477427080762684e+08
1.088247826087764512e-02 1.438707799352177978e+08
1.095944241270395240e-02 1.437933212953654528e+08
1.103695087810703176e-02 1.437153639349398911e+08
1.111500750663583711e-02 1.436369049887476563e+08
1.119361617506448199e-02 1.435579415800101459e+08
1.127278078758479039e-02 1.434784708203887939e+08
1.135250527600020591e-02 1.433984898100123405e+08
1.143279359992106260e-02 1.433179956375078261e+08
1.151364974696124886e-02 1.432369853800306916e+08
1.159507773293625386e-02 1.431554561032973230e+08
1.167708160206261912e-02 1.430734048616201580e+08
1.175966542715880039e-02 1.429908286979408860e+08
1.184283330984744684e-02 1.429077246438703835e+08
1.192658938075911480e-02 1.428240897197263241e+08
1.201093779973742143e-02 1.427399209345719516e+08
1.209588275604562765e-02 1.426552152862620950e+08
1.218142846857475994e-02 1.425699697614814639e+08
1.226757918605306599e-02 1.424841813357957602e+08
1.235433918725710109e-02 1.423978469736942649e+08
1.244171278122420399e-02 1.423109636286408901e+08
1.252970430746651841e-02 1.422235282431250513e+08
1.261831813618652202e-02 1.421355377487124205e+08
1.270755866849407681e-02 1.420469890661010742e+08
1.279743033662500765e-02 1.419578791051765084e+08
1.288793760416124916e-02 1.418682047650691569e+08
1.297908496625252428e-02 1.417779629342152476e+08
1.307087694983959970e-02 1.416871504904199243e+08
1.316331811387913206e-02 1.415957643009164333e+08
1.325641304957008229e-02 1.415038012224368453e+08
1.335016638058175026e-02 1.414112581012774408e+08
1.344458276328341223e-02 1.413181317733684480e+08
1.353966688697558728e-02 1.412244190643461347e+08
1.363542347412293083e-02 1.411301167896270752e+08
1.373185728058879534e-02 1.410352217544840276e+08
1.382897309587140591e-02 1.409397307541239262e+08
1.392677574334177416e-02 1.408436405737686157e+08
1.402527008048323233e-02 1.407469479887361228e+08
1.412446099913269512e-02 1.406496497645281851e+08
1.422435342572361469e-02 1.405517426569148302e+08
1.432495232153065817e-02 1.404532234120239317e+08
1.442626268291611474e-02 1.403540887664347887e+08
1.452828954157804955e-02 1.402543354472700357e+08
1.463103796480020279e-02 1.401539601722939014e+08
1.473451305570367201e-02 1.400529596500085592e+08
1.483871995350035354e-02 1.399513305797587037e+08
1.494366383374819141e-02 1.398490696518318951e+08
1.504934990860823212e-02 1.397461735475682318e+08
1.515578342710348879e-02 1.396426389394656122e+08
1.526296967537963539e-02 1.395384624912941754e+08
1.537091397696756234e-02 1.394336408582079709e+08
1.547962169304777091e-02 1.393281706868634820e+08
1.558909822271661340e-02 1.392220486155372560e+08
1.569934900325450217e-02 1.391152712742485404e+08
1.581037951039591591e-02 1.390078352848845422e+08
1.592219525860137305e-02 1.388997372613264620e+08
1.603480180133130470e-02 1.387909738095813096e+08
1.614820473132189474e-02 1.386815415279134214e+08
1.626240968086281949e-02 1.385714370069821775e+08
1.637742232207700654e-02 1.384606568299789727e+08
1.649324836720234000e-02 1.383491975727695525e+08
1.660989356887536059e-02 1.382370558040398061e+08
1.672736372041698505e-02 1.381242280854417384e+08
1.684566465612022737e-02 1.380107109717464745e+08
1.696480225153998087e-02 1.378965010109938979e+08
1.708478242378481601e-02 1.377815947446549535e+08
1.720561113181088078e-02 1.376659887077883780e+08
1.732729437671784445e-02 1.375496794292030632e+08
1.744983820204696473e-02 1.374326634316264987e+08
1.757324869408119494e-02 1.373149372318744957e+08
1.769753198214757753e-02 1.371964973410223126e+08
1.782269423892153190e-02 1.370773402645824552e+08
1.794874168073351886e-02 1.369574625026829243e+08
1.807568056787775199e-02 1.368368605502509773e+08
1.820351720492312600e-02 1.367155308971991539e+08
1.833225794102632741e-02 1.365934700286157131e+08
1.846190917024719685e-02 1.364706744249561727e+08
1.859247733186627366e-02 1.363471405622420311e+08
1.872396891070463379e-02 1.362228649122599661e+08
1.885639043744594123e-02 1.360978439427664578e+08
1.898974848896082396e-02 1.359720741176936030e+08
1.912404968863350846e-02 1.358455518973629475e+08
1.925930070669077884e-02 1.357182737386985123e+08
1.939550826053327084e-02 1.355902360954462290e+08
1.953267911506909038e-02 1.354614354183958173e+08
1.967082008304981214e-02 1.353318681556073129e+08
1.980993802540879922e-02 1.352015307526422441e+08
1.995003985160205898e-02 1.350704196527947485e+08
2.009113251995126373e-02 1.349385312973323166e+08
2.023322303798951588e-02 1.348058621257362962e+08
2.037631846280920506e-02 1.346724085759479105e+08
2.052042590141265818e-02 1.345381670846178234e+08
2.066555251106502733e-02 1.344031340873613060e+08
2.081170549964980396e-02 1.342673060190143883e+08
2.095889212602678603e-02 1.341306793138976097e+08
2.110711970039261254e-02 1.339932504060809165e+08
2.125639558464381684e-02 1.338550157296559960e+08
2.140672719274248903e-02 1.337159717190092951e+08
2.155812199108446750e-02 1.335761148091025800e+08
2.171058749887019856e-02 1.334354414357552528e+08
2.186413128847815648e-02 1.332939480359321535e+08
2.201876098584095234e-02 1.331516310480369627e+08
2.217448427082409704e-02 1.330084869122073650e+08
2.233130887760736982e-02 1.328645120706161857e+08
2.248924259506905957e-02 1.327197029677784592e+08
2.264829326717266236e-02 1.325740560508596152e+08
2.280846879335661492e-02 1.324275677699910104e+08
2.296977712892648779e-02 1.322802345785892308e+08
2.313222628545019005e-02 1.321320529336801618e+08
2.329582433115584897e-02 1.319830192962266803e+08
2.346057939133250336e-02 1.318331301314625293e+08
2.362649964873369049e-02 1.316823819092313200e+08
2.379359334398382583e-02 1.315307711043268591e+08
2.396186877598750070e-02 1.313782941968436092e+08
2.413133430234164212e-02 1.312249476725265235e+08
2.430199833975061827e-02 1.310707280231310129e+08
2.447386936444424788e-02 1.309156317467827648e+08
2.464695591259880372e-02 1.307596553483466655e+08
2.482126658076094089e-02 1.306027953397977799e+08
2.499681002627468854e-02 1.304450482405996770e+08
2.517359496771140112e-02 1.302864105780852735e+08
2.535163018530280088e-02 1.301268788878455162e+08
2.553092452137699364e-02 1.299664497141211927e+08
2.571148688079777020e-02 1.298051196102005541e+08
2.589332623140670059e-02 1.296428851388206482e+08
2.607645160446868046e-02 1.294797428725779057e+08
2.626087209512039181e-02 1.293156893943391889e+08
2.644659686282207003e-02 1.291507212976606488e+08
2.663363513181239359e-02 1.289848351872112453e+08
2.682199619156662093e-02 1.288180276792022735e+08
2.701168939725797496e-02 1.286502954018211663e+08
2.720272417022226788e-02 1.284816349956703931e+08
2.739510999842582201e-02 1.283120431142143756e+08
2.758885643693671091e-02 1.281415164242275655e+08
2.778397310839931383e-02 1.279700516062522382e+08
2.798046970351223545e-02 1.277976453550586402e+08
2.817835598150961879e-02 1.276242943801119179e+08
2.837764177064582352e-02 1.274499954060453027e+08
2.857833696868360487e-02 1.272747451731362641e+08
2.878045154338559897e-02 1.270985404377913624e+08
2.898399553300954820e-02 1.269213779730345756e+08
2.918897904680665956e-02 1.267432545690016001e+08
2.939541226552391112e-02 1.265641670334395021e+08
2.960330544190947072e-02 1.263841121922145933e+08
2.981266890122208357e-02 1.262030868898203820e+08
3.002351304174380453e-02 1.260210879898977727e+08
3.023584833529646340e-02 1.258381123757555932e+08
3.044968532776174894e-02 1.256541569508999735e+08
3.066503463960499817e-02 1.254692186395681351e+08
3.088190696640265992e-02 1.252832943872676194e+08
3.110031307937351219e-02 1.250963811613228470e+08
3.132026382591362318e-02 1.249084759514253438e+08
3.154177013013510084e-02 1.247195757701904029e+08
3.176484299340867623e-02 1.245296776537217796e+08
3.198949349490998878e-02 1.243387786621771753e+08
3.221573279217006952e-02 1.241468758803438246e+08
3.244357212162921750e-02 1.239539664182197005e+08
3.267302279919534480e-02 1.237600474115965664e+08
3.290409622080571472e-02 1.235651160226532519e+08
3.313680386299322489e-02 1.233691694405523092e+08
3.337115728345611820e-02 1.231722048820432723e+08
3.360716812163228734e-02 1.229742195920703858e+08
3.384484809927709725e-02 1.227752108443883210e+08
3.408420902104575267e-02 1.225751759421818852e+08
3.432526277507950974e-02 1.223741122186917961e+08
3.456802133359612728e-02 1.221720170378458351e+08
3.481249675348448147e-02 1.219688877948984355e+08
3.505870117690337157e-02 1.217647219170710295e+08
3.530664683188459996e-02 1.215595168642028868e+08
3.555634603294027807e-02 1.213532701294047982e+08
3.580781118167446209e-02 1.211459792397189885e+08
3.606105476739899368e-02 1.209376417567862123e+08
3.631608936775400365e-02 1.207282552775153965e+08
3.657292764933233603e-02 1.205178174347625375e+08
3.683158236830890581e-02 1.203063258980119675e+08
3.709206637107399090e-02 1.200937783740653247e+08
3.735439259487154801e-02 1.198801726077353060e+08
3.761857406844143492e-02 1.196655063825445920e+08
3.788462391266684409e-02 1.194497775214309841e+08
3.815255534122564268e-02 1.192329838874569535e+08
3.842238166124687521e-02 1.190151233845263124e+08
3.869411627397156828e-02 1.187961939581038654e+08
3.896777267541835788e-02 1.185761935959425420e+08
3.924336445705377263e-02 1.183551203288153112e+08
3.952090530646725636e-02 1.181329722312511355e+08
3.980040900805101312e-02 1.179097474222768694e+08
4.008188944368458462e-02 1.176854440661662519e+08
4.036536059342434729e-02 1.174600603731895983e+08
4.065083653619782494e-02 1.172335946003732085e+08
4.093833145050296274e-02 1.170060450522610545e+08
4.122785961511220981e-02 1.167774100816812217e+08
4.151943540978193792e-02 1.165476880905195624e+08
4.181307331596628013e-02 1.163168775304956734e+08
4.210878791753674966e-02 1.160849769039444178e+08
4.240659390150620239e-02 1.158519847646037042e+08
4.270650605875861427e-02 1.156178997184036523e+08
4.300853928478336891e-02 1.153827204242640287e+08
4.331270858041539468e-02 1.151464455948919505e+08
4.361902905257986768e-02 1.149090739975893050e+08
4.392751591504276409e-02 1.146706044550591260e+08
4.423818448916636004e-02 1.144310358462193310e+08
4.455105020467018534e-02 1.141903671070196480e+08
4.486612860039740358e-02 1.139485972312633246e+08
4.518343532508652116e-02 1.137057252714313716e+08
4.550298613814861975e-02 1.134617503395125419e+08
4.582479691045007048e-02 1.132166716078347713e+08
4.614888362510079917e-02 1.129704883099030107e+08
4.647526237824797790e-02 1.127231997412378192e+08
4.680394937987573944e-02 1.124748052602203190e+08
4.713496095460989466e-02 1.122253042889364958e+08
4.746831354252908225e-02 1.119746963140301108e+08
4.780402369998094231e-02 1.117229808875534087e+08
4.814210810040474992e-02 1.114701576278249770e+08
4.848258353515916275e-02 1.112162262202866822e+08
4.882546691435655367e-02 1.109611864183673412e+08
4.917077526770251283e-02 1.107050380443458855e+08
4.951852574534191392e-02 1.104477809902178794e+08
4.986873561871059402e-02 1.101894152185654342e+08
5.022142228139315351e-02 1.099299407634278983e+08
5.057660324998683454e-02 1.096693577311752141e+08
5.093429616497152645e-02 1.094076663013840914e+08
5.129451879158587746e-02 1.091448667277130783e+08
5.165728902070963746e-02 1.088809593387825936e+08
5.202262486975225975e-02 1.086159445390547067e+08
5.239054448354760196e-02 1.083498228097144663e+08
5.276106613525543415e-02 1.080825947095514387e+08
5.313420822726856035e-02 1.078142608758445531e+08
5.350998929212727462e-02 1.075448220252446681e+08
5.388842799343931261e-02 1.072742789546605051e+08
5.426954312680727643e-02 1.070026325421424806e+08
5.465335362076168685e-02 1.067298837477692366e+08
5.503987853770153649e-02 1.064560336145322472e+08
5.542913707484062313e-02 1.061810832692216635e+08
5.582114856516131457e-02 1.059050339233096540e+08
5.621593247837461393e-02 1.056278868738367558e+08
5.661350842188714316e-02 1.053496435042936206e+08
5.701389614177500287e-02 1.050703052855044901e+08
5.741711552376446703e-02 1.047898737765083611e+08
5.782318659421962354e-02 1.045083506254384518e+08
5.823212952113703683e-02 1.042257375704013556e+08
5.864396461514737036e-02 1.039420364403523505e+08
5.905871233052416985e-02 1.036572491559711546e+08
5.947639326619979377e-02 1.033713777305327058e+08
5.989702816678827563e-02 1.030844242707777321e+08
6.032063792361602034e-02 1.027963909777786136e+08
6.074724357575890521e-02 1.025072801478035748e+08
6.117686631108772838e-02 1.022170941731769890e+08
6.160952746731999941e-02 1.019258355431360602e+08
6.204524853308023002e-02 1.016335068446843922e+08
6.248405114896668500e-02 1.013401107634399533e+08
6.292595710862668168e-02 1.010456500844813436e+08
6.337098835983850931e-02 1.007501276931857169e+08
6.381916700560190392e-02 1.004535465760665089e+08
6.427051530523558709e-02 1.001559098216009587e+08
6.472505567548285377e-02 9.985722062105695903e+07
6.518281069162494556e-02 9.955748226931026578e+07
6.564380308860226498e-02 9.925669816565817595e+07
6.610805576214355550e-02 9.895487181462600827e+07
6.657559176990297811e-02 9.865200682676720619e+07
6.704643433260544516e-02 9.834810691945552826e+07
6.752060683519958695e-02 9.804317591767266393e+07
6.799813282801971115e-02 9.773721775478449464e+07
6.847903602795485378e-02 9.743023647331258655e+07
6.896334031962729483e-02 9.712223622569711506e+07
6.945106975657823478e-02 9.681322127504917979e+07
6.994224856246301913e-02 9.650319599589733779e+07
7.043690113225370419e-02 9.619216487492197752e+07
7.093505203345112919e-02 9.588013251168347895e+07
7.143672600730469058e-02 9.556710361933696270e+07
7.194194797004142827e-02 9.525308302533988655e+07
7.245074301410338313e-02 9.493807567214755714e+07
7.296313640939389167e-02 9.462208661789873242e+07
7.347915360453260991e-02 9.430512103708857298e+07
7.399882022811947457e-02 9.398718422123137116e+07
7.452216209000757374e-02 9.366828157951129973e+07
7.504920518258503814e-02 9.334841863942012191e+07
7.557997568206598071e-02 9.302760104738308489e+07
7.611449994979041511e-02 9.270583456937058270e+07
7.665280453353393031e-02 9.238312509149771929e+07
7.719491616882562246e-02 9.205947862061013281e+07
7.774086178027660166e-02 9.173490128485392034e+07
7.829066848291661718e-02 9.140939933423376083e+07
7.884436358354129926e-02 9.108297914115339518e+07
7.940197458206788017e-02 9.075564720094294846e+07
7.996352917290153184e-02 9.042741013236866891e+07
8.052905524631030765e-02 9.009827467812906206e+07
8.109858088981077018e-02 8.976824770533196628e+07
8.167213438956276439e-02 8.943733620595642924e+07
8.224974423177437710e-02 8.910554729729686677e+07
8.283143910411668032e-02 8.877288822238940001e+07
8.341724789714859145e-02 8.843936635041984916e+07
8.400719970575169782e-02 8.810498917711457610e+07
8.460132383057535066e-02 8.776976432511050999e+07
8.519964977949186224e-02 8.743369954430827498e+07
8.580220726906208351e-02 8.709680271220248938e+07
8.640902622601134841e-02 8.675908183419567347e+07
8.702013678871559077e-02 8.642054504388877749e+07
8.763556930869868811e-02 8.608120060335122049e+07
8.825535435213924251e-02 8.574105690337184072e+07
8.887952270138943511e-02 8.540012246368408203e+07
8.950810535650306765e-02 8.505840593317368627e+07
9.014113353677602469e-02 8.471591609006012976e+07
9.077863868229606170e-02 8.437266184205693007e+07
9.142065245550498598e-02 8.402865222650785744e+07
9.206720674277062144e-02 8.368389641049949825e+07
9.271833365597090260e-02 8.333840369094996154e+07
9.337406553408859888e-02 8.299218349467201531e+07
9.403443494481743270e-02 8.264524537841288745e+07
9.469947468617964659e-02 8.229759902886644006e+07
9.536921778815490858e-02 8.194925426266077161e+07
9.604369751432086100e-02 8.160022102632026374e+07
9.672294736350511846e-02 8.125050939619827271e+07
9.740700107144910358e-02 8.090012957838639617e+07
9.809589261248334580e-02 8.054909190859290957e+07
9.878965620121538116e-02 8.019740685199508071e+07
9.948832629422829643e-02 7.984508500306394696e+07
1.001919375917929012e-01 7.949213708535706997e+07
1.009005250395903497e-01 7.913857395128743351e+07
1.016141238304483774e-01 7.878440658185650408e+07
1.023327694060888887e-01 7.842964608636446297e+07
1.030564974588882854e-01 7.807430370208284259e+07
1.037853439336501454e-01 7.771839079390452802e+07
1.045193450293905035e-01 7.736191885395437479e+07
1.052585372011357184e-01 7.700489950117613375e+07
1.060029571617329830e-01 7.664734448088173568e+07
1.067526418836738100e-01 7.628926566427259147e+07
1.075076286009302301e-01 7.593067504792636633e+07
1.082679548108041317e-01 7.557158475325109065e+07
1.090336582757895356e-01 7.521200702590703964e+07
1.098047770254481914e-01 7.485195423519468307e+07
1.105813493582983031e-01 7.449143887340837717e+07
1.113634138437166743e-01 7.413047355515702069e+07
1.121510093238543421e-01 7.376907101664987206e+07
1.129441749155656732e-01 7.340724411494633555e+07
1.137429500123512127e-01 7.304500582717272639e+07
1.145473742863140354e-01 7.268236924970355630e+07
1.153574876901303503e-01 7.231934759730446339e+07
1.161733304590336635e-01 7.195595420224353671e+07
1.169949431128130962e-01 7.159220251336288452e+07
1.178223664578259139e-01 7.122810609511534870e+07
1.186556415890241550e-01 7.086367862656520307e+07
1.194948098919957069e-01 7.049893390034976602e+07
1.203399130450197446e-01 7.013388582160666585e+07
1.211909930211367420e-01 6.976854840686145425e+07
1.220480920902330957e-01 6.940293578287902474e+07
1.229112528211405708e-01 6.903706218547655642e+07
1.237805180837504154e-01 6.867094195829877257e+07
1.246559310511426849e-01 6.830458955155585706e+07
1.255375352017303325e-01 6.793801952072085440e+07
1.264253743214187875e-01 6.757124652519173920e+07
1.273194925057804794e-01 6.720428532691253722e+07
1.282199341622450028e-01 6.683715078895618021e+07
1.291267440123044785e-01 6.646985787407018244e+07
1.300399670937350260e-01 6.610242164318098873e+07
1.309596487628333639e-01 6.573485725386089832e+07
1.318858346966695072e-01 6.536717995875617862e+07
1.328185708953554534e-01 6.499940510397430509e+07
1.337579036843298264e-01 6.463154812743446231e+07
1.347038797166586199e-01 6.426362455717706680e+07
1.356565459753522884e-01 6.389565000963423401e+07
1.366159497756992691e-01 6.352764018786257505e+07
1.375821387676158802e-01 6.315961087973497063e+07
1.385551609380130111e-01 6.279157795609436929e+07
1.395350646131793271e-01 6.242355736886851490e+07
1.405218984611815436e-01 6.205556514914453775e+07
1.415157114942815209e-01 6.168761740520641208e+07
1.425165530713705109e-01 6.131973032053235173e+07
1.435244729004207798e-01 6.095192015175376832e+07
1.445395210409541331e-01 6.058420322657608241e+07
1.455617479065285380e-01 6.021659594166056067e+07
1.465912042672414539e-01 5.984911476046907157e+07
1.476279412522520096e-01 5.948177621106918156e+07
1.486720103523199443e-01 5.911459688390323520e+07
1.497234634223631455e-01 5.874759342951843888e+07
1.507823526840330053e-01 5.838078255626082420e+07
1.518487307283081789e-01 5.801418102793140709e+07
1.529226505181064122e-01 5.764780566140602529e+07
1.540041653909151320e-01 5.728167332421887666e+07
1.550933290614404936e-01 5.691580093210905790e+07
1.561901956242751632e-01 5.655020544653364271e+07
1.572948195565850305e-01 5.618490387214224786e+07
1.584072557208147936e-01 5.581991325421971083e+07
1.595275593674128634e-01 5.545525067609215528e+07
1.606557861375753626e-01 5.509093325650044531e+07
1.617919920660097211e-01 5.472697814693898708e+07
1.629362335837175324e-01 5.436340252896177024e+07
1.640885675207974514e-01 5.400022361145599931e+07
1.652490511092676861e-01 5.363745862788362056e+07
1.664177419859082518e-01 5.327512483349112421e+07
1.675946981951239312e-01 5.291323950248835981e+07
1.687799781918269126e-01 5.255181992519730330e+07
1.699736408443401348e-01 5.219088340517035127e+07
1.711757454373208642e-01 5.183044725628092140e+07
1.723863516747053126e-01 5.147052879978395998e+07
1.736055196826738478e-01 5.111114536134947091e+07
1.748333100126372164e-01 5.075231426806958020e+07
1.760697836442439157e-01 5.039405284543772787e+07
1.773150019884087991e-01 5.003637841430367529e+07
1.785690268903631917e-01 4.967930828780327737e+07
1.798319206327263775e-01 4.932285976826358587e+07
1.811037459385990422e-01 4.896705014408604056e+07
1.823845659746785031e-01 4.861189668660566211e+07
1.836744443543958660e-01 4.825741664693023264e+07
1.849734451410754987e-01 4.790362725275808573e+07
1.862816328511169850e-01 4.755054570517621189e+07
1.875990724571989232e-01 4.719818917543943971e+07
1.889258293915064280e-01 4.684657480173212290e+07
1.902619695489806417e-01 4.649571968591270596e+07
1.916075592905914782e-01 4.614564089024264365e+07
1.929626654466335411e-01 4.579635543409933895e+07
1.943273553200453030e-01 4.544788029067715257e+07
1.957016966897518750e-01 4.510023238367346674e+07
1.970857578140312316e-01 4.475342858396466076e+07
1.984796074339043592e-01 4.440748570627013594e+07
1.998833147765493590e-01 4.406242050580754131e+07
2.012969495587398072e-01 4.371824967493955046e+07
2.027205819903070694e-01 4.337498983981255442e+07
2.041542827776276492e-01 4.303265755699036270e+07
2.055981231271346577e-01 4.269126931008142233e+07
2.070521747488545394e-01 4.235084150636377186e+07
2.085165098599685296e-01 4.201139047340682894e+07
2.099912011883994234e-01 4.167293245569117367e+07
2.114763219764238811e-01 4.133548361122883111e+07
2.129719459843095464e-01 4.099906000818542391e+07
2.144781474939791432e-01 4.066367762150299549e+07
2.159950013126993307e-01 4.032935232952799648e+07
2.175225827767962028e-01 3.999609991064387560e+07
2.190609677553969625e-01 3.966393603990957886e+07
2.206102326541981018e-01 3.933287628570581973e+07
2.221704544192600328e-01 3.900293610639138520e+07
2.237417105408288365e-01 3.867413084696757048e+07
2.253240790571848784e-01 3.834647573575693369e+07
2.269176385585186528e-01 3.801998588109265268e+07
2.285224681908340771e-01 3.769467626802384108e+07
2.301386476598793196e-01 3.737056175503609329e+07
2.317662572351055494e-01 3.704765707078947872e+07
2.334053777536536090e-01 3.672597681087490916e+07
2.350560906243687465e-01 3.640553543459048122e+07
2.367184778318441318e-01 3.608634726173902303e+07
2.383926219404925162e-01 3.576842646944945306e+07
2.400786060986470349e-01 3.545178708902073652e+07
2.417765140426904880e-01 3.513644300279299170e+07
2.434864301012148458e-01 3.482240794104481488e+07
2.452084391992090384e-01 3.450969547891924530e+07
2.469426268622770260e-01 3.419831903337974846e+07
2.486890792208855117e-01 3.388829186019745469e+07
2.504478830146416590e-01 3.357962705097108334e+07
2.522191255966012569e-01 3.327233753018129990e+07
2.540028949376070266e-01 3.296643605228007212e+07
2.557992796306578498e-01 3.266193519881756976e+07
2.576083688953090811e-01 3.235884737560712546e+07
2.594302525821032823e-01 3.205718480993017927e+07
2.612650211770332076e-01 3.175695954778180644e+07
2.631127658060356533e-01 3.145818345115973055e+07
2.649735782395173378e-01 3.116086819539636374e+07
2.668475508969128662e-01 3.086502526653638855e+07
2.687347768512748369e-01 3.057066595876123756e+07
2.706353498338964769e-01 3.027780137186090276e+07
2.725493642389665849e-01 2.998644240875554830e+07
2.744769151282581698e-01 2.969659977306742221e+07
2.764180982358496741e-01 2.940828396674454585e+07
2.783730099728796148e-01 2.912150528773753718e+07
2.803417474323349756e-01 2.883627382773104683e+07
2.823244083938735716e-01 2.855259946993044391e+07
2.843210913286801644e-01 2.827049188690544292e+07
2.863318954043574394e-01 2.798996053849194944e+07
2.883569204898509541e-01 2.771101466975266486e+07
2.903962671604095047e-01 2.743366330899838358e+07
2.924500367025803516e-01 2.715791526587044075e+07
2.945183311192393627e-01 2.688377912948630005e+07
2.966012531346575165e-01 2.661126326664756238e+07
2.986989061996026540e-01 2.634037582011420652e+07
3.008113944964773689e-01 2.607112470694327354e+07
3.029388229444936464e-01 2.580351761689483374e+07
3.050812972048835281e-01 2.553756201090550423e+07
3.072389236861471362e-01 2.527326511963023990e+07
3.094118095493369469e-01 2.501063394205421582e+07
3.116000627133811429e-01 2.474967524417436123e+07
3.138037918604426602e-01 2.449039555775248632e+07
3.160231064413173696e-01 2.423280117914028093e+07
3.182581166808700068e-01 2.397689816817687079e+07
3.205089335835086262e-01 2.372269234716016799e+07
3.227756689386978017e-01 2.347018929989207536e+07
3.250584353265106308e-01 2.321939437079863623e+07
3.273573461232204274e-01 2.297031266412527114e+07
3.296725155069314406e-01 2.272294904320867732e+07
3.320040584632497072e-01 2.247730812982456014e+07
3.343520907909940387e-01 2.223339430361276492e+07
3.367167291079471991e-01 2.199121170157967135e+07
3.390980908566479379e-01 2.175076421767871827e+07
3.414962943102238802e-01 2.151205550246879086e+07
3.439114585782656608e-01 2.127508896285165101e+07
3.463437036127426927e-01 2.103986776188772917e+07
3.487931502139609563e-01 2.080639481869162992e+07
3.512599200365618679e-01 2.057467280840611830e+07
3.537441355955653899e-01 2.034470416225638613e+07
3.562459202724545526e-01 2.011649106768325344e+07
3.587653983213029973e-01 1.989003546855615452e+07
3.613026948749465395e-01 1.966533906546594575e+07
3.638579359511981415e-01 1.944240331609705836e+07
3.664312484591062402e-01 1.922122943567922711e+07
3.690227602052583711e-01 1.900181839751847088e+07
3.716325999001285352e-01 1.878417093360751867e+07
3.742608971644698634e-01 1.856828753531519324e+07
3.769077825357523004e-01 1.835416845415413007e+07
3.795733874746459180e-01 1.814181370262739062e+07
3.822578443715502483e-01 1.793122305515288934e+07
3.849612865531692463e-01 1.772239604906535149e+07
3.876838482891335480e-01 1.751533198569563404e+07
3.904256647986686923e-01 1.731002993152673542e+07
3.931868722573115260e-01 1.710648871942560375e+07
3.959676078036724056e-01 1.690470694995087013e+07
3.987680095462478591e-01 1.670468299273539893e+07
4.015882165702788220e-01 1.650641498794258572e+07
4.044283689446588892e-01 1.630990084779679962e+07
4.072886077288907503e-01 1.611513825818615220e+07
4.101690749800923075e-01 1.592212468033690192e+07
4.130699137600521431e-01 1.573085735255946964e+07
4.159912681423345582e-01 1.554133329206386767e+07
4.189332832194354039e-01 1.535354929684475996e+07
4.218961051099882620e-01 1.516750194763438404e+07
4.248798809660214726e-01 1.498318760992267542e+07
4.278847589802665663e-01 1.480060243604338728e+07
4.309108883935188206e-01 1.461974236732498370e+07
4.339584195020489421e-01 1.444060313630549982e+07
4.370275036650680955e-01 1.426318026900969073e+07
4.401182933122451679e-01 1.408746908728765324e+07
4.432309419512773796e-01 1.391346471121341363e+07
4.463656041755147408e-01 1.374116206154206209e+07
4.495224356716371328e-01 1.357055586222456396e+07
4.527015932273878995e-01 1.340164064297822677e+07
4.559032347393603413e-01 1.323441074191199988e+07
4.591275192208397193e-01 1.306886030820463970e+07
4.623746068097009942e-01 1.290498330483474024e+07
4.656446587763621858e-01 1.274277351136079617e+07
4.689378375317941883e-01 1.258222452674978785e+07
4.722543066355869290e-01 1.242332977225304022e+07
4.755942308040729261e-01 1.226608249432712048e+07
4.789577759185079109e-01 1.211047576759908907e+07
4.823451090333097935e-01 1.195650249787339009e+07
4.857563983843552480e-01 1.180415542517970875e+07
4.891918133973358063e-01 1.165342712685943395e+07
4.926515246961721273e-01 1.150431002068931796e+07
4.961357041114884958e-01 1.135679636804055236e+07
4.996445246891469405e-01 1.121087827707156353e+07
5.031781606988416922e-01 1.106654770595267415e+07
5.067367876427550932e-01 1.092379646612091549e+07
5.103205822642723488e-01 1.078261622556338273e+07
5.139297225567620586e-01 1.064299851212685928e+07
5.175643877724148689e-01 1.050493471685255133e+07
5.212247584311469062e-01 1.036841609733356535e+07
5.249110163295651610e-01 1.023343378109365888e+07
5.286233445499967099e-01 1.009997876898533665e+07
5.323619274695821080e-01 9.968041938605267555e+06
5.361269507694319536e-01 9.837614047725627199e+06
5.399186014438497327e-01 9.708685737739142030e+06
5.437370678096185017e-01 9.581247537116141990e+06
5.475825395153544051e-01 9.455289864871822298e+06
5.514552075509251416e-01 9.330803034041970968e+06
5.553552642569362652e-01 9.207777255165020004e+06
5.592829033342839873e-01 9.086202639768971130e+06
5.632383198537749269e-01 8.966069203861355782e+06
5.672217102658154708e-01 8.847366871419975534e+06
5.712332724101683024e-01 8.730085477883448824e+06
5.752732055257772092e-01 8.614214773638863117e+06
5.793417102606648328e-01 8.499744427505554631e+06
5.834389886818962534e-01 8.386664030212993734e+06
5.875652442856156288e-01 8.274963097870615311e+06
5.917206820071527762e-01 8.164631075428771786e+06
5.959055082312018081e-01 8.055657340128335170e+06
6.001199308020712664e-01 7.948031204937588423e+06
6.043641590340068648e-01 7.841741921974885277e+06
6.086384037215878395e-01 7.736778685915109701e+06
6.129428771501955753e-01 7.633130637378728017e+06
6.172777931065576151e-01 7.530786866301452741e+06
6.216433668893651676e-01 7.429736415283375420e+06
6.260398153199665527e-01 7.329968282915694639e+06
6.304673567531356992e-01 7.231471427083736286e+06
6.349262110879171361e-01 7.134234768244772218e+06
6.394165997785471456e-01 7.038247192679218017e+06
6.439387458454530755e-01 6.943497555713700131e+06
6.484928738863298125e-01 6.849974684914714657e+06
6.530792100872936379e-01 6.757667383251664229e+06
6.576979822341180171e-01 6.666564432227590121e+06
6.623494197235451075e-01 6.576654594976777211e+06
6.670337535746800883e-01 6.487926619327693246e+06
6.717512164404640940e-01 6.400369240830232389e+06
6.765020426192301928e-01 6.313971185745993629e+06
6.812864680663391903e-01 6.228721174000553787e+06
6.861047304058990326e-01 6.144607922096604481e+06
6.909570689425669210e-01 6.061620145986928605e+06
6.958437246734341386e-01 5.979746563906268217e+06
7.007649402999958088e-01 5.898975899160969071e+06
7.057209602402049198e-01 5.819296882875676267e+06
7.107120306406113919e-01 5.740698256695985794e+06
7.157383993885877427e-01 5.663168775446449406e+06
7.208003161246399060e-01 5.586697209742932580e+06
7.258980322548068687e-01 5.511272348558604717e+06
7.310318009631461278e-01 5.436883001742974855e+06
7.362018772243095199e-01 5.363518002493105829e+06
7.414085178162047596e-01 5.291166209776582196e+06
7.466519813327513466e-01 5.219816510705370456e+06
7.519325281967220720e-01 5.149457822860325687e+06
7.572504206726776710e-01 5.080079096565633081e+06
7.626059228799925149e-01 5.011669317112755030e+06
7.679993008059726733e-01 4.944217506933494471e+06
7.734308223190661247e-01 4.877712727721774019e+06
7.789007571821667808e-01 4.812144082503826357e+06
7.844093770660128806e-01 4.747500717656378634e+06
7.899569555626795303e-01 4.683771824872720987e+06
7.955437681991671672e-01 4.620946643076324835e+06
8.011700924510857247e-01 4.559014460281918757e+06
8.068362077564360524e-01 4.497964615403772332e+06
8.125423955294883704e-01 4.437786500011185184e+06
8.182889391747590890e-01 4.378469560031070374e+06
8.240761241010862159e-01 4.320003297397674993e+06
8.299042377358052391e-01 4.262377271649220958e+06
8.357735695390229314e-01 4.205581101471913047e+06
8.416844110179957372e-01 4.149604466191000771e+06
8.476370557416067486e-01 4.094437107209233101e+06
8.536317993549460414e-01 4.040068829392828513e+06
8.596689395939948186e-01 3.986489502405137289e+06
8.657487763004120263e-01 3.933689061988135334e+06
8.718716114364273295e-01 3.881657511192211881e+06
8.780377490998374501e-01 3.830384921554276720e+06
8.842474955391103064e-01 3.779861434224735014e+06
8.905011591685945138e-01 3.730077261043534148e+06
8.967990505838379089e-01 3.681022685565692373e+06
9.031414825770128774e-01 3.632688064036792144e+06
9.095287701524522594e-01 3.585063826318706386e+06
9.159612305422938361e-01 3.538140476766230073e+06
9.224391832222362808e-01 3.491908595054927748e+06
9.289629499274063562e-01 3.446358836960784160e+06
9.355328546683381319e-01 3.401481935092197731e+06
9.421492237470657782e-01 3.357268699574863538e+06
9.488123857733281596e-01 3.313710018690121826e+06
9.555226716808922216e-01 3.270796859467361122e+06
9.622804147439870670e-01 3.228520268231141847e+06
9.690859505938573815e-01 3.186871371103662997e+06
9.759396172354327659e-01 3.145841374463188462e+06
9.828417550641149747e-01 3.105421565359185450e+06
9.897927068826842811e-01 3.065603311884843279e+06
9.967928179183249693e-01 3.026378063507601619e+06
1.003842435839772174e+00 2.987737351358612999e+06
1.010941910774576735e+00 2.949672788481612690e+06
1.018091595326499954e+00 2.912176070042189676e+06
1.025291844593018586e+00 2.875238973498088773e+06
1.032543016182969842e+00 2.838853358731329907e+06
1.039845470234303182e+00 2.803011168142992537e+06
1.047199569431976229e+00 2.767704426711381879e+06
1.054605679025959475e+00 2.732925242014478892e+06
1.062064166849384650e+00 2.698665804217316210e+06
1.069575403336805675e+00 2.664918386025350541e+06
1.077139761542605045e+00 2.631675342604394536e+06
1.084757617159513465e+00 2.598929111468135845e+06
1.092429348537277800e+00 2.566672212333934847e+06
1.100155336701443387e+00 2.534897246947878972e+06
1.107935965372287113e+00 2.503596898879778106e+06
1.115771620983866175e+00 2.472763933289114386e+06
1.123662692703219834e+00 2.442391196662607137e+06
1.131609572449690182e+00 2.412471616524415556e+06
1.139612654914390566e+00 2.382998201119743753e+06
1.147672337579811908e+00 2.353964039072625805e+06
1.155789020739555140e+00 2.325362299018901307e+06
1.163963107518223294e+00 2.297186229215057567e+06
1.172195003891432386e+00 2.269429157123926096e+06
1.180485118705984604e+00 2.242084488977953792e+06
1.188833863700164750e+00 2.215145709320956375e+06
1.197241653524198979e+00 2.188606380529180635e+06
1.205708905760839666e+00 2.162460142312506214e+06
1.214236040946114148e+00 2.136700711196533404e+06
1.222823482590202016e+00 2.111321879986566491e+06
1.231471657198479397e+00 2.086317517214064486e+06
1.240180994292690686e+00 2.061681566566607449e+06
1.248951926432292581e+00 2.037408046302000992e+06
1.257784889235926462e+00 2.013491048647450050e+06
1.266680321403064857e+00 1.989924739184485283e+06
1.275638664735789352e+00 1.966703356220545014e+06
1.284660364160743917e+00 1.943821210147904698e+06
1.293745867751222800e+00 1.921272682790759718e+06
1.302895626749429603e+00 1.899052226741274120e+06
1.312110095588891800e+00 1.877154364685257198e+06
1.321389731917021804e+00 1.855573688718355261e+06
1.330734996617857435e+00 1.834304859653378138e+06
1.340146353834941406e+00 1.813342606319618411e+06
1.349624270994383757e+00 1.792681724854795495e+06
1.359169218828067294e+00 1.772317077990450896e+06
1.368781671397037325e+00 1.752243594331440749e+06
1.378462106115035501e+00 1.732456267630293267e+06
1.388211003772222174e+00 1.712950156057093060e+06
1.398028848559044635e+00 1.693720381465680432e+06
1.407916128090296093e+00 1.674762128656730521e+06
1.417873333429321425e+00 1.656070644638566300e+06
1.427900959112419654e+00 1.637641237886235816e+06
1.437999503173392091e+00 1.619469277599669294e+06
1.448169467168291424e+00 1.601550192961466266e+06
1.458411356200319808e+00 1.583879472395117395e+06
1.468725678944921231e+00 1.566452662824217696e+06
1.479112947675050194e+00 1.549265368933349848e+06
1.489573678286602032e+00 1.532313252431397326e+06
1.500108390324049523e+00 1.515592031317789340e+06
1.510717607006233365e+00 1.499097479152447078e+06
1.521401855252361823e+00 1.482825424330008682e+06
1.532161665708166476e+00 1.466771749359050533e+06
1.542997572772272008e+00 1.450932390146836173e+06
1.553910114622723659e+00 1.435303335290375631e+06
1.564899833243730276e+00 1.419880625374286901e+06
1.575967274452568567e+00 1.404660352276245132e+06
1.587112987926705410e+00 1.389638658480500802e+06
1.598337527231085797e+00 1.374811736400267109e+06
1.609641449845637728e+00 1.360175827709452482e+06
1.621025317192948956e+00 1.345727222684515174e+06
1.632489694666161784e+00 1.331462259556956589e+06
1.644035151657044169e+00 1.317377323877187911e+06
1.655662261584273542e+00 1.303468847890324891e+06
1.667371601921921132e+00 1.289733309924623929e+06
1.679163754228121253e+00 1.276167233793130377e+06
1.691039304173968860e+00 1.262767188209225656e+06
1.702998841572593847e+00 1.249529786216691835e+06
1.715042960408467820e+00 1.236451684634948615e+06
1.727172258866892740e+00 1.223529583520103013e+06
1.739387339363723139e+00 1.210760225642437814e+06
1.751688808575271983e+00 1.198140395981030073e+06
1.764077277468456328e+00 1.185666921236095484e+06
1.776553361331127956e+00 1.173336669359745923e+06
1.789117679802645577e+00 1.161146549105787883e+06
1.801770856904636453e+00 1.149093509599225363e+06
1.814513521072003366e+00 1.137174539926081896e+06
1.827346305184121444e+00 1.125386668744260911e+06
1.840269846596286785e+00 1.113726963915991131e+06
1.853284787171355585e+00 1.102192532162594143e+06
1.866391773311638191e+00 1.090780518742144108e+06
1.879591455990990756e+00 1.079488107150697149e+06
1.892884490787151375e+00 1.068312518847711617e+06
1.906271537914306924e+00 1.057251013006253634e+06
1.919753262255868842e+00 1.046300886288647889e+06
1.933330333397511813e+00 1.035459472648147494e+06
1.947003425660413400e+00 1.024724143157229992e+06
1.960773218134760354e+00 1.014092305863073445e+06
1.974640394713461644e+00 1.003561405670835054e+06
1.988605644126129945e+00 9.931289242551954230e+05
2.002669659973272065e+00 9.827923800007834798e+05
2.016833140760753817e+00 9.725493279719070997e+05
2.031096789934477176e+00 9.623973599121252773e+05
2.045461315915330758e+00 9.523341042740839766e+05
2.059927432134361691e+00 9.423572262800252065e+05
2.074495857068223259e+00 9.324644280133877182e+05
2.089167314274842369e+00 9.226534485418051481e+05
2.103942532429374346e+00 9.129220640718090581e+05
2.118822245360376222e+00 9.032680881355303572e+05
2.133807192086262017e+00 8.936893718095570803e+05
2.148898116852011153e+00 8.841838039661054499e+05
2.164095769166118455e+00 8.747493115566235501e+05
2.179400903837836800e+00 8.653838599278144538e+05
2.194814281014648039e+00 8.560854531700725202e+05
2.210336666220032775e+00 8.468521344981621951e+05
2.225968830391475528e+00 8.376819866640043911e+05
2.241711549918771418e+00 8.285731324012121186e+05
2.257565606682566450e+00 8.195237349010761827e+05
2.273531788093211770e+00 8.105319983194476226e+05
2.289610887129851502e+00 8.015961683140047826e+05
2.305803702379824571e+00 7.927145326111681061e+05
2.322111038078310319e+00 7.838854216019151499e+05
2.338533704148290759e+00 7.751072089654897572e+05
2.355072516240755753e+00 7.663783123200656846e+05
2.371728295775233697e+00 7.576971938990521012e+05
2.388501869980571790e+00 7.490623612518348964e+05
2.405394071936026279e+00 7.404723679674010491e+05
2.422405740612648462e+00 7.319258144192511681e+05
2.439537720914934926e+00 7.234213485298349988e+05
2.456790863722809526e+00 7.149576665525557473e+05
2.474166025933864699e+00 7.065335138692196924e+05
2.491664070505939854e+00 6.981476858006924158e+05
2.509285866499961326e+00 6.897990284282487119e+05
2.527032289123124720e+00 6.814864394230492180e+05
2.544904219772343712e+00 6.732088688808637671e+05
2.562902546078045241e+00 6.649653201590796234e+05
2.581028161948235589e+00 6.567548507127941120e+05
2.599281967612915967e+00 6.485765729266074486e+05
2.617664869668775207e+00 6.404296549385794206e+05
2.636177781124234620e+00 6.323133214525749208e+05
2.654821621444776181e+00 6.242268545350837521e+05
2.673597316598627316e+00 6.161695943923979066e+05
2.692505799102730357e+00 6.081409401238729479e+05
2.711548008069078364e+00 6.001403504467878956e+05
2.730724889251336940e+00 5.921673443882367574e+05
2.750037395091826209e+00 5.842215019392170943e+05
2.769486484768832746e+00 5.763024646660616854e+05
2.789073124244227930e+00 5.684099362741351360e+05
2.808798286311467329e+00 5.605436831186363706e+05
2.828662950643881846e+00 5.527035346572658746e+05
2.848668103843357446e+00 5.448893838393826736e+05
2.868814739489313315e+00 5.371011874262572965e+05
2.889103858188073026e+00 5.293389662369609578e+05
2.909536467622535483e+00 5.216028053144022706e+05
2.930113582602247302e+00 5.138928540060527739e+05
2.950836225113781186e+00 5.062093259539059363e+05
2.971705424371517523e+00 4.985524989882709342e+05
2.992722216868737295e+00 4.909227149201278808e+05
3.013887646429125766e+00 4.833203792268247926e+05
3.035202764258589259e+00 4.757459606261291774e+05
3.056668628997491144e+00 4.681999905337383971e+05
3.078286306773207581e+00 4.606830623996811337e+05
3.100056871253086044e+00 4.531958309192125453e+05
3.121981403697783541e+00 4.457390111141264788e+05
3.144060993014941907e+00 4.383133772808052017e+05
3.166296735813299179e+00 4.309197618015840999e+05
3.188689736457125168e+00 4.235590538165484322e+05
3.211241107121099336e+00 4.162321977532100282e+05
3.233951967845519970e+00 4.089401917121074512e+05
3.256823446591960103e+00 4.016840857068438781e+05
3.279856679299263167e+00 3.944649797576385899e+05
3.303052809939984957e+00 3.872840218380853767e+05
3.326412990577185536e+00 3.801424056754788617e+05
3.349938381421674549e+00 3.730413684056201600e+05
3.373630150889606050e+00 3.659821880838695215e+05
3.397489475660538716e+00 3.589661810547740897e+05
3.421517540735847351e+00 3.519946991834488581e+05
3.445715539497606006e+00 3.450691269525781390e+05
3.470084673767835248e+00 3.381908784297492239e+05
3.494626153868200635e+00 3.313613941104947589e+05
3.519341198680137062e+00 3.245821376433515688e+05
3.544231035705359467e+00 3.178545924438969814e+05
3.569296901126859378e+00 3.111802582055851817e+05
3.594540039870269155e+00 3.045606473159381421e+05
3.619961705665723617e+00 2.979972811873790342e+05
3.645563161110100037e+00 2.914916865127651836e+05
3.671345677729752843e+00 2.850453914563087164e+05
3.697310536043638240e+00 2.786599217912672902e+05
3.723459025626941976e+00 2.723367969964037766e+05
3.749792445175096578e+00 2.660775263237205800e+05
3.776312102568314177e+00 2.598836048505469807e+05
3.803019314936512796e+00 2.537565095294561179e+05
3.829915408724764436e+00 2.476976952498644823e+05
3.857001719759141967e+00 2.417085909255046572e+05
3.884279593313097134e+00 2.357905956221323868e+05
3.911750384174244477e+00 2.299450747400356049e+05
3.939415456711678143e+00 2.241733562659037998e+05
3.967276184943707040e+00 2.184767271086617257e+05
3.995333952606112238e+00 2.128564295336697833e+05
4.023590153220879095e+00 2.073136577095457178e+05
4.052046190165383699e+00 2.018495543815319252e+05
4.080703476742123748e+00 1.964652076849178993e+05
4.109563436248881096e+00 1.911616481115837523e+05
4.138627502049441631e+00 1.859398456420608272e+05
4.167897117644755234e+00 1.808007070549757627e+05
4.197373736744657080e+00 1.757450734248407534e+05
4.227058823340041904e+00 1.707737178184190125e+05
4.256953851775601372e+00 1.658873431989726669e+05
4.287060306823019751e+00 1.610865805466944294e+05
4.317379683754746900e+00 1.563719872026104131e+05
4.347913488418234884e+00 1.517440454421627510e+05
4.378663237310754575e+00 1.472031612835217093e+05
4.409630457654684754e+00 1.427496635345347750e+05
4.440816687473396307e+00 1.383838030809691700e+05
4.472223475667610693e+00 1.341057524175793224e+05
4.503852382092338402e+00 1.299156054221889062e+05
4.535704977634366308e+00 1.258133773718630982e+05
4.567782844290247724e+00 1.217990051989537897e+05
4.600087575244907079e+00 1.178723479836630868e+05
4.632620774950732212e+00 1.140331876785850327e+05
4.665384059207298151e+00 1.102812300595743145e+05
4.698379055241581170e+00 1.066161058962184179e+05
4.731607401788815004e+00 1.030373723342067242e+05
4.765070749173839104e+00 9.954451448089016776e+04
4.798770759393106822e+00 9.613694718452671077e+04
4.832709106197189186e+00 9.281401699685593485e+04
4.866887475173941269e+00 8.957500430797922309e+04
4.901307563832183689e+00 8.641912564190024568e+04
4.935971081686049367e+00 8.334553610054786259e+04
4.970879750339845415e+00 8.035333194370240381e+04
5.006035303573603379e+00 7.744155329190875636e+04
5.041439487429151711e+00 7.460918693923752289e+04
5.077094060296849953e+00 7.185516926265550137e+04
5.113000793002938416e+00 6.917838921468882472e+04
5.149161468897450966e+00 6.657769138622203900e+04
5.185577883942828592e+00 6.405187912634228996e+04
5.222251846803077413e+00 6.159971770649135578e+04
5.259185178933637239e+00 5.921993751646466262e+04
5.296379714671807903e+00 5.691123728026689059e+04
5.333837301327894131e+00 5.467228728029195190e+04
5.371559799276911740e+00 5.250173257892566471e+04
5.409549082051029245e+00 5.039819622722669737e+04
5.447807036432573469e+00 4.836028245108824922e+04
5.486335562547784761e+00 4.638657980597297137e+04
5.525136573961145992e+00 4.447566429209778289e+04
5.564211997770461160e+00 4.262610242272340111e+04
5.603563774702529088e+00 4.083645423903709889e+04
5.643193859209571173e+00 3.910527626589489228e+04
5.683104219566259552e+00 3.743112440354524006e+04
5.723296837967517980e+00 3.581255675121521926e+04
5.763773710626932001e+00 3.424813635923848778e+04
5.804536847875906957e+00 3.273643390712270048e+04
5.845588274263531225e+00 3.127603030561756896e+04
5.886930028657091363e+00 2.986551922149702659e+04
5.928564164343377740e+00 2.850350952422786577e+04
5.970492749130616339e+00 2.718862765420110736e+04
6.012717865451219446e+00 2.591951991244199962e+04
6.055241610465158963e+00 2.469485467193669319e+04
6.098066096164178163e+00 2.351332451069787203e+04
6.141193449476634925e+00 2.237364826654559511e+04
6.184625812373186093e+00 2.127457301320750412e+04
6.228365341973125524e+00 2.021487595674555996e+04
6.272414210651564126e+00 1.919336625047776033e+04
6.316774606147276927e+00 1.820888672544396104e+04
6.361448731671411672e+00 1.726031553204144802e+04
6.406438806016858223e+00 1.634656768670920610e+04
6.451747063668501703e+00 1.546659651547056819e+04
6.497375754914157753e+00 1.461939498369709145e+04
6.543327145956349788e+00 1.380399689867104644e+04
6.589603519024886502e+00 1.301947796839525836e+04
6.636207172490164119e+00 1.226495669663429362e+04
6.683140420977371043e+00 1.153959509044839979e+04
6.730405595481391501e+00 1.084259915254476073e+04
6.778005043482632885e+00 1.017321912675786189e+04
6.825941129063561874e+00 9.530749460981003722e+03
6.874216233026173128e+00 8.914528448159984691e+03
6.922832753010177420e+00 8.323937502702900019e+03
6.971793103612142772e+00 7.758400027214800502e+03
7.021099716505362132e+00 7.217379823164546906e+03
7.070755040560676719e+00 6.700378999357744760e+03
7.120761541968050778e+00 6.206935334400452120e+03
7.171121704359111781e+00 5.736619054217289886e+03
7.221838028930448239e+00 5.289028993647904827e+03
7.272913034567887181e+00 4.863788122721657601e+03
7.324349257971554117e+00 4.460538433865041952e+03
7.376149253781875359e+00 4.078935206366649254e+03
7.428315594706486280e+00 3.718640689075715272e+03
7.480850871647950484e+00 3.379317271434444137e+03
7.533757693832503044e+00 3.060620246065680476e+03
7.587038688939579778e+00 2.762190302349895319e+03
7.640696503232383918e+00 2.483645928268155330e+03
7.694733801689255692e+00 2.224575935267181194e+03
7.749153268136092620e+00 1.984532355377992417e+03
7.803957605379584272e+00 1.763023988181699679e+03
7.859149535341510173e+00 1.559510893905800458e+03
7.914731799193866379e+00 1.373400134257707805e+03
7.970707157495071193e+00 1.204043051032680069e+03
8.027078390327009316e+00 1.050734341135984323e+03
8.083848297433169350e+00 9.127131336191760056e+02
8.141019698357636614e+00 7.891661994351783278e+02
8.198595432585188192e+00 6.792333297510090233e+02
8.256578359682256618e+00 5.820148080882555632e+02
8.314971359439020659e+00 4.965807820304040092e+02
8.373777332012377173e+00 4.219822206678805401e+02
8.432999198069994762e+00 3.572630348069577622e+02
8.492639898935413711e+00 3.014728491903611030e+02
8.552702396734058965e+00 2.536798596403317276e+02
8.613189674540430829e+00 2.129831908637466427e+02
8.674104736526190962e+00 1.785241966686853630e+02
8.735450608109443849e+00 1.494962128590462669e+02
8.797230336104918891e+00 1.251523784358500251e+02
8.859446988875371076e+00 1.048112727810032681e+02
8.922103656483901801e+00 8.786026190039970629e+01
8.985203450847500051e+00 7.375659098555075843e+01
9.048749505891533929e+00 6.202638989191920871e+01
9.112744977705464322e+00 5.226186191971145689e+01
9.177193044699528457e+00 4.411699805169662625e+01
9.242096907762670455e+00 3.730219672330449754e+01
9.307459790421448886e+00 3.157817554378180347e+01
9.373284939000198435e+00 2.674954129053875818e+01
9.439575622782214737e+00 2.265834447094945148e+01
9.506335134172138268e+00 1.917789135946018320e+01
9.573566788859515952e+00 1.620702550671976994e+01
9.641273925983409043e+00 1.366502714400209939e+01
9.709459908298304853e+00 1.148721673406275556e+01
9.778128122341067652e+00 9.621291690631242233e+00
9.847281978599200514e+00 8.024376135623013440e+00
9.916924911680160548e+00 6.660725044173638310e+00
9.987060380482020605e+00 5.499997862779550495e+00
1.005769186836517193e+01 4.516003003126651372e+00
1.012882288332542657e+01 3.685812418023759474e+00
1.020045695816814479e+01 2.989152437302637466e+00
1.027259765068379416e+01 2.407990127059577379e+00
1.034524854382456027e+01 1.926250466913590698e+00
1.041841324588238393e+01 1.529615891854518406e+00
1.049209539066808539e+01 1.205374288414034822e+00
1.056629863769193101e+01 9.422933329091071064e-01
1.064102667234530664e+01 7.305078511477184344e-01
1.071628320608379603e+01 5.614129382737068630e-01
1.079207197661153650e+01 4.275594513056384938e-01
1.086839674806679490e+01 3.225507818080602385e-01
1.094526131120899137e+01 2.409410647865127819e-01
1.102266948360689192e+01 1.781355852071107859e-01
1.110062510982830020e+01 1.302943767759837668e-01
1.117913206163091111e+01 9.424003466529308481e-02
1.125819423815469555e+01 6.737067868321083841e-02
1.133781556611546826e+01 4.757885683185739123e-02
1.141799999999999926e+01 3.317699926142704536e-02
