1.000000000000000021e-02 4.734457623861246742e+06
1.007072300075525194e-02 4.732112895288522355e+06
1.014194617579408653e-02 4.729752950710168108e+06
1.021367306249912864e-02 4.727377701019030996e+06
1.028590722327043204e-02 4.724987056721970439e+06
1.035865224570241272e-02 4.722580927940269932e+06
1.043191174276203274e-02 4.720159224409971386e+06
1.050568935296824179e-02 4.717721855482345447e+06
1.057998874057268328e-02 4.715268730124374852e+06
1.065481359574169638e-02 4.712799756919248961e+06
1.073016763473956872e-02 4.710314844066949561e+06
1.080605460011313523e-02 4.707813899384858087e+06
1.088247826087764512e-02 4.705296830308382399e+06
1.095944241270395240e-02 4.702763543891643174e+06
1.103695087810703176e-02 4.700213946808230132e+06
1.111500750663583711e-02 4.697647945351970382e+06
1.119361617506448199e-02 4.695065445437740535e+06
1.127278078758479039e-02 4.692466352602365427e+06
1.135250527600020591e-02 4.689850572005510330e+06
1.143279359992106260e-02 4.687218008430653252e+06
1.151364974696124886e-02 4.684568566286101006e+06
1.159507773293625386e-02 4.681902149606058374e+06
1.167708160206261912e-02 4.679218662051728927e+06
1.175966542715880039e-02 4.676518006912491284e+06
1.184283330984744684e-02 4.673800087107103318e+06
1.192658938075911480e-02 4.671064805184971541e+06
1.201093779973742143e-02 4.668312063327492215e+06
1.209588275604562765e-02 4.665541763349385932e+06
1.218142846857475994e-02 4.662753806700183079e+06
1.226757918605306599e-02 4.659948094465644099e+06
1.235433918725710109e-02 4.657124527369355783e+06
1.244171278122420399e-02 4.654283005774285644e+06
1.252970430746651841e-02 4.651423429684480652e+06
1.261831813618652202e-02 4.648545698746732436e+06
1.270755866849407681e-02 4.645649712252417579e+06
1.279743033662500765e-02 4.642735369139267132e+06
1.288793760416124916e-02 4.639802567993286997e+06
1.297908496625252428e-02 4.636851207050721161e+06
1.307087694983959970e-02 4.633881184200106189e+06
1.316331811387913206e-02 4.630892396984249353e+06
1.325641304957008229e-02 4.627884742602528073e+06
1.335016638058175026e-02 4.624858117912966758e+06
1.344458276328341223e-02 4.621812419434603304e+06
1.353966688697558728e-02 4.618747543349823914e+06
1.363542347412293083e-02 4.615663385506752878e+06
1.373185728058879534e-02 4.612559841421768069e+06
1.382897309587140591e-02 4.609436806282035075e+06
1.392677574334177416e-02 4.606294174948191270e+06
1.402527008048323233e-02 4.603131841956932098e+06
1.412446099913269512e-02 4.599949701523927972e+06
1.422435342572361469e-02 4.596747647546553053e+06
1.432495232153065817e-02 4.593525573606887832e+06
1.442626268291611474e-02 4.590283372974663042e+06
1.452828954157804955e-02 4.587020938610373996e+06
1.463103796480020279e-02 4.583738163168410771e+06
1.473451305570367201e-02 4.580434939000298269e+06
1.483871995350035354e-02 4.577111158157999627e+06
1.494366383374819141e-02 4.573766712397334166e+06
1.504934990860823212e-02 4.570401493181440979e+06
1.515578342710348879e-02 4.567015391684314236e+06
1.526296967537963539e-02 4.563608298794471659e+06
1.537091397696756234e-02 4.560180105118649080e+06
1.547962169304777091e-02 4.556730700985704549e+06
1.558909822271661340e-02 4.553259976450373419e+06
1.569934900325450217e-02 4.549767821297395043e+06
1.581037951039591591e-02 4.546254125045504421e+06
1.592219525860137305e-02 4.542718776951605454e+06
1.603480180133130470e-02 4.539161666015115567e+06
1.614820473132189474e-02 4.535582680982184596e+06
1.626240968086281949e-02 4.531981710350244306e+06
1.637742232207700654e-02 4.528358642372504808e+06
1.649324836720234000e-02 4.524713365062608384e+06
1.660989356887536059e-02 4.521045766199334525e+06
1.672736372041698505e-02 4.517355733331436291e+06
1.684566465612022737e-02 4.513643153782640584e+06
1.696480225153998087e-02 4.509907914656536654e+06
1.708478242378481601e-02 4.506149902841833420e+06
1.720561113181088078e-02 4.502369005017557181e+06
1.732729437671784445e-02 4.498565107658339664e+06
1.744983820204696473e-02 4.494738097039930522e+06
1.757324869408119494e-02 4.490887859244690277e+06
1.769753198214757753e-02 4.487014280167270452e+06
1.782269423892153190e-02 4.483117245520389639e+06
1.794874168073351886e-02 4.479196640840656124e+06
1.807568056787775199e-02 4.475252351494600065e+06
1.820351720492312600e-02 4.471284262684739195e+06
1.833225794102632741e-02 4.467292259455811232e+06
1.846190917024719685e-02 4.463276226701039821e+06
1.859247733186627366e-02 4.459236049168632366e+06
1.872396891070463379e-02 4.455171611468296498e+06
1.885639043744594123e-02 4.451082798077927902e+06
1.898974848896082396e-02 4.446969493350383826e+06
1.912404968863350846e-02 4.442831581520383246e+06
1.925930070669077884e-02 4.438668946711563505e+06
1.939550826053327084e-02 4.434481472943594679e+06
1.953267911506909038e-02 4.430269044139502570e+06
1.967082008304981214e-02 4.426031544133008458e+06
1.980993802540879922e-02 4.421768856676117517e+06
1.995003985160205898e-02 4.417480865446704440e+06
2.009113251995126373e-02 4.413167454056345858e+06
2.023322303798951588e-02 4.408828506058216095e+06
2.037631846280920506e-02 4.404463904955080710e+06
2.052042590141265818e-02 4.400073534207562916e+06
2.066555251106502733e-02 4.395657277242355049e+06
2.081170549964980396e-02 4.391215017460716888e+06
2.095889212602678603e-02 4.386746638247015886e+06
2.110711970039261254e-02 4.382252022977443412e+06
2.125639558464381684e-02 4.377731055028889328e+06
2.140672719274248903e-02 4.373183617787890136e+06
2.155812199108446750e-02 4.368609594659791328e+06
2.171058749887019856e-02 4.364008869077989832e+06
2.186413128847815648e-02 4.359381324513376690e+06
2.201876098584095234e-02 4.354726844483838417e+06
2.217448427082409704e-02 4.350045312564016320e+06
2.233130887760736982e-02 4.345336612395104952e+06
2.248924259506905957e-02 4.340600627694883384e+06
2.264829326717266236e-02 4.335837242267824709e+06
2.280846879335661492e-02 4.331046340015408583e+06
2.296977712892648779e-02 4.326227804946549237e+06
2.313222628545019005e-02 4.321381521188206039e+06
2.329582433115584897e-02 4.316507372996092774e+06
2.346057939133250336e-02 4.311605244765605778e+06
2.362649964873369049e-02 4.306675021042907611e+06
2.379359334398382583e-02 4.301716586536070332e+06
2.396186877598750070e-02 4.296729826126485132e+06
2.413133430234164212e-02 4.291714624880393967e+06
2.430199833975061827e-02 4.286670868060564622e+06
2.447386936444424788e-02 4.281598441138140857e+06
2.464695591259880372e-02 4.276497229804643430e+06
2.482126658076094089e-02 4.271367119984153658e+06
2.499681002627468854e-02 4.266207997845649719e+06
2.517359496771140112e-02 4.261019749815490097e+06
2.535163018530280088e-02 4.255802262590106577e+06
2.553092452137699364e-02 4.250555423148810863e+06
2.571148688079777020e-02 4.245279118766826577e+06
2.589332623140670059e-02 4.239973237028413452e+06
2.607645160446868046e-02 4.234637665840238333e+06
2.626087209512039181e-02 4.229272293444915675e+06
2.644659686282207003e-02 4.223877008434623480e+06
2.663363513181239359e-02 4.218451699764998630e+06
2.682199619156662093e-02 4.212996256769134663e+06
2.701168939725797496e-02 4.207510569171848707e+06
2.720272417022226788e-02 4.201994527103984728e+06
2.739510999842582201e-02 4.196448021117008291e+06
2.758885643693671091e-02 4.190870942197724245e+06
2.778397310839931383e-02 4.185263181783193257e+06
2.798046970351223545e-02 4.179624631775799207e+06
2.817835598150961879e-02 4.173955184558543842e+06
2.837764177064582352e-02 4.168254733010494616e+06
2.857833696868360487e-02 4.162523170522345696e+06
2.878045154338559897e-02 4.156760391012311913e+06
2.898399553300954820e-02 4.150966288942068350e+06
2.918897904680665956e-02 4.145140759332946036e+06
2.939541226552391112e-02 4.139283697782247793e+06
2.960330544190947072e-02 4.133395000479856506e+06
2.981266890122208357e-02 4.127474564224872272e+06
3.002351304174380453e-02 4.121522286442609504e+06
3.023584833529646340e-02 4.115538065201613586e+06
3.044968532776174894e-02 4.109521799230992328e+06
3.066503463960499817e-02 4.103473387937857304e+06
3.088190696640265992e-02 4.097392731424968224e+06
3.110031307937351219e-02 4.091279730508613866e+06
3.132026382591362318e-02 4.085134286736586131e+06
3.154177013013510084e-02 4.078956302406421863e+06
3.176484299340867623e-02 4.072745680583810434e+06
3.198949349490998878e-02 4.066502325121157803e+06
3.221573279217006952e-02 4.060226140676377807e+06
3.244357212162921750e-02 4.053917032731890678e+06
3.267302279919534480e-02 4.047574907613701653e+06
3.290409622080571472e-02 4.041199672510823235e+06
3.313680386299322489e-02 4.034791235494737979e+06
3.337115728345611820e-02 4.028349505539196078e+06
3.360716812163228734e-02 4.021874392540041823e+06
3.384484809927709725e-02 4.015365807335367426e+06
3.408420902104575267e-02 4.008823661725763697e+06
3.432526277507950974e-02 4.002247868494821247e+06
3.456802133359612728e-02 3.995638341429748107e+06
3.481249675348448147e-02 3.988994995342285372e+06
3.505870117690337157e-02 3.982317746089650784e+06
3.530664683188459996e-02 3.975606510595838074e+06
3.555634603294027807e-02 3.968861206872981042e+06
3.580781118167446209e-02 3.962081754042952321e+06
3.606105476739899368e-02 3.955268072359155398e+06
3.631608936775400365e-02 3.948420083228448872e+06
3.657292764933233603e-02 3.941537709233344533e+06
3.683158236830890581e-02 3.934620874154265970e+06
3.709206637107399090e-02 3.927669502992129885e+06
3.735439259487154801e-02 3.920683521990982350e+06
3.761857406844143492e-02 3.913662858660873491e+06
3.788462391266684409e-02 3.906607441800965928e+06
3.815255534122564268e-02 3.899517201522651594e+06
3.842238166124687521e-02 3.892392069273076952e+06
3.869411627397156828e-02 3.885231977858601138e+06
3.896777267541835788e-02 3.878036861468673684e+06
3.924336445705377263e-02 3.870806655699660070e+06
3.952090530646725636e-02 3.863541297579007689e+06
3.980040900805101312e-02 3.856240725589432288e+06
4.008188944368458462e-02 3.848904879693483002e+06
4.036536059342434729e-02 3.841533701358003076e+06
4.065083653619782494e-02 3.834127133579021320e+06
4.093833145050296274e-02 3.826685120906585827e+06
4.122785961511220981e-02 3.819207609469928779e+06
4.151943540978193792e-02 3.811694547002673149e+06
4.181307331596628013e-02 3.804145882868299726e+06
4.210878791753674966e-02 3.796561568085621111e+06
4.240659390150620239e-02 3.788941555354614276e+06
4.270650605875861427e-02 3.781285799082187936e+06
4.300853928478336891e-02 3.773594255408285651e+06
4.331270858041539468e-02 3.765866882231979165e+06
4.361902905257986768e-02 3.758103639237844851e+06
4.392751591504276409e-02 3.750304487922350876e+06
4.423818448916636004e-02 3.742469391620497219e+06
4.455105020467018534e-02 3.734598315532492939e+06
4.486612860039740358e-02 3.726691226750649977e+06
4.518343532508652116e-02 3.718748094286349136e+06
4.550298613814861975e-02 3.710768889097152743e+06
4.582479691045007048e-02 3.702753584114037920e+06
4.614888362510079917e-02 3.694702154268770944e+06
4.647526237824797790e-02 3.686614576521322597e+06
4.680394937987573944e-02 3.678490829887541477e+06
4.713496095460989466e-02 3.670330895466743503e+06
4.746831354252908225e-02 3.662134756469596177e+06
4.780402369998094231e-02 3.653902398245965131e+06
4.814210810040474992e-02 3.645633808312939014e+06
4.848258353515916275e-02 3.637328976382899098e+06
4.882546691435655367e-02 3.628987894391732756e+06
4.917077526770251283e-02 3.620610556527050678e+06
4.951852574534191392e-02 3.612196959256583825e+06
4.986873561871059402e-02 3.603747101356567349e+06
5.022142228139315351e-02 3.595260983940274455e+06
5.057660324998683454e-02 3.586738610486520920e+06
5.093429616497152645e-02 3.578179986868367530e+06
5.129451879158587746e-02 3.569585121381737292e+06
5.165728902070963746e-02 3.560954024774148129e+06
5.202262486975225975e-02 3.552286710273553152e+06
5.239054448354760196e-02 3.543583193617110606e+06
5.276106613525543415e-02 3.534843493080062326e+06
5.313420822726856035e-02 3.526067629504615907e+06
5.350998929212727462e-02 3.517255626328839920e+06
5.388842799343931261e-02 3.508407509615668561e+06
5.426954312680727643e-02 3.499523308081755415e+06
5.465335362076168685e-02 3.490603053126495332e+06
5.503987853770153649e-02 3.481646778860934544e+06
5.542913707484062313e-02 3.472654522136779036e+06
5.582114856516131457e-02 3.463626322575245518e+06
5.621593247837461393e-02 3.454562222596075851e+06
5.661350842188714316e-02 3.445462267446356360e+06
5.701389614177500287e-02 3.436326505229426082e+06
5.741711552376446703e-02 3.427154986933687236e+06
5.782318659421962354e-02 3.417947766461370513e+06
5.823212952113703683e-02 3.408704900657286402e+06
5.864396461514737036e-02 3.399426449337461498e+06
5.905871233052416985e-02 3.390112475317755248e+06
5.947639326619979377e-02 3.380763044442377985e+06
5.989702816678827563e-02 3.371378225612317212e+06
6.032063792361602034e-02 3.361958090813699644e+06
6.074724357575890521e-02 3.352502715146026574e+06
6.117686631108772838e-02 3.343012176850300282e+06
6.160952746731999941e-02 3.333486557337095961e+06
6.204524853308023002e-02 3.323925941214406863e+06
6.248405114896668500e-02 3.314330416315425187e+06
6.292595710862668168e-02 3.304700073726197705e+06
6.337098835983850931e-02 3.295035007813064847e+06
6.381916700560190392e-02 3.285335316249992698e+06
6.427051530523558709e-02 3.275601100045694038e+06
6.472505567548285377e-02 3.265832463570661843e+06
6.518281069162494556e-02 3.256029514583860990e+06
6.564380308860226498e-02 3.246192364259395283e+06
6.610805576214355550e-02 3.236321127212827094e+06
6.657559176990297811e-02 3.226415921527383383e+06
6.704643433260544516e-02 3.216476868779852986e+06
6.752060683519958695e-02 3.206504094066336285e+06
6.799813282801971115e-02 3.196497726027647033e+06
6.847903602795485378e-02 3.186457896874541882e+06
6.896334031962729483e-02 3.176384742412654217e+06
6.945106975657823478e-02 3.166278402067128103e+06
6.994224856246301913e-02 3.156139018907013349e+06
7.043690113225370419e-02 3.145966739669268951e+06
7.093505203345112919e-02 3.135761714782623574e+06
7.143672600730469058e-02 3.125524098390914965e+06
7.194194797004142827e-02 3.115254048376225866e+06
7.245074301410338313e-02 3.104951726381680928e+06
7.296313640939389167e-02 3.094617297833796591e+06
7.347915360453260991e-02 3.084250931964538060e+06
7.399882022811947457e-02 3.073852801833014004e+06
7.452216209000757374e-02 3.063423084346683696e+06
7.504920518258503814e-02 3.052961960282288957e+06
7.557997568206598071e-02 3.042469614306274336e+06
7.611449994979041511e-02 3.031946234994820785e+06
7.665280453353393031e-02 3.021392014853465836e+06
7.719491616882562246e-02 3.010807150336194783e+06
7.774086178027660166e-02 3.000191841864163987e+06
7.829066848291661718e-02 2.989546293843914289e+06
7.884436358354129926e-02 2.978870714685024694e+06
7.940197458206788017e-02 2.968165316817398183e+06
7.996352917290153184e-02 2.957430316707945429e+06
8.052905524631030765e-02 2.946665934876739047e+06
8.109858088981077018e-02 2.935872395912696607e+06
8.167213438956276439e-02 2.925049928488629870e+06
8.224974423177437710e-02 2.914198765375803690e+06
8.283143910411668032e-02 2.903319143457849976e+06
8.341724789714859145e-02 2.892411303744160570e+06
8.400719970575169782e-02 2.881475491382614244e+06
8.460132383057535066e-02 2.870511955671710894e+06
8.519964977949186224e-02 2.859520950072106905e+06
8.580220726906208351e-02 2.848502732217431534e+06
8.640902622601134841e-02 2.837457563924540766e+06
8.702013678871559077e-02 2.826385711203016806e+06
8.763556930869868811e-02 2.815287444264011923e+06
8.825535435213924251e-02 2.804163037528438959e+06
8.887952270138943511e-02 2.793012769634373952e+06
8.950810535650306765e-02 2.781836923443799838e+06
9.014113353677602469e-02 2.770635786048557144e+06
9.077863868229606170e-02 2.759409648775608279e+06
9.142065245550498598e-02 2.748158807191460859e+06
9.206720674277062144e-02 2.736883561105876695e+06
9.271833365597090260e-02 2.725584214574748650e+06
9.337406553408859888e-02 2.714261075902190525e+06
9.403443494481743270e-02 2.702914457641819958e+06
9.469947468617964659e-02 2.691544676597149111e+06
9.536921778815490858e-02 2.680152053821212612e+06
9.604369751432086100e-02 2.668736914615285117e+06
9.672294736350511846e-02 2.657299588526728563e+06
9.740700107144910358e-02 2.645840409345958382e+06
9.809589261248334580e-02 2.634359715102540795e+06
9.878965620121538116e-02 2.622857848060312215e+06
9.948832629422829643e-02 2.611335154711666517e+06
1.001919375917929012e-01 2.599791985770782456e+06
1.009005250395903497e-01 2.588228696166029666e+06
1.016141238304483774e-01 2.576645645031312015e+06
1.023327694060888887e-01 2.565043195696497336e+06
1.030564974588882854e-01 2.553421715676810127e+06
1.037853439336501454e-01 2.541781576661288273e+06
1.045193450293905035e-01 2.530123154500123579e+06
1.052585372011357184e-01 2.518446829191096127e+06
1.060029571617329830e-01 2.506752984864895698e+06
1.067526418836738100e-01 2.495042009769395459e+06
1.075076286009302301e-01 2.483314296252918430e+06
1.082679548108041317e-01 2.471570240746368654e+06
1.090336582757895356e-01 2.459810243744309992e+06
1.098047770254481914e-01 2.448034709784978069e+06
1.105813493582983031e-01 2.436244047429115977e+06
1.113634138437166743e-01 2.424438669237777591e+06
1.121510093238543421e-01 2.412618991748925298e+06
1.129441749155656732e-01 2.400785435452969745e+06
1.137429500123512127e-01 2.388938424767103978e+06
1.145473742863140354e-01 2.377078388008506503e+06
1.153574876901303503e-01 2.365205757366371341e+06
1.161733304590336635e-01 2.353320968872795813e+06
1.169949431128130962e-01 2.341424462372449692e+06
1.178223664578259139e-01 2.329516681491039228e+06
1.186556415890241550e-01 2.317598073602632619e+06
1.194948098919957069e-01 2.305669089795731474e+06
1.203399130450197446e-01 2.293730184838150162e+06
1.211909930211367420e-01 2.281781817140637431e+06
1.220480920902330957e-01 2.269824448719338514e+06
1.229112528211405708e-01 2.257858545156944077e+06
1.237805180837504154e-01 2.245884575562652666e+06
1.246559310511426849e-01 2.233903012530882843e+06
1.255375352017303325e-01 2.221914332098691724e+06
1.264253743214187875e-01 2.209919013701980002e+06
1.273194925057804794e-01 2.197917540130439680e+06
1.282199341622450028e-01 2.185910397481175140e+06
1.291267440123044785e-01 2.173898075111158658e+06
1.300399670937350260e-01 2.161881065588293597e+06
1.309596487628333639e-01 2.149859864641303662e+06
1.318858346966695072e-01 2.137834971108287107e+06
1.328185708953554534e-01 2.125806886884016916e+06
1.337579036843298264e-01 2.113776116865957156e+06
1.347038797166586199e-01 2.101743168898986652e+06
1.356565459753522884e-01 2.089708553718843032e+06
1.366159497756992691e-01 2.077672784894315060e+06
1.375821387676158802e-01 2.065636378768113675e+06
1.385551609380130111e-01 2.053599854396492243e+06
1.395350646131793271e-01 2.041563733487560879e+06
1.405218984611815436e-01 2.029528540338366525e+06
1.415157114942815209e-01 2.017494801770672202e+06
1.425165530713705109e-01 2.005463047065458493e+06
1.435244729004207798e-01 1.993433807896195678e+06
1.445395210409541331e-01 1.981407618260827148e+06
1.455617479065285380e-01 1.969385014412501594e+06
1.465912042672414539e-01 1.957366534789070953e+06
1.476279412522520096e-01 1.945352719941331539e+06
1.486720103523199443e-01 1.933344112460044911e+06
1.497234634223631455e-01 1.921341256901698420e+06
1.507823526840330053e-01 1.909344699713092763e+06
1.518487307283081789e-01 1.897354989154693438e+06
1.529226505181064122e-01 1.885372675222767517e+06
1.540041653909151320e-01 1.873398309570368147e+06
1.550933290614404936e-01 1.861432445427093422e+06
1.561901956242751632e-01 1.849475637517749099e+06
1.572948195565850305e-01 1.837528441979750060e+06
1.584072557208147936e-01 1.825591416279488010e+06
1.595275593674128634e-01 1.813665119127502199e+06
1.606557861375753626e-01 1.801750110392561648e+06
1.617919920660097211e-01 1.789846951014644466e+06
1.629362335837175324e-01 1.777956202916827751e+06
1.640885675207974514e-01 1.766078428916130913e+06
1.652490511092676861e-01 1.754214192633276805e+06
1.664177419859082518e-01 1.742364058401460061e+06
1.675946981951239312e-01 1.730528591174068395e+06
1.687799781918269126e-01 1.718708356431442779e+06
1.699736408443401348e-01 1.706903920086619677e+06
1.711757454373208642e-01 1.695115848390188534e+06
1.723863516747053126e-01 1.683344707834146684e+06
1.736055196826738478e-01 1.671591065054893726e+06
1.748333100126372164e-01 1.659855486735333689e+06
1.760697836442439157e-01 1.648138539506087080e+06
1.773150019884087991e-01 1.636440789845904801e+06
1.785690268903631917e-01 1.624762803981249686e+06
1.798319206327263775e-01 1.613105147785090841e+06
1.811037459385990422e-01 1.601468386674945708e+06
1.823845659746785031e-01 1.589853085510196630e+06
1.836744443543958660e-01 1.578259808488666080e+06
1.849734451410754987e-01 1.566689119042593287e+06
1.862816328511169850e-01 1.555141579733876046e+06
1.875990724571989232e-01 1.543617752148766303e+06
1.889258293915064280e-01 1.532118196791933617e+06
1.902619695489806417e-01 1.520643472980010556e+06
1.916075592905914782e-01 1.509194138734609587e+06
1.929626654466335411e-01 1.497770750674827490e+06
1.943273553200453030e-01 1.486373863909326261e+06
1.957016966897518750e-01 1.475004031927986769e+06
1.970857578140312316e-01 1.463661806493164040e+06
1.984796074339043592e-01 1.452347737530607032e+06
1.998833147765493590e-01 1.441062373020056868e+06
2.012969495587398072e-01 1.429806258885577088e+06
2.027205819903070694e-01 1.418579938885626849e+06
2.041542827776276492e-01 1.407383954502966721e+06
2.055981231271346577e-01 1.396218844834355405e+06
2.070521747488545394e-01 1.385085146480162395e+06
2.085165098599685296e-01 1.373983393433877267e+06
2.099912011883994234e-01 1.362914116971573792e+06
2.114763219764238811e-01 1.351877845541373128e+06
2.129719459843095464e-01 1.340875104652959853e+06
2.144781474939791432e-01 1.329906416767144110e+06
2.159950013126993307e-01 1.318972301185581135e+06
2.175225827767962028e-01 1.308073273940615123e+06
2.190609677553969625e-01 1.297209847685381770e+06
2.206102326541981018e-01 1.286382531584093347e+06
2.221704544192600328e-01 1.275591831202691421e+06
2.237417105408288365e-01 1.264838248399761040e+06
2.253240790571848784e-01 1.254122281217906857e+06
2.269176385585186528e-01 1.243444423775472911e+06
2.285224681908340771e-01 1.232805166158805136e+06
2.301386476598793196e-01 1.222204994314981624e+06
2.317662572351055494e-01 1.211644389945136150e+06
2.334053777536536090e-01 1.201123830398364691e+06
2.350560906243687465e-01 1.190643788566313451e+06
2.367184778318441318e-01 1.180204732778431848e+06
2.383926219404925162e-01 1.169807126698011532e+06
2.400786060986470349e-01 1.159451429218975594e+06
2.417765140426904880e-01 1.149138094363544602e+06
2.434864301012148458e-01 1.138867571180764819e+06
2.452084391992090384e-01 1.128640303645968437e+06
2.469426268622770260e-01 1.118456730561220553e+06
2.486890792208855117e-01 1.108317285456795711e+06
2.504478830146416590e-01 1.098222396493696142e+06
2.522191255966012569e-01 1.088172486367329257e+06
2.540028949376070266e-01 1.078167972212310880e+06
2.557992796306578498e-01 1.068209265508499695e+06
2.576083688953090811e-01 1.058296771988278721e+06
2.594302525821032823e-01 1.048430891545136110e+06
2.612650211770332076e-01 1.038612018143593334e+06
2.631127658060356533e-01 1.028840539730528719e+06
2.649735782395173378e-01 1.019116838147929753e+06
2.668475508969128662e-01 1.009441289047127939e+06
2.687347768512748369e-01 9.998142618045576382e+05
2.706353498338964769e-01 9.902361194390796591e+05
2.725493642389665849e-01 9.807072185309263878e+05
2.744769151282581698e-01 9.712279091422818601e+05
2.764180982358496741e-01 9.617985347395715071e+05
2.783730099728796148e-01 9.524194321174893994e+05
2.803417474323349756e-01 9.430909313247831305e+05
2.823244083938735716e-01 9.338133555918927304e+05
2.843210913286801644e-01 9.245870212604105473e+05
2.863318954043574394e-01 9.154122377144636121e+05
2.883569204898509541e-01 9.062893073140194174e+05
2.903962671604095047e-01 8.972185253301686607e+05
2.924500367025803516e-01 8.882001798824170837e+05
2.945183311192393627e-01 8.792345518780212151e+05
2.966012531346575165e-01 8.703219149534043390e+05
2.986989061996026540e-01 8.614625354177015834e+05
3.008113944964773689e-01 8.526566721984251635e+05
3.029388229444936464e-01 8.439045767893366283e+05
3.050812972048835281e-01 8.352064932005234296e+05
3.072389236861471362e-01 8.265626579107042635e+05
3.094118095493369469e-01 8.179732998218348948e+05
3.116000627133811429e-01 8.094386402159816353e+05
3.138037918604426602e-01 8.009588927145553753e+05
3.160231064413173696e-01 7.925342632398608839e+05
3.182581166808700068e-01 7.841649499790668488e+05
3.205089335835086262e-01 7.758511433505475288e+05
3.227756689386978017e-01 7.675930259726562072e+05
3.250584353265106308e-01 7.593907726349588484e+05
3.273573461232204274e-01 7.512445502719051437e+05
3.296725155069314406e-01 7.431545179390272824e+05
3.320040584632497072e-01 7.351208267915919423e+05
3.343520907909940387e-01 7.271436200658092275e+05
3.367167291079471991e-01 7.192230330625612987e+05
3.390980908566479379e-01 7.113591931336731650e+05
3.414962943102238802e-01 7.035522196707503172e+05
3.439114585782656608e-01 6.958022240965842502e+05
3.463437036127426927e-01 6.881093098591337912e+05
3.487931502139609563e-01 6.804735724280996947e+05
3.512599200365618679e-01 6.728950992940821452e+05
3.537441355955653899e-01 6.653739699703523656e+05
3.562459202724545526e-01 6.579102559972056188e+05
3.587653983213029973e-01 6.505040209489342524e+05
3.613026948749465395e-01 6.431553204433972714e+05
3.638579359511981415e-01 6.358642021541936556e+05
3.664312484591062402e-01 6.286307058254341828e+05
3.690227602052583711e-01 6.214548632891153684e+05
3.716325999001285352e-01 6.143366984850749141e+05
3.742608971644698634e-01 6.072762274835377466e+05
3.769077825357523004e-01 6.002734585102314595e+05
3.795733874746459180e-01 5.933283919740691781e+05
3.822578443715502483e-01 5.864410204973820364e+05
3.849612865531692463e-01 5.796113289486957947e+05
3.876838482891335480e-01 5.728392944780216785e+05
3.904256647986686923e-01 5.661248865546624875e+05
3.931868722573115260e-01 5.594680670075116213e+05
3.959676078036724056e-01 5.528687900678104488e+05
3.987680095462478591e-01 5.463270024143643677e+05
4.015882165702788220e-01 5.398426432211827487e+05
4.044283689446588892e-01 5.334156442075191298e+05
4.072886077288907503e-01 5.270459296902951319e+05
4.101690749800923075e-01 5.207334166388646117e+05
4.130699137600521431e-01 5.144780147321118857e+05
4.159912681423345582e-01 5.082796264178295969e+05
4.189332832194354039e-01 5.021381469743670314e+05
4.218961051099882620e-01 4.960534645745007438e+05
4.248798809660214726e-01 4.900254603515049093e+05
4.278847589802665663e-01 4.840540084673740203e+05
4.309108883935188206e-01 4.781389761831720243e+05
4.339584195020489421e-01 4.722802239314674516e+05
4.370275036650680955e-01 4.664776053908088943e+05
4.401182933122451679e-01 4.607309675622046925e+05
4.432309419512773796e-01 4.550401508475764422e+05
4.463656041755147408e-01 4.494049891301147873e+05
4.495224356716371328e-01 4.438253098565259133e+05
4.527015932273878995e-01 4.383009341211026767e+05
4.559032347393603413e-01 4.328316767515792162e+05
4.591275192208397193e-01 4.274173463967274874e+05
4.623746068097009942e-01 4.220577456156374537e+05
4.656446587763621858e-01 4.167526709686412360e+05
4.689378375317941883e-01 4.115019131098213256e+05
4.722543066355869290e-01 4.063052568810664234e+05
4.755942308040729261e-01 4.011624814075993490e+05
4.789577759185079109e-01 3.960733601949540316e+05
4.823451090333097935e-01 3.910376612273190403e+05
4.857563983843552480e-01 3.860551470672163414e+05
4.891918133973358063e-01 3.811255749564406578e+05
4.926515246961721273e-01 3.762486969182254979e+05
4.961357041114884958e-01 3.714242598605545354e+05
4.996445246891469405e-01 3.666520056805870845e+05
5.031781606988416922e-01 3.619316713701169356e+05
5.067367876427550932e-01 3.572629891220230493e+05
5.103205822642723488e-01 3.526456864376512240e+05
5.139297225567620586e-01 3.480794862350557814e+05
5.175643877724148689e-01 3.435641069580609328e+05
5.212247584311469062e-01 3.390992626860693563e+05
5.249110163295651610e-01 3.346846632445614669e+05
5.286233445499967099e-01 3.303200143162325257e+05
5.323619274695821080e-01 3.260050175526938401e+05
5.361269507694319536e-01 3.217393706866928842e+05
5.399186014438497327e-01 3.175227676447851118e+05
5.437370678096185017e-01 3.133548986603978556e+05
5.475825395153544051e-01 3.092354503872249625e+05
5.514552075509251416e-01 3.051641060129006510e+05
5.553552642569362652e-01 3.011405453728829743e+05
5.592829033342839873e-01 2.971644450644916506e+05
5.632383198537749269e-01 2.932354785610460094e+05
5.672217102658154708e-01 2.893533163260309375e+05
5.712332724101683024e-01 2.855176259272572934e+05
5.752732055257772092e-01 2.817280721509228460e+05
5.793417102606648328e-01 2.779843171155518503e+05
5.834389886818962534e-01 2.742860203857334564e+05
5.875652442856156288e-01 2.706328390856129699e+05
5.917206820071527762e-01 2.670244280120728654e+05
5.959055082312018081e-01 2.634604397475558217e+05
6.001199308020712664e-01 2.599405247724695364e+05
6.043641590340068648e-01 2.564643315771217749e+05
6.086384037215878395e-01 2.530315067731323361e+05
6.129428771501955753e-01 2.496416952042677440e+05
6.172777931065576151e-01 2.462945400566520402e+05
6.216433668893651676e-01 2.429896829682931420e+05
6.260398153199665527e-01 2.397267641378895496e+05
6.304673567531356992e-01 2.365054224328527926e+05
6.349262110879171361e-01 2.333252954965097597e+05
6.394165997785471456e-01 2.301860198544304585e+05
6.439387458454530755e-01 2.270872310198420018e+05
6.484928738863298125e-01 2.240285635980770166e+05
6.530792100872936379e-01 2.210096513900176506e+05
6.576979822341180171e-01 2.180301274944889883e+05
6.623494197235451075e-01 2.150896244095659931e+05
6.670337535746800883e-01 2.121877741327458352e+05
6.717512164404640940e-01 2.093242082599555142e+05
6.765020426192301928e-01 2.064985580833477725e+05
6.812864680663391903e-01 2.037104546878549445e+05
6.861047304058990326e-01 2.009595290464647987e+05
6.909570689425669210e-01 1.982454121141798678e+05
6.958437246734341386e-01 1.955677349206343351e+05
7.007649402999958088e-01 1.929261286613296252e+05
7.057209602402049198e-01 1.903202247874636087e+05
7.107120306406113919e-01 1.877496550943237089e+05
7.157383993885877427e-01 1.852140518082142517e+05
7.208003161246399060e-01 1.827130476718946884e+05
7.258980322548068687e-01 1.802462760285014519e+05
7.310318009631461278e-01 1.778133709039313544e+05
7.362018772243095199e-01 1.754139670876636810e+05
7.414085178162047596e-01 1.730477002120028774e+05
7.466519813327513466e-01 1.707142068297160440e+05
7.519325281967220720e-01 1.684131244900570309e+05
7.572504206726776710e-01 1.661440918131490471e+05
7.626059228799925149e-01 1.639067485627220594e+05
7.679993008059726733e-01 1.617007357171813783e+05
7.734308223190661247e-01 1.595256955390009389e+05
7.789007571821667808e-01 1.573812716424281534e+05
7.844093770660128806e-01 1.552671090594899142e+05
7.899569555626795303e-01 1.531828543042919191e+05
7.955437681991671672e-01 1.511281554356041597e+05
8.011700924510857247e-01 1.491026621177268680e+05
8.068362077564360524e-01 1.471060256796306930e+05
8.125423955294883704e-01 1.451378991723707586e+05
8.182889391747590890e-01 1.431979374247686064e+05
8.240761241010862159e-01 1.412857970973663323e+05
8.299042377358052391e-01 1.394011367346467450e+05
8.357735695390229314e-01 1.375436168155273772e+05
8.416844110179957372e-01 1.357128998021266889e+05
8.476370557416067486e-01 1.339086501868103514e+05
8.536317993549460414e-01 1.321305345375169418e+05
8.596689395939948186e-01 1.303782215413771482e+05
8.657487763004120263e-01 1.286513820466246834e+05
8.718716114364273295e-01 1.269496891028152313e+05
8.780377490998374501e-01 1.252728179993589147e+05
8.842474955391103064e-01 1.236204463023758726e+05
8.905011591685945138e-01 1.219922538898894854e+05
8.967990505838379089e-01 1.203879229853658762e+05
9.031414825770128774e-01 1.188071381896170642e+05
9.095287701524522594e-01 1.172495865110784944e+05
9.159612305422938361e-01 1.157149573944773001e+05
9.224391832222362808e-01 1.142029427479079750e+05
9.289629499274063562e-01 1.127132369683315192e+05
9.355328546683381319e-01 1.112455369655136456e+05
9.421492237470657782e-01 1.097995421844256052e+05
9.488123857733281596e-01 1.083749546261203359e+05
9.555226716808922216e-01 1.069714788671072893e+05
9.622804147439870670e-01 1.055888220772463101e+05
9.690859505938573815e-01 1.042266940361805318e+05
9.759396172354327659e-01 1.028848071483293315e+05
9.828417550641149747e-01 1.015628764564657322e+05
9.897927068826842811e-01 1.002606196538986987e+05
9.967928179183249693e-01 9.897775709528487641e+04
1.003842435839772174e+00 9.771401180609270523e+04
1.010941910774576735e+00 9.646910949074513337e+04
1.018091595326499954e+00 9.524277853946074902e+04
1.025291844593018586e+00 9.403475003382518480e+04
1.032543016182969842e+00 9.284475775111195981e+04
1.039845470234303182e+00 9.167253816738163005e+04
1.047199569431976229e+00 9.051783045938525174e+04
1.054605679025959475e+00 8.938037650529708480e+04
1.062064166849384650e+00 8.825992088430357398e+04
1.069575403336805675e+00 8.715621087507691118e+04
1.077139761542605045e+00 8.606899645315685484e+04
1.084757617159513465e+00 8.499803028727280616e+04
1.092429348537277800e+00 8.394306773462600540e+04
1.100155336701443387e+00 8.290386683516966878e+04
1.107935965372287113e+00 8.188018830490337859e+04
1.115771620983866175e+00 8.087179552821787365e+04
1.123662692703219834e+00 7.987845454931393033e+04
1.131609572449690182e+00 7.889993406272346328e+04
1.139612654914390566e+00 7.793600540296088730e+04
1.147672337579811908e+00 7.698644253333238885e+04
1.155789020739555140e+00 7.605102203393232776e+04
1.163963107518223294e+00 7.512952308884914964e+04
1.172195003891432386e+00 7.422172747261745099e+04
1.180485118705984604e+00 7.332741953593259677e+04
1.188833863700164750e+00 7.244638619066594401e+04
1.197241653524198979e+00 7.157841689419961767e+04
1.205708905760839666e+00 7.072330363311342080e+04
1.214236040946114148e+00 6.988084090624761302e+04
1.222823482590202016e+00 6.905082570717135968e+04
1.231471657198479397e+00 6.823305750607926166e+04
1.240180994292690686e+00 6.742733823114867846e+04
1.248951926432292581e+00 6.663347224937734427e+04
1.257784889235926462e+00 6.585126634693396045e+04
1.266680321403064857e+00 6.508052970904211543e+04
1.275638664735789352e+00 6.432107389942737791e+04
1.284660364160743917e+00 6.357271283935155225e+04
1.293745867751222800e+00 6.283526278625902341e+04
1.302895626749429603e+00 6.210854231206168333e+04
1.312110095588891800e+00 6.139237228108605632e+04
1.321389731917021804e+00 6.068657582770820591e+04
1.330734996617857435e+00 5.999097833370100125e+04
1.340146353834941406e+00 5.930540740531730989e+04
1.349624270994383757e+00 5.862969285013393528e+04
1.359169218828067294e+00 5.796366665367979294e+04
1.368781671397037325e+00 5.730716295587186323e+04
1.378462106115035501e+00 5.666001802728303301e+04
1.388211003772222174e+00 5.602207024526405439e+04
1.398028848559044635e+00 5.539316006994374766e+04
1.407916128090296093e+00 5.477313002012890502e+04
1.417873333429321425e+00 5.416182464912840078e+04
1.427900959112419654e+00 5.355909052052186598e+04
1.437999503173392091e+00 5.296477618389712734e+04
1.448169467168291424e+00 5.237873215057698690e+04
1.458411356200319808e+00 5.180081086935821077e+04
1.468725678944921231e+00 5.123086670228499133e+04
1.479112947675050194e+00 5.066875590047594596e+04
1.489573678286602032e+00 5.011433658003042365e+04
1.500108390324049523e+00 4.956746869803114532e+04
1.510717607006233365e+00 4.902801402866823628e+04
1.521401855252361823e+00 4.849583613950200379e+04
1.532161665708166476e+00 4.797080036789036967e+04
1.542997572772272008e+00 4.745277379759650648e+04
1.553910114622723659e+00 4.694162523560271075e+04
1.564899833243730276e+00 4.643722518914699322e+04
1.575967274452568567e+00 4.593944584300807765e+04
1.587112987926705410e+00 4.544816103705370915e+04
1.598337527231085797e+00 4.496324624407928786e+04
1.609641449845637728e+00 4.448457854795242019e+04
1.621025317192948956e+00 4.401203662208797323e+04
1.632489694666161784e+00 4.354550070827145100e+04
1.644035151657044169e+00 4.308485259585442691e+04
1.655662261584273542e+00 4.262997560133986553e+04
1.667371601921921132e+00 4.218075454838042788e+04
1.679163754228121253e+00 4.173707574820996524e+04
1.691039304173968860e+00 4.129882698052882188e+04
1.702998841572593847e+00 4.086589747486388660e+04
1.715042960408467820e+00 4.043817789242514118e+04
1.727172258866892740e+00 4.001556030847942748e+04
1.739387339363723139e+00 3.959793819526150764e+04
1.751688808575271983e+00 3.918520640544576599e+04
1.764077277468456328e+00 3.877726115619707707e+04
1.776553361331127956e+00 3.837400001382469054e+04
1.789117679802645577e+00 3.797532187905786122e+04
1.801770856904636453e+00 3.758112697296665283e+04
1.814513521072003366e+00 3.719131682354764052e+04
1.827346305184121444e+00 3.680579425299590366e+04
1.840269846596286785e+00 3.642446336568520201e+04
1.853284787171355585e+00 3.604722953687640984e+04
1.866391773311638191e+00 3.567399940217591939e+04
1.879591455990990756e+00 3.530468084776418254e+04
1.892884490787151375e+00 3.493918300141521468e+04
1.906271537914306924e+00 3.457741622432754230e+04
1.919753262255868842e+00 3.421929210378669814e+04
1.933330333397511813e+00 3.386472344667871221e+04
1.947003425660413400e+00 3.351362427387458592e+04
1.960773218134760354e+00 3.316590981550391734e+04
1.974640394713461644e+00 3.282149650713689334e+04
1.988605644126129945e+00 3.248030198689194731e+04
2.002669659973272065e+00 3.214224509348711945e+04
2.016833140760753817e+00 3.180724586525005725e+04
2.031096789934477176e+00 3.147522554010419844e+04
2.045461315915330758e+00 3.114610655654421498e+04
2.059927432134361691e+00 3.081981255561538637e+04
2.074495857068223259e+00 3.049626838390903504e+04
2.089167314274842369e+00 3.017540009758539600e+04
2.103942532429374346e+00 2.985713496743310316e+04
2.118822245360376222e+00 2.954140148497550399e+04
2.133807192086262017e+00 2.922812936962782260e+04
2.148898116852011153e+00 2.891724957691236705e+04
2.164095769166118455e+00 2.860869430773337444e+04
2.179400903837836800e+00 2.830239701871275975e+04
2.194814281014648039e+00 2.799829243358553504e+04
2.210336666220032775e+00 2.769631655565031542e+04
2.225968830391475528e+00 2.739640668126886158e+04
2.241711549918771418e+00 2.709850141440545485e+04
2.257565606682566450e+00 2.680254068219308465e+04
2.273531788093211770e+00 2.650846575151184879e+04
2.289610887129851502e+00 2.621621924655989642e+04
2.305803702379824571e+00 2.592574516739428873e+04
2.322111038078310319e+00 2.563698890941758509e+04
2.338533704148290759e+00 2.534989728377591746e+04
2.355072516240755753e+00 2.506441853863879442e+04
2.371728295775233697e+00 2.478050238131820879e+04
2.388501869980571790e+00 2.449810000118587413e+04
2.405394071936026279e+00 2.421716409333987031e+04
2.422405740612648462e+00 2.393764888296648496e+04
2.439537720914934926e+00 2.365951015034163720e+04
2.456790863722809526e+00 2.338270525640581400e+04
2.474166025933864699e+00 2.310719316884515865e+04
2.491664070505939854e+00 2.283293448860357967e+04
2.509285866499961326e+00 2.255989147674550986e+04
2.527032289123124720e+00 2.228802808158328116e+04
2.544904219772343712e+00 2.201730996597744888e+04
2.562902546078045241e+00 2.174770453471082874e+04
2.581028161948235589e+00 2.147918096183282978e+04
2.599281967612915967e+00 2.121171021786339770e+04
2.617664869668775207e+00 2.094526509674074623e+04
2.636177781124234620e+00 2.067982024238871600e+04
2.654821621444776181e+00 2.041535217477689730e+04
2.673597316598627316e+00 2.015183931533860596e+04
2.692505799102730357e+00 1.988926201160575874e+04
2.711548008069078364e+00 1.962760256091578049e+04
2.730724889251336940e+00 1.936684523303988681e+04
2.750037395091826209e+00 1.910697629157497067e+04
2.769486484768832746e+00 1.884798401394044413e+04
2.789073124244227930e+00 1.858985870981425251e+04
2.808798286311467329e+00 1.833259273783831304e+04
2.828662950643881846e+00 1.807618052042318959e+04
2.848668103843357446e+00 1.782061855647548509e+04
2.868814739489313315e+00 1.756590543187153526e+04
2.889103858188073026e+00 1.731204182749963729e+04
2.909536467622535483e+00 1.705903052468987153e+04
2.930113582602247302e+00 1.680687640785432086e+04
2.950836225113781186e+00 1.655558646415877593e+04
2.971705424371517523e+00 1.630516978004928751e+04
2.992722216868737295e+00 1.605563753446101327e+04
3.013887646429125766e+00 1.580700298853899403e+04
3.035202764258589259e+00 1.555928147170751436e+04
3.056668628997491144e+00 1.531249036392790731e+04
3.078286306773207581e+00 1.506664907399565163e+04
3.100056871253086044e+00 1.482177901373255372e+04
3.121981403697783541e+00 1.457790356794116451e+04
3.144060993014941907e+00 1.433504806000071949e+04
3.166296735813299179e+00 1.409323971299265759e+04
3.188689736457125168e+00 1.385250760626182637e+04
3.211241107121099336e+00 1.361288262732948715e+04
3.233951967845519970e+00 1.337439741909445183e+04
3.256823446591960103e+00 1.313708632227323506e+04
3.279856679299263167e+00 1.290098531304989956e+04
3.303052809939984957e+00 1.266613193592448260e+04
3.326412990577185536e+00 1.243256523177288727e+04
3.349938381421674549e+00 1.220032566114698238e+04
3.373630150889606050e+00 1.196945502287377531e+04
3.397489475660538716e+00 1.173999636802884561e+04
3.421517540735847351e+00 1.151199390938872966e+04
3.445715539497606006e+00 1.128549292648825758e+04
3.470084673767835248e+00 1.106053966643701460e+04
3.494626153868200635e+00 1.083718124067121971e+04
3.519341198680137062e+00 1.061546551784645271e+04
3.544231035705359467e+00 1.039544101309987491e+04
3.569296901126859378e+00 1.017715677393688202e+04
3.594540039870269155e+00 9.960662263022593834e+03
3.619961705665723617e+00 9.746007238181773573e+03
3.645563161110100037e+00 9.533241629935857418e+03
3.671345677729752843e+00 9.322415416926971375e+03
3.697310536043638240e+00 9.113578499601038857e+03
3.723459025626941976e+00 8.906780572542380469e+03
3.749792445175096578e+00 8.702070995868913087e+03
3.776312102568314177e+00 8.499498666115603555e+03
3.803019314936512796e+00 8.299111887046861739e+03
3.829915408724764436e+00 8.100958240851097798e+03
3.857001719759141967e+00 7.905084460181499708e+03
3.884279593313097134e+00 7.711536301512476712e+03
3.911750384174244477e+00 7.520358420288666821e+03
3.939415456711678143e+00 7.331594248342202263e+03
3.967276184943707040e+00 7.145285874056035027e+03
3.995333952606112238e+00 6.961473925744458938e+03
4.023590153220879095e+00 6.780197458716776055e+03
4.052046190165383699e+00 6.601493846479748754e+03
4.080703476742123748e+00 6.425398676520518165e+03
4.109563436248881096e+00 6.251945651097306836e+03
4.138627502049441631e+00 6.081166493443423860e+03
4.167897117644755234e+00 5.913090859772599288e+03
4.197373736744657080e+00 5.747746257444132425e+03
4.227058823340041904e+00 5.585157969622487144e+03
4.256953851775601372e+00 5.425348986735674771e+03
4.287060306823019751e+00 5.268339945003935100e+03
4.317379683754746900e+00 5.114149072277029518e+03
4.347913488418234884e+00 4.962792141383268245e+03
4.378663237310754575e+00 4.814282431155294944e+03
4.409630457654684754e+00 4.668630695260565517e+03
4.440816687473396307e+00 4.525845138923258673e+03
4.472223475667610693e+00 4.385931403587907880e+03
4.503852382092338402e+00 4.248892559530659128e+03
4.535704977634366308e+00 4.114729106388259424e+03
4.567782844290247724e+00 3.983438981531954596e+03
4.600087575244907079e+00 3.855017576176851435e+03
4.632620774950732212e+00 3.729457759078043182e+03
4.665384059207298151e+00 3.606749907628762230e+03
4.698379055241581170e+00 3.486881946140749278e+03
4.731607401788815004e+00 3.369839391054627868e+03
4.765070749173839104e+00 3.255605402795654300e+03
4.798770759393106822e+00 3.144160843964031756e+03
4.832709106197189186e+00 3.035484343520903167e+03
4.866887475173941269e+00 2.929552366609656474e+03
4.901307563832183689e+00 2.826339289631652719e+03
4.935971081686049367e+00 2.725817480178013284e+03
4.970879750339845415e+00 2.627957381406180957e+03
5.006035303573603379e+00 2.532727600438748595e+03
5.041439487429151711e+00 2.440095000354863714e+03
5.077094060296849953e+00 2.350024795341244499e+03
5.113000793002938416e+00 2.262480648567302524e+03
5.149161468897450966e+00 2.177424772354043853e+03
5.185577883942828592e+00 2.094818030208643449e+03
5.222251846803077413e+00 2.014620040308090893e+03
5.259185178933637239e+00 1.936789280024419440e+03
5.296379714671807903e+00 1.861283191099303622e+03
5.333837301327894131e+00 1.788058285090977733e+03
5.371559799276911740e+00 1.717070248736769599e+03
5.409549082051029245e+00 1.648274048893099689e+03
5.447807036432573469e+00 1.581624036738973928e+03
5.486335562547784761e+00 1.517074050951628351e+03
5.525136573961145992e+00 1.454577519588748146e+03
5.564211997770461160e+00 1.394087560436894364e+03
5.603563774702529088e+00 1.335557079613350425e+03
5.643193859209571173e+00 1.278938868233713265e+03
5.683104219566259552e+00 1.224185696985767663e+03
5.723296837967517980e+00 1.171250408474940514e+03
5.763773710626932001e+00 1.120086007232711836e+03
5.804536847875906957e+00 1.070645747302844711e+03
5.845588274263531225e+00 1.022883217342090347e+03
5.886930028657091363e+00 9.767524231932318344e+02
5.928564164343377740e+00 9.322078679034392508e+02
5.970492749130616339e+00 8.892046291773212943e+02
6.012717865451219446e+00 8.476984342619409745e+02
6.055241610465158963e+00 8.076457322682967970e+02
6.098066096164178163e+00 7.690037639332797426e+02
6.141193449476634925e+00 7.317306288213275138e+02
6.184625812373186093e+00 6.957853499528117709e+02
6.228365341973125524e+00 6.611279358267292992e+02
6.272414210651564126e+00 6.277194397777363974e+02
6.316774606147276927e+00 5.955220165710861693e+02
6.361448731671411672e+00 5.644989760923425592e+02
6.406438806016858223e+00 5.346148339317254568e+02
6.451747063668501703e+00 5.058353585952025924e+02
6.497375754914157753e+00 4.781276149944446274e+02
6.543327145956349788e+00 4.514600037766548439e+02
6.589603519024886502e+00 4.258022959529686204e+02
6.636207172490164119e+00 4.011256621707945555e+02
6.683140420977371043e+00 3.774026958537240262e+02
6.730405595481391501e+00 3.546074293038903420e+02
6.778005043482632885e+00 3.327153417304086815e+02
6.825941129063561874e+00 3.117033580370531922e+02
6.874216233026173128e+00 2.915498370809438029e+02
6.922832753010177420e+00 2.722345480075173327e+02
6.971793103612142772e+00 2.537386331870586105e+02
7.021099716505362132e+00 2.360445562355281481e+02
7.070755040560676719e+00 2.191360336111261802e+02
7.120761541968050778e+00 2.029979483536140776e+02
7.171121704359111781e+00 1.876162446929768919e+02
7.221838028930448239e+00 1.729778025143571938e+02
7.272913034567887181e+00 1.590702910447741374e+02
7.324349257971554117e+00 1.458820016391407535e+02
7.376149253781875359e+00 1.334016601994674716e+02
7.428315594706486280e+00 1.216182205673900967e+02
7.480850871647950484e+00 1.105206411826404604e+02
7.533757693832503044e+00 1.000976483833273392e+02
7.587038688939579778e+00 9.033749090821490313e+01
7.640696503232383918e+00 8.122769139884118772e+01
7.694733801689255692e+00 7.275480192507606603e+01
7.749153268136092620e+00 6.490417168523825353e+01
7.803957605379584272e+00 5.765973595947924935e+01
7.859149535341510173e+00 5.100383600638367909e+01
7.914731799193866379e+00 4.491707976684168813e+01
7.970707157495071193e+00 3.937825286086530241e+01
8.027078390327009316e+00 3.436428833616884759e+01
8.083848297433169350e+00 2.985030189266307232e+01
8.141019698357636614e+00 2.580969685756111431e+01
8.198595432585188192e+00 2.221434008320748177e+01
8.256578359682256618e+00 1.903480632358654034e+01
8.314971359439020659e+00 1.624068473620442532e+01
8.373777332012377173e+00 1.380093724555553614e+01
8.432999198069994762e+00 1.168429493480515724e+01
8.492639898935413711e+00 9.859675761528327698e+00
8.552702396734058965e+00 8.296605050839367834e+00
8.613189674540430829e+00 6.965619657663630448e+00
8.674104736526190962e+00 5.838637540553791361e+00
8.735450608109443849e+00 4.889276730309776831e+00
8.797230336104918891e+00 4.093111122528983792e+00
8.859446988875371076e+00 3.427854841817823406e+00
8.922103656483901801e+00 2.873471680741325418e+00
8.985203450847500051e+00 2.412210832073979017e+00
9.048749505891533929e+00 2.028574362948021292e+00
9.112744977705464322e+00 1.709225273871177286e+00
9.177193044699528457e+00 1.442847332785990977e+00
9.242096907762670455e+00 1.219969114539706023e+00
9.307459790421448886e+00 1.032764883598901839e+00
9.373284939000198435e+00 8.748443005817414519e-01
9.439575622782214737e+00 7.410416240684896128e-01
9.506335134172138268e+00 6.272133331472793394e-01
9.573566788859515952e+00 5.300511040520773376e-01
9.641273925983409043e+00 4.469149950789400583e-01
9.709459908298304853e+00 3.756896606259373939e-01
9.778128122341067652e+00 3.146645435284651793e-01
9.847281978599200514e+00 2.624373873079052233e-01
9.916924911680160548e+00 2.178391501875365233e-01
9.987060380482020605e+00 1.798775437381545661e-01
1.005769186836517193e+01 1.476959715228000625e-01
1.012882288332542657e+01 1.205445712843680461e-01
1.020045695816814479e+01 9.776029222112930794e-02
1.027259765068379416e+01 7.875336685718337115e-02
1.034524854382456027e+01 6.299806131884268245e-02
1.041841324588238393e+01 5.002611934663311194e-02
1.049209539066808539e+01 3.942179100692726201e-02
1.056629863769193101e+01 3.081772292159938934e-02
1.064102667234530664e+01 2.389127436487439513e-02
1.071628320608379603e+01 1.836102174564464146e-02
1.079207197661153650e+01 1.398334068879509423e-02
1.086839674806679490e+01 1.054902998328321496e-02
1.094526131120899137e+01 7.879982501947845053e-03
1.102266948360689192e+01 5.825927994673857011e-03
1.110062510982830020e+01 4.261280284482359647e-03
1.117913206163091111e+01 3.082122280830219829e-03
1.125819423815469555e+01 2.203359438286045264e-03
1.133781556611546826e+01 1.556067495716924060e-03
1.141799999999999926e+01 1.085054446317929239e-03
