1.000000000000000021e-02 7.819916198561730981e+07
1.007072300075525194e-02 7.816043404167146981e+07
1.014194617579408653e-02 7.812145477455759048e+07
1.021367306249912864e-02 7.808222271249018610e+07
1.028590722327043204e-02 7.804273637730945647e+07
1.035865224570241272e-02 7.800299428448560834e+07
1.043191174276203274e-02 7.796299494312641025e+07
1.050568935296824179e-02 7.792273685598470271e+07
1.057998874057268328e-02 7.788221851946565509e+07
1.065481359574169638e-02 7.784143842363518476e+07
1.073016763473956872e-02 7.780039505223026872e+07
1.080605460011313523e-02 7.775908688266806304e+07
1.088247826087764512e-02 7.771751238605654240e+07
1.095944241270395240e-02 7.767567002720634639e+07
1.103695087810703176e-02 7.763355826464276016e+07
1.111500750663583711e-02 7.759117555061803758e+07
1.119361617506448199e-02 7.754852033112642169e+07
1.127278078758479039e-02 7.750559104591640830e+07
1.135250527600020591e-02 7.746238612850807607e+07
1.143279359992106260e-02 7.741890400620749593e+07
1.151364974696124886e-02 7.737514310012419522e+07
1.159507773293625386e-02 7.733110182518841326e+07
1.167708160206261912e-02 7.728677859016992152e+07
1.175966542715880039e-02 7.724217179769684374e+07
1.184283330984744684e-02 7.719727984427537024e+07
1.192658938075911480e-02 7.715210112031207979e+07
1.201093779973742143e-02 7.710663401013380289e+07
1.209588275604562765e-02 7.706087689201243222e+07
1.218142846857475994e-02 7.701482813818646967e+07
1.226757918605306599e-02 7.696848611488750577e+07
1.235433918725710109e-02 7.692184918236386776e+07
1.244171278122420399e-02 7.687491569490823150e+07
1.252970430746651841e-02 7.682768400088487566e+07
1.261831813618652202e-02 7.678015244275712967e+07
1.270755866849407681e-02 7.673231935711802542e+07
1.279743033662500765e-02 7.668418307471923530e+07
1.288793760416124916e-02 7.663574192050327361e+07
1.297908496625252428e-02 7.658699421363560855e+07
1.307087694983959970e-02 7.653793826753826439e+07
1.316331811387913206e-02 7.648857238992325962e+07
1.325641304957008229e-02 7.643889488282963634e+07
1.335016638058175026e-02 7.638890404265923798e+07
1.344458276328341223e-02 7.633859816021391749e+07
1.353966688697558728e-02 7.628797552073521912e+07
1.363542347412293083e-02 7.623703440394392610e+07
1.373185728058879534e-02 7.618577308408166468e+07
1.382897309587140591e-02 7.613418982995183766e+07
1.392677574334177416e-02 7.608228290496478975e+07
1.402527008048323233e-02 7.603005056718020141e+07
1.412446099913269512e-02 7.597749106935574114e+07
1.422435342572361469e-02 7.592460265899156034e+07
1.432495232153065817e-02 7.587138357837955654e+07
1.442626268291611474e-02 7.581783206465364993e+07
1.452828954157804955e-02 7.576394634983918071e+07
1.463103796480020279e-02 7.570972466090603173e+07
1.473451305570367201e-02 7.565516521982122958e+07
1.483871995350035354e-02 7.560026624360464513e+07
1.494366383374819141e-02 7.554502594438372552e+07
1.504934990860823212e-02 7.548944252945262194e+07
1.515578342710348879e-02 7.543351420132927597e+07
1.526296967537963539e-02 7.537723915781629086e+07
1.537091397696756234e-02 7.532061559206254780e+07
1.547962169304777091e-02 7.526364169262628257e+07
1.558909822271661340e-02 7.520631564353945851e+07
1.569934900325450217e-02 7.514863562437304854e+07
1.581037951039591591e-02 7.509059981030531228e+07
1.592219525860137305e-02 7.503220637218970060e+07
1.603480180133130470e-02 7.497345347662635148e+07
1.614820473132189474e-02 7.491433928603275120e+07
1.626240968086281949e-02 7.485486195871792734e+07
1.637742232207700654e-02 7.479501964895711839e+07
1.649324836720234000e-02 7.473481050706888735e+07
1.660989356887536059e-02 7.467423267949223518e+07
1.672736372041698505e-02 7.461328430886693299e+07
1.684566465612022737e-02 7.455196353411594033e+07
1.696480225153998087e-02 7.449026849052630365e+07
1.708478242378481601e-02 7.442819730983583629e+07
1.720561113181088078e-02 7.436574812031903863e+07
1.732729437671784445e-02 7.430291904687446356e+07
1.744983820204696473e-02 7.423970821111550927e+07
1.757324869408119494e-02 7.417611373146155477e+07
1.769753198214757753e-02 7.411213372323155403e+07
1.782269423892153190e-02 7.404776629873944819e+07
1.794874168073351886e-02 7.398300956739051640e+07
1.807568056787775199e-02 7.391786163578036427e+07
1.820351720492312600e-02 7.385232060779614747e+07
1.833225794102632741e-02 7.378638458471852541e+07
1.846190917024719685e-02 7.372005166532631218e+07
1.859247733186627366e-02 7.365331994600220025e+07
1.872396891070463379e-02 7.358618752084168792e+07
1.885639043744594123e-02 7.351865248176351190e+07
1.898974848896082396e-02 7.345071291862022877e+07
1.912404968863350846e-02 7.338236691931374371e+07
1.925930070669077884e-02 7.331361256991128623e+07
1.939550826053327084e-02 7.324444795476269722e+07
1.953267911506909038e-02 7.317487115662129223e+07
1.967082008304981214e-02 7.310488025676588714e+07
1.980993802540879922e-02 7.303447333512488008e+07
1.995003985160205898e-02 7.296364847040286660e+07
2.009113251995126373e-02 7.289240374020938575e+07
2.023322303798951588e-02 7.282073722118857503e+07
2.037631846280920506e-02 7.274864698915305734e+07
2.052042590141265818e-02 7.267613111921872199e+07
2.066555251106502733e-02 7.260318768594104052e+07
2.081170549964980396e-02 7.252981476345533133e+07
2.095889212602678603e-02 7.245601042561852932e+07
2.110711970039261254e-02 7.238177274615199864e+07
2.125639558464381684e-02 7.230709979878850281e+07
2.140672719274248903e-02 7.223198965742070973e+07
2.155812199108446750e-02 7.215644039625148475e+07
2.171058749887019856e-02 7.208045008994716406e+07
2.186413128847815648e-02 7.200401681379310787e+07
2.201876098584095234e-02 7.192713864385145903e+07
2.217448427082409704e-02 7.184981365712144971e+07
2.233130887760736982e-02 7.177203993170157075e+07
2.248924259506905957e-02 7.169381554695510864e+07
2.264829326717266236e-02 7.161513858367793262e+07
2.280846879335661492e-02 7.153600712426728010e+07
2.296977712892648779e-02 7.145641925289550424e+07
2.313222628545019005e-02 7.137637305568443239e+07
2.329582433115584897e-02 7.129586662088270485e+07
2.346057939133250336e-02 7.121489803904587030e+07
2.362649964873369049e-02 7.113346540322022140e+07
2.379359334398382583e-02 7.105156680912537873e+07
2.396186877598750070e-02 7.096920035534475744e+07
2.413133430234164212e-02 7.088636414351397753e+07
2.430199833975061827e-02 7.080305627851547301e+07
2.447386936444424788e-02 7.071927486867304146e+07
2.464695591259880372e-02 7.063501802595025301e+07
2.482126658076094089e-02 7.055028386615242064e+07
2.499681002627468854e-02 7.046507050912937522e+07
2.517359496771140112e-02 7.037937607898229361e+07
2.535163018530280088e-02 7.029319870427317917e+07
2.553092452137699364e-02 7.020653651823638380e+07
2.571148688079777020e-02 7.011938765899376571e+07
2.589332623140670059e-02 7.003175026977151632e+07
2.607645160446868046e-02 6.994362249912101030e+07
2.626087209512039181e-02 6.985500250114281476e+07
2.644659686282207003e-02 6.976588843571078777e+07
2.663363513181239359e-02 6.967627846870204806e+07
2.682199619156662093e-02 6.958617077222867310e+07
2.701168939725797496e-02 6.949556352487239242e+07
2.720272417022226788e-02 6.940445491192167997e+07
2.739510999842582201e-02 6.931284312561182678e+07
2.758885643693671091e-02 6.922072636536939442e+07
2.778397310839931383e-02 6.912810283805704117e+07
2.798046970351223545e-02 6.903497075822401047e+07
2.817835598150961879e-02 6.894132834835720062e+07
2.837764177064582352e-02 6.884717383913707733e+07
2.857833696868360487e-02 6.875250546969553828e+07
2.878045154338559897e-02 6.865732148787638545e+07
2.898399553300954820e-02 6.856162015050075948e+07
2.918897904680665956e-02 6.846539972363285720e+07
2.939541226552391112e-02 6.836865848285081983e+07
2.960330544190947072e-02 6.827139471351982653e+07
2.981266890122208357e-02 6.817360671106836200e+07
3.002351304174380453e-02 6.807529278126722574e+07
3.023584833529646340e-02 6.797645124051210284e+07
3.044968532776174894e-02 6.787708041610868275e+07
3.066503463960499817e-02 6.777717864656218886e+07
3.088190696640265992e-02 6.767674428186671436e+07
3.110031307937351219e-02 6.757577568380226195e+07
3.132026382591362318e-02 6.747427122623158991e+07
3.154177013013510084e-02 6.737222929539990425e+07
3.176484299340867623e-02 6.726964829024089873e+07
3.198949349490998878e-02 6.716652662268254161e+07
3.221573279217006952e-02 6.706286271795667708e+07
3.244357212162921750e-02 6.695865501491381973e+07
3.267302279919534480e-02 6.685390196633853763e+07
3.290409622080571472e-02 6.674860203926890343e+07
3.313680386299322489e-02 6.664275371531943232e+07
3.337115728345611820e-02 6.653635549100708961e+07
3.360716812163228734e-02 6.642940587807910889e+07
3.384484809927709725e-02 6.632190340384580940e+07
3.408420902104575267e-02 6.621384661151538044e+07
3.432526277507950974e-02 6.610523406053194404e+07
3.456802133359612728e-02 6.599606432691670954e+07
3.481249675348448147e-02 6.588633600361265987e+07
3.505870117690337157e-02 6.577604770083153248e+07
3.530664683188459996e-02 6.566519804640450329e+07
3.555634603294027807e-02 6.555378568613588810e+07
3.580781118167446209e-02 6.544180928415957093e+07
3.606105476739899368e-02 6.532926752329897135e+07
3.631608936775400365e-02 6.521615910542885959e+07
3.657292764933233603e-02 6.510248275184259564e+07
3.683158236830890581e-02 6.498823720361969620e+07
3.709206637107399090e-02 6.487342122199800611e+07
3.735439259487154801e-02 6.475803358874844760e+07
3.761857406844143492e-02 6.464207310655297339e+07
3.788462391266684409e-02 6.452553859938494116e+07
3.815255534122564268e-02 6.440842891289285570e+07
3.842238166124687521e-02 6.429074291478700191e+07
3.869411627397156828e-02 6.417247949522870034e+07
3.896777267541835788e-02 6.405363756722279638e+07
3.924336445705377263e-02 6.393421606701324135e+07
3.952090530646725636e-02 6.381421395448036492e+07
3.980040900805101312e-02 6.369363021354184300e+07
4.008188944368458462e-02 6.357246385255725682e+07
4.036536059342434729e-02 6.345071390473307669e+07
4.065083653619782494e-02 6.332837942853308469e+07
4.093833145050296274e-02 6.320545950808898360e+07
4.122785961511220981e-02 6.308195325361597538e+07
4.151943540978193792e-02 6.295785980182879418e+07
4.181307331596628013e-02 6.283317831636279076e+07
4.210878791753674966e-02 6.270790798819437623e+07
4.240659390150620239e-02 6.258204803606772423e+07
4.270650605875861427e-02 6.245559770692081004e+07
4.300853928478336891e-02 6.232855627631562948e+07
4.331270858041539468e-02 6.220092304887010902e+07
4.361902905257986768e-02 6.207269735869333148e+07
4.392751591504276409e-02 6.194387856982164830e+07
4.423818448916636004e-02 6.181446607665801793e+07
4.455105020467018534e-02 6.168445930441335589e+07
4.486612860039740358e-02 6.155385770955071598e+07
4.518343532508652116e-02 6.142266078023014218e+07
4.550298613814861975e-02 6.129086803675688058e+07
4.582479691045007048e-02 6.115847903203129768e+07
4.614888362510079917e-02 6.102549335200046003e+07
4.647526237824797790e-02 6.089191061611182988e+07
4.680394937987573944e-02 6.075773047776958346e+07
4.713496095460989466e-02 6.062295262479072809e+07
4.746831354252908225e-02 6.048757677986501157e+07
4.780402369998094231e-02 6.035160270101625472e+07
4.814210810040474992e-02 6.021503018206356466e+07
4.848258353515916275e-02 6.007785905308626592e+07
4.882546691435655367e-02 5.994008918088898063e+07
4.917077526770251283e-02 5.980172046946854889e+07
4.951852574534191392e-02 5.966275286048220843e+07
4.986873561871059402e-02 5.952318633371713758e+07
5.022142228139315351e-02 5.938302090756119788e+07
5.057660324998683454e-02 5.924225663947428018e+07
5.093429616497152645e-02 5.910089362646157295e+07
5.129451879158587746e-02 5.895893200554715097e+07
5.165728902070963746e-02 5.881637195424824953e+07
5.202262486975225975e-02 5.867321369105110317e+07
5.239054448354760196e-02 5.852945747588687390e+07
5.276106613525543415e-02 5.838510361060827971e+07
5.313420822726856035e-02 5.824015243946629763e+07
5.350998929212727462e-02 5.809460434958857298e+07
5.388842799343931261e-02 5.794845977145707607e+07
5.426954312680727643e-02 5.780171917938549072e+07
5.465335362076168685e-02 5.765438309199839085e+07
5.503987853770153649e-02 5.750645207270909101e+07
5.542913707484062313e-02 5.735792673019782454e+07
5.582114856516131457e-02 5.720880771888966113e+07
5.621593247837461393e-02 5.705909573943232745e+07
5.661350842188714316e-02 5.690879153917332739e+07
5.701389614177500287e-02 5.675789591263668239e+07
5.741711552376446703e-02 5.660640970199915022e+07
5.782318659421962354e-02 5.645433379756544530e+07
5.823212952113703683e-02 5.630166913824269921e+07
5.864396461514737036e-02 5.614841671201372147e+07
5.905871233052416985e-02 5.599457755640989542e+07
5.947639326619979377e-02 5.584015275898171961e+07
5.989702816678827563e-02 5.568514345776875317e+07
6.032063792361602034e-02 5.552955084176756442e+07
6.074724357575890521e-02 5.537337615139850229e+07
6.117686631108772838e-02 5.521662067897070199e+07
6.160952746731999941e-02 5.505928576914449781e+07
6.204524853308023002e-02 5.490137281939227879e+07
6.248405114896668500e-02 5.474288328045743704e+07
6.292595710862668168e-02 5.458381865681053698e+07
6.337098835983850931e-02 5.442418050710280240e+07
6.381916700560190392e-02 5.426397044461771101e+07
6.427051530523558709e-02 5.410319013771921396e+07
6.472505567548285377e-02 5.394184131029709429e+07
6.518281069162494556e-02 5.377992574220923334e+07
6.564380308860226498e-02 5.361744526972105354e+07
6.610805576214355550e-02 5.345440178594114631e+07
6.657559176990297811e-02 5.329079724125297368e+07
6.704643433260544516e-02 5.312663364374386519e+07
6.752060683519958695e-02 5.296191305962923169e+07
6.799813282801971115e-02 5.279663761367283016e+07
6.847903602795485378e-02 5.263080948960340768e+07
6.896334031962729483e-02 5.246443093052592129e+07
6.945106975657823478e-02 5.229750423932933807e+07
6.994224856246301913e-02 5.213003177908889949e+07
7.043690113225370419e-02 5.196201597346289456e+07
7.093505203345112919e-02 5.179345930708661675e+07
7.143672600730469058e-02 5.162436432595776767e+07
7.194194797004142827e-02 5.145473363781915605e+07
7.245074301410338313e-02 5.128456991253430396e+07
7.296313640939389167e-02 5.111387588245733082e+07
7.347915360453260991e-02 5.094265434279751778e+07
7.399882022811947457e-02 5.077090815197629482e+07
7.452216209000757374e-02 5.059864023197896034e+07
7.504920518258503814e-02 5.042585356869994104e+07
7.557997568206598071e-02 5.025255121227958053e+07
7.611449994979041511e-02 5.007873627743578702e+07
7.665280453353393031e-02 4.990441194378742576e+07
7.719491616882562246e-02 4.972958145617035776e+07
7.774086178027660166e-02 4.955424812494615465e+07
7.829066848291661718e-02 4.937841532630292326e+07
7.884436358354129926e-02 4.920208650254727155e+07
7.940197458206788017e-02 4.902526516238966584e+07
7.996352917290153184e-02 4.884795488121949136e+07
8.052905524631030765e-02 4.867015930137296766e+07
8.109858088981077018e-02 4.849188213239089400e+07
8.167213438956276439e-02 4.831312715126843005e+07
8.224974423177437710e-02 4.813389820269447565e+07
8.283143910411668032e-02 4.795419919928249717e+07
8.341724789714859145e-02 4.777403412179081142e+07
8.400719970575169782e-02 4.759340701933354139e+07
8.460132383057535066e-02 4.741232200958055258e+07
8.519964977949186224e-02 4.723078327894815058e+07
8.580220726906208351e-02 4.704879508277815580e+07
8.640902622601134841e-02 4.686636174550607055e+07
8.702013678871559077e-02 4.668348766081929952e+07
8.763556930869868811e-02 4.650017729180296510e+07
8.825535435213924251e-02 4.631643517107413709e+07
8.887952270138943511e-02 4.613226590090541542e+07
8.950810535650306765e-02 4.594767415333575755e+07
9.014113353677602469e-02 4.576266467026862502e+07
9.077863868229606170e-02 4.557724226355922967e+07
9.142065245550498598e-02 4.539141181508735567e+07
9.206720674277062144e-02 4.520517827681874484e+07
9.271833365597090260e-02 4.501854667085278034e+07
9.337406553408859888e-02 4.483152208945652097e+07
9.403443494481743270e-02 4.464410969508641213e+07
9.469947468617964659e-02 4.445631472039443254e+07
9.536921778815490858e-02 4.426814246822205186e+07
9.604369751432086100e-02 4.407959831157915294e+07
9.672294736350511846e-02 4.389068769360801578e+07
9.740700107144910358e-02 4.370141612753408402e+07
9.809589261248334580e-02 4.351178919660037011e+07
9.878965620121538116e-02 4.332181255398789048e+07
9.948832629422829643e-02 4.313149192272060364e+07
1.001919375917929012e-01 4.294083309555394202e+07
1.009005250395903497e-01 4.274984193484918028e+07
1.016141238304483774e-01 4.255852437243058532e+07
1.023327694060888887e-01 4.236688640942709148e+07
1.030564974588882854e-01 4.217493411609750241e+07
1.037853439336501454e-01 4.198267363163936883e+07
1.045193450293905035e-01 4.179011116398034245e+07
1.052585372011357184e-01 4.159725298955390602e+07
1.060029571617329830e-01 4.140410545305668563e+07
1.067526418836738100e-01 4.121067496718928963e+07
1.075076286009302301e-01 4.101696801237904280e+07
1.082679548108041317e-01 4.082299113648596406e+07
1.090336582757895356e-01 4.062875095448933542e+07
1.098047770254481914e-01 4.043425414815779030e+07
1.105813493582983031e-01 4.023950746570011973e+07
1.113634138437166743e-01 4.004451772139789164e+07
1.121510093238543421e-01 3.984929179522007704e+07
1.129441749155656732e-01 3.965383663241749257e+07
1.137429500123512127e-01 3.945815924310041964e+07
1.145473742863140354e-01 3.926226670179498941e+07
1.153574876901303503e-01 3.906616614698161930e+07
1.161733304590336635e-01 3.886986478061398864e+07
1.169949431128130962e-01 3.867336986761802435e+07
1.178223664578259139e-01 3.847668873537139595e+07
1.186556415890241550e-01 3.827982877316340059e+07
1.194948098919957069e-01 3.808279743163482845e+07
1.203399130450197446e-01 3.788560222219759226e+07
1.211909930211367420e-01 3.768825071643437445e+07
1.220480920902330957e-01 3.749075054547785968e+07
1.229112528211405708e-01 3.729310939936977625e+07
1.237805180837504154e-01 3.709533502639922500e+07
1.246559310511426849e-01 3.689743523242071271e+07
1.255375352017303325e-01 3.669941788015090674e+07
1.264253743214187875e-01 3.650129088844527304e+07
1.273194925057804794e-01 3.630306223155388236e+07
1.282199341622450028e-01 3.610473993835566193e+07
1.291267440123044785e-01 3.590633209157247841e+07
1.300399670937350260e-01 3.570784682696159929e+07
1.309596487628333639e-01 3.550929233248732239e+07
1.318858346966695072e-01 3.531067684747190773e+07
1.328185708953554534e-01 3.511200866172454506e+07
1.337579036843298264e-01 3.491329611465001851e+07
1.347038797166586199e-01 3.471454759433559328e+07
1.356565459753522884e-01 3.451577153661710024e+07
1.366159497756992691e-01 3.431697642412372679e+07
1.375821387676158802e-01 3.411817078530170023e+07
1.385551609380130111e-01 3.391936319341689348e+07
1.395350646131793271e-01 3.372056226553616673e+07
1.405218984611815436e-01 3.352177666148742661e+07
1.415157114942815209e-01 3.332301508279997110e+07
1.425165530713705109e-01 3.312428627162162215e+07
1.435244729004207798e-01 3.292559900961715356e+07
1.445395210409541331e-01 3.272696211684483662e+07
1.455617479065285380e-01 3.252838445061209425e+07
1.465912042672414539e-01 3.232987490431122109e+07
1.476279412522520096e-01 3.213144240623404831e+07
1.486720103523199443e-01 3.193309591836641729e+07
1.497234634223631455e-01 3.173484443516236916e+07
1.507823526840330053e-01 3.153669698229826614e+07
1.518487307283081789e-01 3.133866261540649831e+07
1.529226505181064122e-01 3.114075041879021376e+07
1.540041653909151320e-01 3.094296950411740318e+07
1.550933290614404936e-01 3.074532900909599662e+07
1.561901956242751632e-01 3.054783809613029659e+07
1.572948195565850305e-01 3.035050595095675439e+07
1.584072557208147936e-01 3.015334178126248717e+07
1.595275593674128634e-01 2.995635481528426707e+07
1.606557861375753626e-01 2.975955430038947612e+07
1.617919920660097211e-01 2.956294950163842365e+07
1.629362335837175324e-01 2.936654970032966137e+07
1.640885675207974514e-01 2.917036419252661616e+07
1.652490511092676861e-01 2.897440228756785393e+07
1.664177419859082518e-01 2.877867330655957758e+07
1.675946981951239312e-01 2.858318658085194975e+07
1.687799781918269126e-01 2.838795145049862936e+07
1.699736408443401348e-01 2.819297726270035282e+07
1.711757454373208642e-01 2.799827337023307011e+07
1.723863516747053126e-01 2.780384912986006215e+07
1.736055196826738478e-01 2.760971390072981641e+07
1.748333100126372164e-01 2.741587704275880009e+07
1.760697836442439157e-01 2.722234791500005499e+07
1.773150019884087991e-01 2.702913587399797142e+07
1.785690268903631917e-01 2.683625027213024721e+07
1.798319206327263775e-01 2.664370045593553409e+07
1.811037459385990422e-01 2.645149576443002000e+07
1.823845659746785031e-01 2.625964552741099149e+07
1.836744443543958660e-01 2.606815906374906376e+07
1.849734451410754987e-01 2.587704567966918647e+07
1.862816328511169850e-01 2.568631466702133045e+07
1.875990724571989232e-01 2.549597530154034868e+07
1.889258293915064280e-01 2.530603684109675884e+07
1.902619695489806417e-01 2.511650852393824980e+07
1.916075592905914782e-01 2.492739956692250073e+07
1.929626654466335411e-01 2.473871916374193132e+07
1.943273553200453030e-01 2.455047648314101994e+07
1.957016966897518750e-01 2.436268066712673008e+07
1.970857578140312316e-01 2.417534082917254418e+07
1.984796074339043592e-01 2.398846605241664499e+07
1.998833147765493590e-01 2.380206538785487786e+07
2.012969495587398072e-01 2.361614785252948850e+07
2.027205819903070694e-01 2.343072242771330476e+07
2.041542827776276492e-01 2.324579805709153786e+07
2.055981231271346577e-01 2.306138364493957534e+07
2.070521747488545394e-01 2.287748805429982021e+07
2.085165098599685296e-01 2.269412010515709966e+07
2.099912011883994234e-01 2.251128857261222228e+07
2.114763219764238811e-01 2.232900218505685031e+07
2.129719459843095464e-01 2.214726962234846503e+07
2.144781474939791432e-01 2.196609951398598030e+07
2.159950013126993307e-01 2.178550043728859350e+07
2.175225827767962028e-01 2.160548091557630897e+07
2.190609677553969625e-01 2.142604941635442153e+07
2.206102326541981018e-01 2.124721434950179234e+07
2.221704544192600328e-01 2.106898406546446681e+07
2.237417105408288365e-01 2.089136685345398262e+07
2.253240790571848784e-01 2.071437093965316936e+07
2.269176385585186528e-01 2.053800448542793095e+07
2.285224681908340771e-01 2.036227558554730192e+07
2.301386476598793196e-01 2.018719226641212404e+07
2.317662572351055494e-01 2.001276248429270461e+07
2.334053777536536090e-01 1.983899412357683852e+07
2.350560906243687465e-01 1.966589499502823502e+07
2.367184778318441318e-01 1.949347283405688778e+07
2.383926219404925162e-01 1.932173529900159314e+07
2.400786060986470349e-01 1.915068996942557395e+07
2.417765140426904880e-01 1.898034434442578629e+07
2.434864301012148458e-01 1.881070584095717594e+07
2.452084391992090384e-01 1.864178179217217118e+07
2.469426268622770260e-01 1.847357944577601925e+07
2.486890792208855117e-01 1.830610596239979193e+07
2.504478830146416590e-01 1.813936841399009526e+07
2.522191255966012569e-01 1.797337378221816197e+07
2.540028949376070266e-01 1.780812895690750331e+07
2.557992796306578498e-01 1.764364073448185623e+07
2.576083688953090811e-01 1.747991581643366069e+07
2.594302525821032823e-01 1.731696080781438574e+07
2.612650211770332076e-01 1.715478221574634686e+07
2.631127658060356533e-01 1.699338644795852154e+07
2.649735782395173378e-01 1.683277981134501845e+07
2.668475508969128662e-01 1.667296851054885797e+07
2.687347768512748369e-01 1.651395864657047018e+07
2.706353498338964769e-01 1.635575621540191583e+07
2.725493642389665849e-01 1.619836710668836161e+07
2.744769151282581698e-01 1.604179710241619684e+07
2.764180982358496741e-01 1.588605187562944554e+07
2.783730099728796148e-01 1.573113698917496949e+07
2.803417474323349756e-01 1.557705789447670802e+07
2.823244083938735716e-01 1.542381993034041859e+07
2.843210913286801644e-01 1.527142832178850845e+07
2.863318954043574394e-01 1.511988817892682739e+07
2.883569204898509541e-01 1.496920449584298581e+07
2.903962671604095047e-01 1.481938214953738451e+07
2.924500367025803516e-01 1.467042589888750762e+07
2.945183311192393627e-01 1.452234038364600390e+07
2.966012531346575165e-01 1.437513012347294018e+07
2.986989061996026540e-01 1.422879951700326428e+07
3.008113944964773689e-01 1.408335284094963968e+07
3.029388229444936464e-01 1.393879424924117327e+07
3.050812972048835281e-01 1.379512777219887637e+07
3.072389236861471362e-01 1.365235731574811228e+07
3.094118095493369469e-01 1.351048666066846624e+07
3.116000627133811429e-01 1.336951946188173629e+07
3.138037918604426602e-01 1.322945924777840637e+07
3.160231064413173696e-01 1.309030941958265565e+07
3.182581166808700068e-01 1.295207325075716525e+07
3.205089335835086262e-01 1.281475388644726388e+07
3.227756689386978017e-01 1.267835434296519123e+07
3.250584353265106308e-01 1.254287750731476396e+07
3.273573461232204274e-01 1.240832613675677776e+07
3.296725155069314406e-01 1.227470285841562040e+07
3.320040584632497072e-01 1.214201016892685182e+07
3.343520907909940387e-01 1.201025043412676081e+07
3.367167291079471991e-01 1.187942588878358155e+07
3.390980908566479379e-01 1.174953863637080602e+07
3.414962943102238802e-01 1.162059064888271317e+07
3.439114585782656608e-01 1.149258376669255644e+07
3.463437036127426927e-01 1.136551969845293276e+07
3.487931502139609563e-01 1.123940002103945427e+07
3.512599200365618679e-01 1.111422617953673005e+07
3.537441355955653899e-01 1.098999948726749979e+07
3.562459202724545526e-01 1.086672112586475350e+07
3.587653983213029973e-01 1.074439214538672753e+07
3.613026948749465395e-01 1.062301346447510645e+07
3.638579359511981415e-01 1.050258587055595405e+07
3.664312484591062402e-01 1.038311002008383162e+07
3.690227602052583711e-01 1.026458643882866018e+07
3.716325999001285352e-01 1.014701552220537327e+07
3.742608971644698634e-01 1.003039753564630449e+07
3.769077825357523004e-01 9.914732615016013384e+06
3.795733874746459180e-01 9.800020767068510875e+06
3.822578443715502483e-01 9.686261869946666062e+06
3.849612865531692463e-01 9.573455673723505810e+06
3.876838482891335480e-01 9.461601800985161215e+06
3.904256647986686923e-01 9.350699747455319390e+06
3.931868722573115260e-01 9.240748882660763338e+06
3.959676078036724056e-01 9.131748450637726113e+06
3.987680095462478591e-01 9.023697570678604767e+06
4.015882165702788220e-01 8.916595238118918613e+06
4.044283689446588892e-01 8.810440325163763016e+06
4.072886077288907503e-01 8.705231581753717735e+06
4.101690749800923075e-01 8.600967636469416320e+06
4.130699137600521431e-01 8.497646997474592179e+06
4.159912681423345582e-01 8.395268053496837616e+06
4.189332832194354039e-01 8.293829074845884927e+06
4.218961051099882620e-01 8.193328214468538761e+06
4.248798809660214726e-01 8.093763509039911442e+06
4.278847589802665663e-01 7.995132880090340041e+06
4.309108883935188206e-01 7.897434135167334229e+06
4.339584195020489421e-01 7.800664969031898305e+06
4.370275036650680955e-01 7.704822964888732880e+06
4.401182933122451679e-01 7.609905595649474300e+06
4.432309419512773796e-01 7.515910225228412077e+06
4.463656041755147408e-01 7.422834109869796783e+06
4.495224356716371328e-01 7.330674399506330490e+06
4.527015932273878995e-01 7.239428139147695154e+06
4.559032347393603413e-01 7.149092270298675634e+06
4.591275192208397193e-01 7.059663632405962795e+06
4.623746068097009942e-01 6.971138964332812466e+06
4.656446587763621858e-01 6.883514905860843137e+06
4.689378375317941883e-01 6.796787999218013138e+06
4.722543066355869290e-01 6.710954690632047132e+06
4.755942308040729261e-01 6.626011331908448599e+06
4.789577759185079109e-01 6.541954182032121345e+06
4.823451090333097935e-01 6.458779408791738562e+06
4.857563983843552480e-01 6.376483090426178649e+06
4.891918133973358063e-01 6.295061217291754670e+06
4.926515246961721273e-01 6.214509693549632095e+06
4.961357041114884958e-01 6.134824338872297667e+06
4.996445246891469405e-01 6.056000890168268234e+06
5.031781606988416922e-01 5.978035003324051388e+06
5.067367876427550932e-01 5.900922254962329753e+06
5.103205822642723488e-01 5.824658144215601496e+06
5.139297225567620586e-01 5.749238094514047727e+06
5.175643877724148689e-01 5.674657455386853777e+06
5.212247584311469062e-01 5.600911504275922664e+06
5.249110163295651610e-01 5.527995448361048475e+06
5.286233445499967099e-01 5.455904426395500079e+06
5.323619274695821080e-01 5.384633510551027954e+06
5.361269507694319536e-01 5.314177708271450363e+06
5.399186014438497327e-01 5.244531964133546688e+06
5.437370678096185017e-01 5.175691161714632064e+06
5.475825395153544051e-01 5.107650125465477817e+06
5.514552075509251416e-01 5.040403622587848455e+06
5.553552642569362652e-01 4.973946364915525541e+06
5.592829033342839873e-01 4.908273010797843337e+06
5.632383198537749269e-01 4.843378166984982789e+06
5.672217102658154708e-01 4.779256390513633378e+06
5.712332724101683024e-01 4.715902190592466854e+06
5.752732055257772092e-01 4.653310030486256815e+06
5.793417102606648328e-01 4.591474329397711903e+06
5.834389886818962534e-01 4.530389464346149005e+06
5.875652442856156288e-01 4.470049772041972727e+06
5.917206820071527762e-01 4.410449550756153651e+06
5.959055082312018081e-01 4.351583062183689326e+06
6.001199308020712664e-01 4.293444533300233074e+06
6.043641590340068648e-01 4.236028158210871741e+06
6.086384037215878395e-01 4.179328099990374874e+06
6.129428771501955753e-01 4.123338492513824720e+06
6.172777931065576151e-01 4.068053442276974674e+06
6.216433668893651676e-01 4.013467030205326155e+06
6.260398153199665527e-01 3.959573313451225869e+06
6.304673567531356992e-01 3.906366327178165782e+06
6.349262110879171361e-01 3.853840086331355385e+06
6.394165997785471456e-01 3.801988587394027039e+06
6.439387458454530755e-01 3.750805810128490906e+06
6.484928738863298125e-01 3.700285719301353209e+06
6.530792100872936379e-01 3.650422266392068006e+06
6.576979822341180171e-01 3.601209391284228303e+06
6.623494197235451075e-01 3.552641023938787170e+06
6.670337535746800883e-01 3.504711086048668716e+06
6.717512164404640940e-01 3.457413492674038280e+06
6.765020426192301928e-01 3.410742153857612982e+06
6.812864680663391903e-01 3.364690976219446398e+06
6.861047304058990326e-01 3.319253864530608524e+06
6.909570689425669210e-01 3.274424723265101202e+06
6.958437246734341386e-01 3.230197458129608538e+06
7.007649402999958088e-01 3.186565977570463438e+06
7.057209602402049198e-01 3.143524194257343188e+06
7.107120306406113919e-01 3.101066026543246582e+06
7.157383993885877427e-01 3.059185399900311604e+06
7.208003161246399060e-01 3.017876248330960050e+06
7.258980322548068687e-01 2.977132515754066873e+06
7.310318009631461278e-01 2.936948157365680207e+06
7.362018772243095199e-01 2.897317140973942354e+06
7.414085178162047596e-01 2.858233448307981249e+06
7.466519813327513466e-01 2.819691076300227549e+06
7.519325281967220720e-01 2.781684038342094049e+06
7.572504206726776710e-01 2.744206365512598772e+06
7.626059228799925149e-01 2.707252107779717539e+06
7.679993008059726733e-01 2.670815335174269043e+06
7.734308223190661247e-01 2.634890138936046511e+06
7.789007571821667808e-01 2.599470632632143330e+06
7.844093770660128806e-01 2.564550953247139696e+06
7.899569555626795303e-01 2.530125262245160528e+06
7.955437681991671672e-01 2.496187746603583917e+06
8.011700924510857247e-01 2.462732619818372652e+06
8.068362077564360524e-01 2.429754122880906332e+06
8.125423955294883704e-01 2.397246525226266589e+06
8.182889391747590890e-01 2.365204125652966555e+06
8.240761241010862159e-01 2.333621253214074299e+06
8.299042377358052391e-01 2.302492268079764210e+06
8.357735695390229314e-01 2.271811562371332198e+06
8.416844110179957372e-01 2.241573560966645833e+06
8.476370557416067486e-01 2.211772722277219873e+06
8.536317993549460414e-01 2.182403538996869698e+06
8.596689395939948186e-01 2.153460538822142873e+06
8.657487763004120263e-01 2.124938285144604743e+06
8.718716114364273295e-01 2.096831377715111943e+06
8.780377490998374501e-01 2.069134453280242393e+06
8.842474955391103064e-01 2.041842186191064538e+06
8.905011591685945138e-01 2.014949288984404644e+06
8.967990505838379089e-01 1.988450512936841929e+06
9.031414825770128774e-01 1.962340648591635050e+06
9.095287701524522594e-01 1.936614526258811122e+06
9.159612305422938361e-01 1.911267016488713911e+06
9.224391832222362808e-01 1.886293030519173481e+06
9.289629499274063562e-01 1.861687520696697291e+06
9.355328546683381319e-01 1.837445480871861568e+06
9.421492237470657782e-01 1.813561946769290837e+06
9.488123857733281596e-01 1.790031996332485927e+06
9.555226716808922216e-01 1.766850750043825712e+06
9.622804147439870670e-01 1.744013371220128844e+06
9.690859505938573815e-01 1.721515066284077009e+06
9.759396172354327659e-01 1.699351085011842661e+06
9.828417550641149747e-01 1.677516720757358475e+06
9.897927068826842811e-01 1.656007310653535184e+06
9.967928179183249693e-01 1.634818235790822422e+06
1.003842435839772174e+00 1.613944921373553807e+06
1.010941910774576735e+00 1.593382836854410358e+06
1.018091595326499954e+00 1.573127496047439286e+06
1.025291844593018586e+00 1.553174457220073324e+06
1.032543016182969842e+00 1.533519323164475150e+06
1.039845470234303182e+00 1.514157741248769918e+06
1.047199569431976229e+00 1.495085403448432218e+06
1.054605679025959475e+00 1.476298046358439373e+06
1.062064166849384650e+00 1.457791451186442981e+06
1.069575403336805675e+00 1.439561443727581063e+06
1.077139761542605045e+00 1.421603894321219297e+06
1.084757617159513465e+00 1.403914717790204799e+06
1.092429348537277800e+00 1.386489873362956569e+06
1.100155336701443387e+00 1.369325364578967448e+06
1.107935965372287113e+00 1.352417239178066840e+06
1.115771620983866175e+00 1.335761588973969221e+06
1.123662692703219834e+00 1.319354549712541513e+06
1.131609572449690182e+00 1.303192300915237051e+06
1.139612654914390566e+00 1.287271065708177397e+06
1.147672337579811908e+00 1.271587110637303209e+06
1.155789020739555140e+00 1.256136745470109629e+06
1.163963107518223294e+00 1.240916322984343627e+06
1.172195003891432386e+00 1.225922238744204864e+06
1.180485118705984604e+00 1.211150930864421418e+06
1.188833863700164750e+00 1.196598879762727069e+06
1.197241653524198979e+00 1.182262607901123120e+06
1.205708905760839666e+00 1.168138679516442353e+06
1.214236040946114148e+00 1.154223700340582756e+06
1.222823482590202016e+00 1.140514317310947226e+06
1.231471657198479397e+00 1.127007218271430349e+06
1.240180994292690686e+00 1.113699131664491026e+06
1.248951926432292581e+00 1.100586826214646455e+06
1.257784889235926462e+00 1.087667110603931127e+06
1.266680321403064857e+00 1.074936833139622584e+06
1.275638664735789352e+00 1.062392881414791336e+06
1.284660364160743917e+00 1.050032181961984839e+06
1.293745867751222800e+00 1.037851699900545063e+06
1.302895626749429603e+00 1.025848438577938941e+06
1.312110095588891800e+00 1.014019439205495175e+06
1.321389731917021804e+00 1.002361780489024241e+06
1.330734996617857435e+00 9.908725782546419650e+05
1.340146353834941406e+00 9.795489850702591939e+05
1.349624270994383757e+00 9.683881898631126387e+05
1.359169218828067294e+00 9.573874175337356282e+05
1.368781671397037325e+00 9.465439285667414078e+05
1.378462106115035501e+00 9.358550186388473958e+05
1.388211003772222174e+00 9.253180182244707830e+05
1.398028848559044635e+00 9.149302921993389027e+05
1.407916128090296093e+00 9.046892394424066879e+05
1.417873333429321425e+00 8.945922924365608487e+05
1.427900959112419654e+00 8.846369168683830649e+05
1.437999503173392091e+00 8.748206112274036277e+05
1.448169467168291424e+00 8.651409064051781315e+05
1.458411356200319808e+00 8.555953652945786016e+05
1.468725678944921231e+00 8.461815823896268848e+05
1.479112947675050194e+00 8.368971833862467902e+05
1.489573678286602032e+00 8.277398247842871351e+05
1.500108390324049523e+00 8.187071934911783319e+05
1.510717607006233365e+00 8.097970064275527839e+05
1.521401855252361823e+00 8.010070101351923076e+05
1.532161665708166476e+00 7.923349803876732476e+05
1.542997572772272008e+00 7.837787218039869331e+05
1.553910114622723659e+00 7.753360674655843759e+05
1.564899833243730276e+00 7.670048785370888654e+05
1.575967274452568567e+00 7.587830438911023084e+05
1.587112987926705410e+00 7.506684797373816837e+05
1.598337527231085797e+00 7.426591292567874771e+05
1.609641449845637728e+00 7.347529622403040994e+05
1.621025317192948956e+00 7.269479747335123830e+05
1.632489694666161784e+00 7.192421886868121801e+05
1.644035151657044169e+00 7.116336516117904102e+05
1.655662261584273542e+00 7.041204362440363038e+05
1.667371601921921132e+00 6.967006402127688052e+05
1.679163754228121253e+00 6.893723857176301535e+05
1.691039304173968860e+00 6.821338192129526287e+05
1.702998841572593847e+00 6.749831110998999793e+05
1.715042960408467820e+00 6.679184554267822532e+05
1.727172258866892740e+00 6.609380695979222655e+05
1.739387339363723139e+00 6.540401940914002480e+05
1.751688808575271983e+00 6.472230921860510716e+05
1.764077277468456328e+00 6.404850496980411699e+05
1.776553361331127956e+00 6.338243747273841873e+05
1.789117679802645577e+00 6.272393974147504196e+05
1.801770856904636453e+00 6.207284697089095134e+05
1.814513521072003366e+00 6.142899651451708050e+05
1.827346305184121444e+00 6.079222786351592513e+05
1.840269846596286785e+00 6.016238262682723580e+05
1.853284787171355585e+00 5.953930451251917984e+05
1.866391773311638191e+00 5.892283931037512375e+05
1.879591455990990756e+00 5.831283487575571053e+05
1.892884490787151375e+00 5.770914111476412509e+05
1.906271537914306924e+00 5.711160997075478081e+05
1.919753262255868842e+00 5.652009541221291292e+05
1.933330333397511813e+00 5.593445342204142362e+05
1.947003425660413400e+00 5.535454198828504886e+05
1.960773218134760354e+00 5.478022109632401261e+05
1.974640394713461644e+00 5.421135272256871685e+05
1.988605644126129945e+00 5.364780082968102070e+05
2.002669659973272065e+00 5.308943136335639283e+05
2.016833140760753817e+00 5.253611225068895146e+05
2.031096789934477176e+00 5.198771340014802408e+05
2.045461315915330758e+00 5.144410670319004566e+05
2.059927432134361691e+00 5.090516603752707015e+05
2.074495857068223259e+00 5.037076727207500953e+05
2.089167314274842369e+00 4.984078827359768911e+05
2.103942532429374346e+00 4.931510891506428597e+05
2.118822245360376222e+00 4.879361108573428937e+05
2.133807192086262017e+00 4.827617870297975023e+05
2.148898116852011153e+00 4.776269772585391183e+05
2.164095769166118455e+00 4.725305617041070946e+05
2.179400903837836800e+00 4.674714412677633809e+05
2.194814281014648039e+00 4.624485377797109541e+05
2.210336666220032775e+00 4.574607942047351971e+05
2.225968830391475528e+00 4.525071748651856324e+05
2.241711549918771418e+00 4.475866656811106950e+05
2.257565606682566450e+00 4.426982744273767457e+05
2.273531788093211770e+00 4.378410310074862209e+05
2.289610887129851502e+00 4.330139877437992836e+05
2.305803702379824571e+00 4.282162196837769588e+05
2.322111038078310319e+00 4.234468249218352139e+05
2.338533704148290759e+00 4.187049249362645787e+05
2.355072516240755753e+00 4.139896649407132645e+05
2.371728295775233697e+00 4.093002142495181761e+05
2.388501869980571790e+00 4.046357666562420782e+05
2.405394071936026279e+00 3.999955408245638828e+05
2.422405740612648462e+00 3.953787806906742044e+05
2.439537720914934926e+00 3.907847558762189583e+05
2.456790863722809526e+00 3.862127621107226587e+05
2.474166025933864699e+00 3.816621216623712098e+05
2.491664070505939854e+00 3.771321837759101763e+05
2.509285866499961326e+00 3.726223251163415262e+05
2.527032289123124720e+00 3.681319502169855405e+05
2.544904219772343712e+00 3.636604919304005452e+05
2.562902546078045241e+00 3.592074118805197650e+05
2.581028161948235589e+00 3.547722009143016767e+05
2.599281967612915967e+00 3.503543795510558994e+05
2.617664869668775207e+00 3.459534984275377356e+05
2.636177781124234620e+00 3.415691387367655989e+05
2.654821621444776181e+00 3.372009126584574697e+05
2.673597316598627316e+00 3.328484637788528344e+05
2.692505799102730357e+00 3.285114674976171809e+05
2.711548008069078364e+00 3.241896314194048755e+05
2.730724889251336940e+00 3.198826957276087487e+05
2.750037395091826209e+00 3.155904335376952658e+05
2.769486484768832746e+00 3.113126512274911511e+05
2.789073124244227930e+00 3.070491887416890822e+05
2.808798286311467329e+00 3.027999198677761015e+05
2.828662950643881846e+00 2.985647524805596913e+05
2.848668103843357446e+00 2.943436287523861392e+05
2.868814739489313315e+00 2.901365253261409234e+05
2.889103858188073026e+00 2.859434534480691073e+05
2.909536467622535483e+00 2.817644590574767208e+05
2.930113582602247302e+00 2.775996228303267853e+05
2.950836225113781186e+00 2.734490601738222176e+05
2.971705424371517523e+00 2.693129211690317607e+05
2.992722216868737295e+00 2.651913904587245779e+05
3.013887646429125766e+00 2.610846870775843272e+05
3.035202764258589259e+00 2.569930642221177404e+05
3.056668628997491144e+00 2.529168089576069324e+05
3.078286306773207581e+00 2.488562418596408679e+05
3.100056871253086044e+00 2.448117165878476226e+05
3.121981403697783541e+00 2.407836193896302429e+05
3.144060993014941907e+00 2.367723685319142824e+05
3.166296735813299179e+00 2.327784136590561538e+05
3.188689736457125168e+00 2.288022350753671490e+05
3.211241107121099336e+00 2.248443429508517729e+05
3.233951967845519970e+00 2.209052764491357375e+05
3.256823446591960103e+00 2.169856027767434134e+05
3.279856679299263167e+00 2.130859161532595463e+05
3.303052809939984957e+00 2.092068367021856830e+05
3.326412990577185536e+00 2.053490092627034755e+05
3.349938381421674549e+00 2.015131021228200407e+05
3.373630150889606050e+00 1.976998056748679373e+05
3.397489475660538716e+00 1.939098309946034569e+05
3.421517540735847351e+00 1.901439083456270746e+05
3.445715539497606006e+00 1.864027856112151640e+05
3.470084673767835248e+00 1.826872266561026045e+05
3.494626153868200635e+00 1.789980096211286727e+05
3.519341198680137062e+00 1.753359251541455742e+05
3.544231035705359467e+00 1.717017745809590560e+05
3.569296901126859378e+00 1.680963680205146957e+05
3.594540039870269155e+00 1.645205224489630782e+05
3.619961705665723617e+00 1.609750597176135343e+05
3.645563161110100037e+00 1.574608045302113460e+05
3.671345677729752843e+00 1.539785823853120091e+05
3.697310536043638240e+00 1.505292174899032689e+05
3.723459025626941976e+00 1.471135306507503265e+05
3.749792445175096578e+00 1.437323371502285008e+05
3.776312102568314177e+00 1.403864446137011400e+05
3.803019314936512796e+00 1.370766508757243573e+05
3.829915408724764436e+00 1.338037418525646208e+05
3.857001719759141967e+00 1.305684894286922063e+05
3.884279593313097134e+00 1.273716493650076154e+05
3.911750384174244477e+00 1.242139592366724974e+05
3.939415456711678143e+00 1.210961364084086526e+05
3.967276184943707040e+00 1.180188760551519808e+05
3.995333952606112238e+00 1.149828492358462972e+05
4.023590153220879095e+00 1.119887010280696995e+05
4.052046190165383699e+00 1.090370487310235767e+05
4.080703476742123748e+00 1.061284801441756135e+05
4.109563436248881096e+00 1.032635519286170456e+05
4.138627502049441631e+00 1.004427880578338081e+05
4.167897117644755234e+00 9.766667836429280578e+04
4.197373736744657080e+00 9.493567718777654227e+04
4.227058823340041904e+00 9.225020213098215754e+04
4.256953851775601372e+00 8.961063292741840996e+04
4.287060306823019751e+00 8.701731042608105054e+04
4.317379683754746900e+00 8.447053569684796093e+04
4.347913488418234884e+00 8.197056925994176709e+04
4.378663237310754575e+00 7.951763044219352014e+04
4.409630457654684754e+00 7.711189686221285956e+04
4.440816687473396307e+00 7.475350404590518156e+04
4.472223475667610693e+00 7.244254517315927660e+04
4.503852382092338402e+00 7.017907095580750320e+04
4.535704977634366308e+00 6.796308964636313613e+04
4.567782844290247724e+00 6.579456717633258086e+04
4.600087575244907079e+00 6.367342742229392024e+04
4.632620774950732212e+00 6.159955259728559759e+04
4.665384059207298151e+00 5.957278376445715548e+04
4.698379055241581170e+00 5.759292146934544144e+04
4.731607401788815004e+00 5.565972648661668063e+04
4.765070749173839104e+00 5.377292067656898143e+04
4.798770759393106822e+00 5.193218794626267481e+04
4.832709106197189186e+00 5.013717530968288338e+04
4.866887475173941269e+00 4.838749404097963270e+04
4.901307563832183689e+00 4.668272091449545405e+04
4.935971081686049367e+00 4.502239952500096842e+04
4.970879750339845415e+00 4.340604168134447536e+04
5.006035303573603379e+00 4.183312886653860915e+04
5.041439487429151711e+00 4.030311375718346244e+04
5.077094060296849953e+00 3.881542179508005938e+04
5.113000793002938416e+00 3.736945280383478530e+04
5.149161468897450966e+00 3.596458264335276908e+04
5.185577883942828592e+00 3.460016489514539717e+04
5.222251846803077413e+00 3.327553257157219923e+04
5.259185178933637239e+00 3.198999984228719040e+04
5.296379714671807903e+00 3.074286377141025514e+04
5.333837301327894131e+00 2.953340605919684822e+04
5.371559799276911740e+00 2.836089478231348039e+04
5.409549082051029245e+00 2.722458612713486218e+04
5.447807036432573469e+00 2.612372611087531914e+04
5.486335562547784761e+00 2.505755228574412831e+04
5.525136573961145992e+00 2.402529542173623122e+04
5.564211997770461160e+00 2.302618116409051436e+04
5.603563774702529088e+00 2.205943166189870317e+04
5.643193859209571173e+00 2.112426716476642468e+04
5.683104219566259552e+00 2.021990758489282598e+04
5.723296837967517980e+00 1.934557402234262918e+04
5.763773710626932001e+00 1.850049025171737230e+04
5.804536847875906957e+00 1.768388416881965532e+04
5.845588274263531225e+00 1.689498919626357747e+04
5.886930028657091363e+00 1.613304564733605912e+04
5.928564164343377740e+00 1.539730204766204588e+04
5.970492749130616339e+00 1.468701641449855742e+04
6.012717865451219446e+00 1.400145749361265371e+04
6.055241610465158963e+00 1.333990595381701678e+04
6.098066096164178163e+00 1.270165553923020525e+04
6.141193449476634925e+00 1.208601417924815723e+04
6.184625812373186093e+00 1.149230505601287223e+04
6.228365341973125524e+00 1.091986762884296149e+04
6.272414210651564126e+00 1.036805861463523615e+04
6.316774606147276927e+00 9.836252922644938735e+03
6.361448731671411672e+00 9.323844541280010162e+03
6.406438806016858223e+00 8.830247373604135646e+03
6.451747063668501703e+00 8.354896017123654019e+03
6.497375754914157753e+00 7.897246482112168451e+03
6.543327145956349788e+00 7.456776841222522307e+03
6.589603519024886502e+00 7.032987801444901379e+03
6.636207172490164119e+00 6.625403187598834847e+03
6.683140420977371043e+00 6.233570324535850887e+03
6.730405595481391501e+00 5.857060303102402941e+03
6.778005043482632885e+00 5.495468112745907092e+03
6.825941129063561874e+00 5.148412621490750098e+03
6.874216233026173128e+00 4.815536382006745953e+03
6.922832753010177420e+00 4.496505240733148639e+03
6.971793103612142772e+00 4.191007725700460469e+03
7.021099716505362132e+00 3.898754187988937247e+03
7.070755040560676719e+00 3.619475671907362539e+03
7.120761541968050778e+00 3.352922490223030309e+03
7.171121704359111781e+00 3.098862483410262939e+03
7.221838028930448239e+00 2.857078946184427423e+03
7.272913034567887181e+00 2.627368210841576456e+03
7.324349257971554117e+00 2.409536885380635795e+03
7.376149253781875359e+00 2.203398755226483900e+03
7.428315594706486280e+00 2.008771370688813931e+03
7.480850871647950484e+00 1.825472358024188225e+03
7.533757693832503044e+00 1.653315509860517523e+03
7.587038688939579778e+00 1.492106730304688199e+03
7.640696503232383918e+00 1.341639930496476154e+03
7.694733801689255692e+00 1.201692990617684018e+03
7.749153268136092620e+00 1.072023922988859340e+03
7.803957605379584272e+00 9.523673862067247455e+02
7.859149535341510173e+00 8.424317103715512758e+02
7.914731799193866379e+00 7.418965963293371715e+02
7.970707157495071193e+00 6.504116456038735805e+02
8.027078390327009316e+00 5.675958607332293013e+02
8.083848297433169350e+00 4.930382270736630517e+02
8.141019698357636614e+00 4.262994466762280013e+02
8.198595432585188192e+00 3.669148435958712753e+02
8.256578359682256618e+00 3.143984002647015927e+02
8.314971359439020659e+00 2.682478199916847075e+02
8.373777332012377173e+00 2.279504460615200401e+02
8.432999198069994762e+00 1.929898089465575595e+02
8.492639898935413711e+00 1.628525257287241743e+02
8.552702396734058965e+00 1.370352453956809029e+02
8.613189674540430829e+00 1.150513243997730797e+02
8.674104736526190962e+00 9.643693091854207466e+01
8.735450608109443849e+00 8.075631326787176079e+01
8.797230336104918891e+00 6.760602483431506471e+01
8.859446988875371076e+00 5.661796922365904550e+01
8.922103656483901801e+00 4.746120786695626492e+01
8.985203450847500051e+00 3.984255021105704486e+01
9.048749505891533929e+00 3.350601648825565348e+01
9.112744977705464322e+00 2.823131912465093407e+01
9.177193044699528457e+00 2.383154761559109147e+01
9.242096907762670455e+00 2.015026218093706234e+01
9.307459790421448886e+00 1.705820493958536943e+01
9.373284939000198435e+00 1.444982648669083503e+01
9.439575622782214737e+00 1.223980413438694193e+01
9.506335134172138268e+00 1.035969923801358128e+01
9.573566788859515952e+00 8.754868126292135955e+00
9.641273925983409043e+00 7.381706812168447485e+00
9.709459908298304853e+00 6.205276076301455390e+00
9.778128122341067652e+00 5.197322600692026562e+00
9.847281978599200514e+00 4.334685277938085335e+00
9.916924911680160548e+00 3.598055014046439570e+00
9.987060380482020605e+00 2.971042154746957653e+00
1.005769186836517193e+01 2.439498273999766820e+00
1.012882288332542657e+01 1.991037877040955584e+00
1.020045695816814479e+01 1.614709336214648294e+00
1.027259765068379416e+01 1.300771446498877326e+00
1.034524854382456027e+01 1.040540647575644018e+00
1.041841324588238393e+01 8.262827384034545641e-01
1.049209539066808539e+01 6.511307663156742365e-01
1.056629863769193101e+01 5.090171458348755618e-01
1.064102667234530664e+01 3.946128115469198505e-01
1.071628320608379603e+01 3.032694825427764695e-01
1.079207197661153650e+01 2.309632085652405797e-01
1.086839674806679490e+01 1.742386076699360686e-01
1.094526131120899137e+01 1.301538797196145625e-01
1.102266948360689192e+01 9.622700701257666522e-02
1.110062510982830020e+01 7.038367933697642354e-02
1.117913206163091111e+01 5.090749535562547057e-02
1.125819423815469555e+01 3.639294620754187498e-02
1.133781556611546826e+01 2.570160804584014844e-02
1.141799999999999926e+01 1.792187303212764565e-02
