5.336699231206309513e+00 1.271519484515156621e-45
5.857020818056667189e+00 4.709856012119229902e-46
6.428073117284322180e+00 1.869310708166121248e-46
7.054802310718643277e+00 7.841181104832550428e-47
7.742636826811271966e+00 4.022556548098815950e-47
8.497534359086444056e+00 2.085933093824495611e-47
9.326033468832198636e+00 1.117696304616964724e-47
1.023531021899026250e+01 6.489286419706567846e-48
1.123324032978027631e+01 3.637614088930337964e-48
1.232846739442066486e+01 2.161134167847044527e-48
1.353047774579807516e+01 1.436131315308387167e-48
1.484968262254465010e+01 1.058025326045469817e-48
1.629750834620644184e+01 7.808974200190230955e-49
1.788649529057435217e+01 6.089053530101578573e-49
1.963040650040271373e+01 4.938662862336887256e-49
2.154434690031884614e+01 4.194421678540413889e-49
2.364489412645408350e+01 3.606093468196220097e-49
2.595024211399737268e+01 3.181115404211954280e-49
2.848035868435801987e+01 2.900170092416240399e-49
3.125715849688236858e+01 2.711374086398125825e-49
3.430469286314919231e+01 2.608914914071455009e-49
3.764935806792469464e+01 2.559584210323246517e-49
4.132012400115338835e+01 2.516773762499880795e-49
4.534878508128584684e+01 2.564117404623745975e-49
4.977023564332111505e+01 2.565795680523017187e-49
5.462277217684342645e+01 2.647764998968518891e-49
5.994842503189411786e+01 2.757336413212576724e-49
6.579332246575683030e+01 2.865158849102528217e-49
7.220809018385467937e+01 2.985675364105464937e-49
7.924828983539177329e+01 3.136697602502159177e-49
8.697490026177834466e+01 3.301018791823214664e-49
9.545484566618341660e+01 3.509132574986697782e-49
1.047615752789665180e+02 3.758490968370728275e-49
1.149756995397736858e+02 4.058417961107668862e-49
1.261856883066021027e+02 4.379956025885995410e-49
1.384886371393873219e+02 4.729816372626201364e-49
1.519911082952934578e+02 5.100836857056223960e-49
1.668100537200059250e+02 5.504002537479217767e-49
1.830738280295369691e+02 5.942082236163562495e-49
2.009233002565048025e+02 6.424185039119635935e-49
2.205130739903045480e+02 7.000983009455648962e-49
2.420128264794383313e+02 7.644287054295113879e-49
2.656087782946686957e+02 8.348741568776923335e-49
2.915053062825178927e+02 9.114858310956848622e-49
3.199267137797384635e+02 9.938364189270090775e-49
3.511191734215134375e+02 1.084495812595948431e-48
3.853528593710531140e+02 1.180111403116560823e-48
4.229242874389498752e+02 1.254772896349578820e-48
4.641588833612781855e+02 1.333730111045172165e-48
5.094138014816380178e+02 1.466216267471994291e-48
5.590810182512228721e+02 1.609645960805305744e-48
6.135907273413175744e+02 1.742671317943643011e-48
6.734150657750827804e+02 1.882865445947984538e-48
7.390722033525782990e+02 2.036523714562683996e-48
8.111308307896872520e+02 2.189453925230804250e-48
8.902150854450392217e+02 2.359715795239932920e-48
9.770099572992256753e+02 2.571130265931701351e-48
1.072267222010324303e+03 2.795885096260871561e-48
1.176811952434999057e+03 3.025510040304397586e-48
1.291549665014884113e+03 3.351768652660205095e-48
1.417474162926806230e+03 3.704871377852615651e-48
1.555676143930472335e+03 4.056483651818528474e-48
1.707352647470692091e+03 4.457527551139269326e-48
1.873817422860385022e+03 4.917295566086316802e-48
2.056512308348653733e+03 5.413099180420254428e-48
2.257019719633921341e+03 5.906146173720898521e-48
2.477076355991711353e+03 6.350237612717903467e-48
2.718588242732942945e+03 6.871356215165435647e-48
2.983647240283340125e+03 7.636583478768018535e-48
3.274549162877731760e+03 8.360122295254466564e-48
3.593813663804629414e+03 8.993623573040403174e-48
3.944206059437659860e+03 9.749507873736048950e-48
4.328761281083061476e+03 1.063686308735735899e-47
4.750810162102798131e+03 1.162271092365378787e-47
5.214008287999689855e+03 1.279375090641079635e-47
5.722367659350220492e+03 1.398969183662322392e-47
6.280291441834259786e+03 1.521707973861029790e-47
6.892612104349702349e+03 1.678194087757800551e-47
7.564633275546290861e+03 1.844873130067504276e-47
8.302175681319751675e+03 2.008669466677406491e-47
9.111627561154895375e+03 2.235239595577238341e-47
1.000000000000000000e+04 2.492806250549159658e-47
