1.705881229155228884e-01 1.186382465020137807e-34
1.724731973328302304e-01 9.225564235350219794e-35
1.743791026585153059e-01 7.173996410940464124e-35
1.763060690833546384e-01 5.578653314989762923e-35
1.782543293418348551e-01 4.338080342692346972e-35
1.802241187402618960e-01 3.481552438287647220e-35
1.822156751851807810e-01 2.859433564605371505e-35
1.842292392121093192e-01 2.361100850863373368e-35
1.862650540145895650e-01 1.958725714591685641e-35
1.883233654735599616e-01 1.647954810088279872e-35
1.904044221870524189e-01 1.398310025698754127e-35
1.925084755002173798e-01 1.162916455558406254e-35
1.946357795356806475e-01 9.385833206468971309e-36
1.967865912242357518e-01 7.976729037417146780e-36
1.989611703358754313e-01 6.874735764887000152e-36
2.011597795111661480e-01 5.916561493317312082e-36
2.033826842929689627e-01 5.081263440115032500e-36
2.056301531585114084e-01 4.387841251745294280e-36
2.079024575518134965e-01 3.873063436994129762e-36
2.101998719164719642e-01 3.418678918936316955e-36
2.125226737288070100e-01 3.028270456097976068e-36
2.148711435313753748e-01 2.690124072616067329e-36
2.172455649668533495e-01 2.389736197933015805e-36
2.196462248122945937e-01 2.145629025698612356e-36
2.220734130137664852e-01 1.939684548359062078e-36
2.245274227213689411e-01 1.753507294168811618e-36
2.270085503246405956e-01 1.590592118010738280e-36
2.295170954883558878e-01 1.463159792773461731e-36
2.320533611887179160e-01 1.345936871525721600e-36
2.346176537499512493e-01 1.238105414787702988e-36
2.372102828812989173e-01 1.147812690806675394e-36
2.398315617144284595e-01 1.070777765193949080e-36
2.424818068412514516e-01 9.989130035040383294e-37
2.451613383521600298e-01 9.318714125416485887e-37
2.478704798746876048e-01 8.693292874015956796e-37
2.506095586125951513e-01 8.119709236428191053e-37
2.533789053853903184e-01 7.603246509764892131e-37
2.561788546682829959e-01 7.119633943158536392e-37
2.590097446325826946e-01 6.666782067301745078e-37
2.618719171865416251e-01 6.242734315800823845e-37
2.647657180166500535e-01 5.864147048471556352e-37
2.676914966293870712e-01 5.559808112671579182e-37
2.706496063934335505e-01 5.271263833294484170e-37
2.736404045823509490e-01 4.997694495403579875e-37
2.766642524177319040e-01 4.738322925827922691e-37
2.797215151128282229e-01 4.492412285319933952e-37
2.828125619166596549e-01 4.280617235702748283e-37
2.859377661586117725e-01 4.089580366331110788e-37
2.890975052935252365e-01 3.907069156566439618e-37
2.922921609472841076e-01 3.732703120317309711e-37
2.955221189629078649e-01 3.566118751957615736e-37
2.987877694471523515e-01 3.406968768516120486e-37
3.020895068176260856e-01 3.274032006042038963e-37
3.054277298504270988e-01 3.151151208510269829e-37
3.088028417283062987e-01 3.032882366626464851e-37
3.122152500893625171e-01 2.919052384713187657e-37
3.156653670762769037e-01 2.809494663710883356e-37
3.191536093860893319e-01 2.704048857347023602e-37
3.226803983205273063e-01 2.613784817149303370e-37
3.262461598368890936e-01 2.527354807771013044e-37
3.298513245994900145e-01 2.443782779077329856e-37
3.334963280316771139e-01 2.362974226235317634e-37
3.371816103684184829e-01 2.284837769402991589e-37
3.409076167094740040e-01 2.209356708928829484e-37
3.446747970731531274e-01 2.137289179576402234e-37
3.484836064506673936e-01 2.067572438019342426e-37
3.523345048610828645e-01 2.000129803354218002e-37
3.562279574068804577e-01 1.934887095950165115e-37
3.601644343301296236e-01 1.871772555859159054e-37
3.641444110692834690e-01 1.810981438550345973e-37
3.681683683166006027e-01 1.753125710988952920e-37
3.722367920762025273e-01 1.697118310053363342e-37
3.763501737227717414e-01 1.642900186943030603e-37
3.805090100608988224e-01 1.590414179299364540e-37
3.847138033850854844e-01 1.539604950939227155e-37
3.889650615404106615e-01 1.490297803334006425e-37
3.932632979838663334e-01 1.442353062817743139e-37
3.976090318463721962e-01 1.395950764448274496e-37
4.020027879954746752e-01 1.351041285936492268e-37
4.064450970987395495e-01 1.307576601404243532e-37
4.109364956878444053e-01 1.265510230025821642e-37
4.154775262233799116e-01 1.224379085236977350e-37
4.200687371603669118e-01 1.184166625929508592e-37
4.247106830144973255e-01 1.145274870236673792e-37
4.294039244291075752e-01 1.107660442098738822e-37
4.341490282428914216e-01 1.071281390062116083e-37
4.389465675583618109e-01 1.036097140490944222e-37
4.437971218110683957e-01 1.001189377355056624e-37
4.487012768395808870e-01 9.669633334214712972e-38
4.536596249562449001e-01 9.339073199634925769e-38
4.586727650187201188e-01 9.019813390392745209e-38
4.637413025023090496e-01 8.711467600520566125e-38
4.688658495730848585e-01 8.413662730068423158e-38
4.740470251618271735e-01 8.124586970670753837e-38
4.792854550387754542e-01 7.845028949715203503e-38
4.845817718892077575e-01 7.575090210005912439e-38
4.899366153898550014e-01 7.314439762750842397e-38
4.953506322861597755e-01 7.062758008114594925e-38
5.008244764703886354e-01 6.819736343337773814e-38
5.063588090606075953e-01 6.569813525060099860e-38
5.119542984805307562e-01 6.327626113323156457e-38
5.176116205402504500e-01 6.094366617451624980e-38
5.233314585178605594e-01 5.869705921736804690e-38
5.291145032419805050e-01 5.653327042881175041e-38
5.349614531751928359e-01 5.444350915326978636e-38
5.408730144984011945e-01 5.232745507985146871e-38
5.468499011961213130e-01 5.029364561026692229e-38
5.528928351427145893e-01 4.833888414621329782e-38
5.590025461895744563e-01 4.646009833146928865e-38
5.651797722532754253e-01 4.465433522297912897e-38
5.714252594046982381e-01 4.293376590048184705e-38
5.777397619591371214e-01 4.134150348880828243e-38
5.841240425674050218e-01 3.980829249120198488e-38
5.905788723079447022e-01 3.833194289835304690e-38
5.971050307799576906e-01 3.691034592069821404e-38
6.037033061975621839e-01 3.554147097626404855e-38
6.103744954849925630e-01 3.424154008037149129e-38
6.171194043728488454e-01 3.302509028713492391e-38
6.239388474954118413e-01 3.185185555069755124e-38
6.308336484890324503e-01 3.072030063208400721e-38
6.378046400916084213e-01 2.962894483253954970e-38
6.448526642431609002e-01 2.857636005595641225e-38
6.519785721875211992e-01 2.753138729357166448e-38
6.591832245751430008e-01 2.649195095334564356e-38
6.664674915670490973e-01 2.549175810978218356e-38
6.738322529399272121e-01 2.452932714061174294e-38
6.812783981923880017e-01 2.360323236161026614e-38
6.888068266523961203e-01 2.271210191468232267e-38
6.964184475858892220e-01 2.180871716023536277e-38
7.041141803065965599e-01 2.091265293382454270e-38
7.118949542870722791e-01 2.005340568715382718e-38
7.197617092709540643e-01 1.922946270499931014e-38
7.277153953864639035e-01 1.843937342572362984e-38
7.357569732611617397e-01 1.768174688754492582e-38
7.438874141379684390e-01 1.701074563553309191e-38
7.521076999924695139e-01 1.638366718932265025e-38
7.604188236515166954e-01 1.577970515353484756e-38
7.688217889131385707e-01 1.519800737253529021e-38
7.773176106677768260e-01 1.463775310427131467e-38
7.859073150208630842e-01 1.409815186225022448e-38
7.945919394167489935e-01 1.362288435788146451e-38
8.033725327640061087e-01 1.316936780492183041e-38
8.122501555621113312e-01 1.273094917530978847e-38
8.212258800295310079e-01 1.230712584728231238e-38
8.303007902332207868e-01 1.189741193175085101e-38
8.394759822195573262e-01 1.150266544590838949e-38
8.487525641467158488e-01 1.117651846508056212e-38
8.581316564185107465e-01 1.085961906722411789e-38
8.676143918197152249e-01 1.055170504604606951e-38
8.772019156528776396e-01 1.025252162986005020e-38
8.868953858766462917e-01 9.961821270784555727e-39
8.966959732456268872e-01 9.676045939173087335e-39
9.066048614517824289e-01 9.382116787072746460e-39
9.166232472673970788e-01 9.097116317927976702e-39
9.267523406896198690e-01 8.820773305224664258e-39
9.369933650866044683e-01 8.552824761493837908e-39
9.473475573452657672e-01 8.293015688034280422e-39
9.578161680206672690e-01 8.039960870250916006e-39
9.684004614870608263e-01 7.792121836085674037e-39
9.791017160905942651e-01 7.551922663338568872e-39
9.899212243037075476e-01 7.319127846401354450e-39
1.000860292881234015e+00 7.093509139338240077e-39
1.011920243018228360e+00 6.874845332099841559e-39
1.023102410509535654e+00 6.666368130702739996e-39
1.034408145911126731e+00 6.468355719979398341e-39
1.045838814703214936e+00 6.276224909856522504e-39
1.057395797455175535e+00 6.089800998023803166e-39
1.069080489992288108e+00 5.908914471387148568e-39
1.080894303564319925e+00 5.733400851932401762e-39
1.092838665015974708e+00 5.566131341719676318e-39
1.104915016959222784e+00 5.405804576615725777e-39
1.117124817947536375e+00 5.250095861290003159e-39
1.129469542652050906e+00 5.098872177504954038e-39
1.141950682039671205e+00 4.952004338478118910e-39
1.154569743553148786e+00 4.809366878521222844e-39
1.167328251293144881e+00 4.682694330683684829e-39
1.180227746202310080e+00 4.563642850677235578e-39
1.193269786251393683e+00 4.447618101413921270e-39
1.206455946627413622e+00 4.334543132158027942e-39
1.219787819923902727e+00 4.224342948547028402e-39
1.233267016333258193e+00 4.116944462853877316e-39
1.246895163841218235e+00 4.013087513732906025e-39
1.260673908423485035e+00 3.911966142339755914e-39
1.274604914244522158e+00 3.813392816987762096e-39
1.288689863858549112e+00 3.717303332271816244e-39
1.302930458412755010e+00 3.623635100627837220e-39
1.317328417852760447e+00 3.532114302259488194e-39
1.331885481130348214e+00 3.429581002786143848e-39
1.346603406413488857e+00 3.330024129498714370e-39
1.361483971298689255e+00 3.233357280097793926e-39
1.376528973025685776e+00 3.139496560445400649e-39
1.391740228694511305e+00 3.048360511755827098e-39
1.407119575484959695e+00 2.958794948875942843e-39
1.422668870878476710e+00 2.866259878751553499e-39
1.438389992882501689e+00 2.776618804105350097e-39
1.454284840257288769e+00 2.689781216443499348e-39
1.470355332745235888e+00 2.605659437887191844e-39
1.486603411302745092e+00 2.524168532646607957e-39
1.503031038334647906e+00 2.440312890944449833e-39
1.519640197931219294e+00 2.348076970904744566e-39
1.536432896107812640e+00 2.259327269774528799e-39
1.553411161047139721e+00 2.173932019775302893e-39
1.570577043344231205e+00 2.091764433523595105e-39
1.587932616254102314e+00 2.012702515788237998e-39
1.605479975942155413e+00 1.936628882362408460e-39
1.623221241737350828e+00 1.863430585782044897e-39
1.641158556388173428e+00 1.790105498904178275e-39
1.659294086321429162e+00 1.715699316665011682e-39
1.677630021903901314e+00 1.644385845977649055e-39
1.696168577706897329e+00 1.576036537513864492e-39
1.714911992773720195e+00 1.510528185130372695e-39
1.733862530890093456e+00 1.447742703778011141e-39
1.753022480857579390e+00 1.387566916642184823e-39
1.772394156770008777e+00 1.329892351130868401e-39
1.791979898292979545e+00 1.232333836070393628e-39
1.811782070946428957e+00 1.069675985190997836e-39
1.831803066390341517e+00 1.231420169180135792e-41
1.852045302713602348e+00 1.195837668451158308e-41
1.872511224726053580e+00 1.161283341849738886e-41
1.893203304253770591e+00 1.127727479771036828e-41
1.914124040437600538e+00 1.095768895372295642e-41
1.935275960035008902e+00 1.067461984642622617e-41
1.956661617725248048e+00 1.039886324086632820e-41
1.978283596417912849e+00 1.013023023376761168e-41
2.000144507564891150e+00 9.883946020360774701e-42
2.022246991475776134e+00 9.681559173425347599e-42
2.044593717636749464e+00 9.483316464441310500e-42
2.067187385033002034e+00 9.289133036711598070e-42
2.090030722474705449e+00 9.101849722752958663e-42
2.113126488926597268e+00 8.973841028634194073e-42
2.136477473841194907e+00 8.847632652722072641e-42
2.160086497495706581e+00 8.723199275286027627e-42
2.183956411332654834e+00 8.611059865293564625e-42
2.208090098304262838e+00 8.502672175864211675e-42
2.232490473220659410e+00 8.381333814039516987e-42
2.257160483101912973e+00 8.238703023499033989e-42
2.282103107533976605e+00 8.098499476982316272e-42
2.307321359028543739e+00 7.960681868446345558e-42
2.332818283386902891e+00 7.781220636354549009e-42
2.358596960067794068e+00 7.595867720520400976e-42
2.384660502559345474e+00 7.414930012147111584e-42
2.411012058755106047e+00 7.238302338587071462e-42
2.437654811334250216e+00 7.124501507008556444e-42
2.464591978145961537e+00 7.014733596766312320e-42
2.491826812598090690e+00 6.906656891741430512e-42
2.519362604050086496e+00 6.774192693339109310e-42
2.547202678210274573e+00 6.557727107395282812e-42
2.575350397537539138e+00 6.348178559690327126e-42
2.603809161647419490e+00 6.145326020087994104e-42
2.632582407722721118e+00 5.955520354151795636e-42
2.661673610928637412e+00 5.819825440612985931e-42
2.691086284832485021e+00 5.687222298819608431e-42
2.720823981828051075e+00 5.557640483592276099e-42
2.750890293564656641e+00 5.432546387674814197e-42
2.781288851380933291e+00 5.315646621524205343e-42
2.812023326743422480e+00 5.201262352591820133e-42
2.843097431689992849e+00 5.089339451374552930e-42
2.874514919278181591e+00 5.017909784553989997e-42
2.906279584038476749e+00 4.960892522414613739e-42
2.938395262432607957e+00 4.904523133258581677e-42
2.970865833316912230e+00 4.848794255465993421e-42
3.003695218410805001e+00 2.616238289361396973e-42
3.036887382770446120e+00 2.308504453294057649e-42
3.070446335267618565e+00 2.036967669401101046e-42
3.104376129073922463e+00 1.809037858435282770e-42
3.138680862150296402e+00 1.619153930635791794e-42
3.173364677741970397e+00 1.449200987623843228e-42
3.208431764878865167e+00 1.290375484701969646e-42
3.243886358881547416e+00 1.137525082183276409e-42
3.279732741872746882e+00 1.002780452617595832e-42
3.315975243294555064e+00 8.804198394170757508e-43
3.352618240431317176e+00 7.710367012377614331e-43
3.389666158938308360e+00 6.758153022142239858e-43
3.427123473376262552e+00 5.947109598309191992e-43
3.464994707751789083e+00 5.233399193303660898e-43
3.503284436063782703e+00 4.611837508951961593e-43
3.541997282855847917e+00 4.069220655966844968e-43
3.581137923774854404e+00 3.590446696095855666e-43
3.620711086135635526e+00 3.106314466093153571e-43
3.660721549491958715e+00 2.678230551652562513e-43
3.701174146213772165e+00 2.361433507540631980e-43
3.742073762070862841e+00 2.096856828719561258e-43
3.783425336822933360e+00 1.861923507948814931e-43
3.825233864816227403e+00 1.618703975240008128e-43
3.867504395586729871e+00 1.405944014586035659e-43
3.910242034470032380e+00 1.224211526010638802e-43
3.953451943217956455e+00 1.083626312635694648e-43
3.997139340621962855e+00 9.591855332901250015e-44
4.041309503143480697e+00 8.560090688873809346e-44
4.085967765551170139e+00 7.751983058179774709e-44
4.131119521565259411e+00 7.020164098543246740e-44
4.176770224508968177e+00 6.357431846870763223e-44
4.222925387967165101e+00 5.759519088817257079e-44
4.269590586452269854e+00 5.217852775752884018e-44
4.316771456077544755e+00 4.727128631676000356e-44
4.364473695237792938e+00 4.292559083066104906e-44
4.412703065297615801e+00 3.901404511296685045e-44
4.461465391287249282e+00 3.545893455680531811e-44
4.510766562606089103e+00 3.216347318908778864e-44
4.560612533734015095e+00 2.911991108225881184e-44
4.611009324950543053e+00 2.636435488336442202e-44
4.661963023061955091e+00 2.385245525525467119e-44
4.713479782136434260e+00 2.154537115609643902e-44
4.765565824247355309e+00 1.946143544915345938e-44
4.818227440224753799e+00 1.759506234529343059e-44
4.871470990415138758e+00 1.603700026238743582e-44
4.925302905449655100e+00 1.461690628704219004e-44
4.979729687020788553e+00 1.332256319189978284e-44
5.034757908667597981e+00 1.243582234648446405e-44
5.090394216569671393e+00 1.165711701140932354e-44
5.146645330349831404e+00 1.092717258510077727e-44
5.203518043885702049e+00 1.024293576085004759e-44
5.261019226130281723e+00 9.590317107867803477e-45
5.319155821941533802e+00 8.875870228500921548e-45
5.377934852921193887e+00 8.214647276736707989e-45
5.437363418262799897e+00 7.602683246147001403e-45
5.497448695609135960e+00 7.036308510157345257e-45
5.558197941919115870e+00 6.506187767622623189e-45
5.619618494344273962e+00 6.014800421248029885e-45
5.681717771114915827e+00 5.560525671804328085e-45
5.744503272436091379e+00 5.140560547540146985e-45
5.807982581393431154e+00 4.777768613471948761e-45
5.872163364869036783e+00 4.501810670797541846e-45
5.937053374467454070e+00 4.241791713931286573e-45
6.002660447451888537e+00 3.996791126977538883e-45
6.068992507690794902e+00 3.765941467663702772e-45
6.136057566614873338e+00 3.548425396098757949e-45
6.203863724184700779e+00 3.390006611422027079e-45
6.272419169868998168e+00 3.241217515759556056e-45
6.341732183633759234e+00 3.098958848360400629e-45
6.411811136942263012e+00 2.962943985442673558e-45
6.482664493766184144e+00 2.832898883286472703e-45
6.554300811607822297e+00 2.712726881693721116e-45
6.626728742533686933e+00 2.623156438554795328e-45
6.699957034219455210e+00 2.536543486027343941e-45
6.773994531006494846e+00 2.452790371912601035e-45
6.848850174970078086e+00 2.371802668350666464e-45
6.924533006999364027e+00 2.293489065357351223e-45
7.001052167889358024e+00 2.215049824013681224e-45
7.078416899444892607e+00 2.130188713756294227e-45
7.156636545596855470e+00 2.048578730383783253e-45
7.235720553530700982e+00 1.970095319480172796e-45
7.315678474827487676e+00 1.894618698452737100e-45
7.396519966617464803e+00 1.822033673717850566e-45
7.478254792746470869e+00 1.752229464890678205e-45
7.560892824955155689e+00 1.672080326481238598e-45
7.644444044071291522e+00 1.594293571914875250e-45
7.728918541215225702e+00 1.520125530570706477e-45
7.814326519018649719e+00 1.449407856494960773e-45
7.900678292856875728e+00 1.381980035346562565e-45
7.987984292094670202e+00 1.317689020063019373e-45
8.076255061345925412e+00 1.258472938503015177e-45
8.165501261747174055e+00 1.202610488784979926e-45
8.255733672245256116e+00 1.149227721540063119e-45
8.346963190899135299e+00 1.098214565956860784e-45
8.439200836196178557e+00 1.049465837165477118e-45
8.532457748382906715e+00 1.002881019355100487e-45
8.626745190810522601e+00 9.503844576913129374e-46
8.722074551295243339e+00 8.964782780313049479e-46
8.818457343493712131e+00 8.456296780507700375e-46
8.915905208293587236e+00 7.976652306295792460e-46
9.014429915219485778e+00 7.524213455019482620e-46
9.114043363854507973e+00 7.097437113062226005e-46
9.214757585277411067e+00 6.694867692817442793e-46
9.316584743515724298e+00 6.371197082181813515e-46
9.419537137014852846e+00 6.074675148190086792e-46
9.523627200123506498e+00 5.791953643882773479e-46
9.628867504595437055e+00 5.522390283352261196e-46
9.735270761107871706e+00 5.265372673324732071e-46
9.842849820796640614e+00 5.071065352473088027e-46
9.951617676808343305e+00 4.904222060944742265e-46
1.006158746586959118e+01 4.742868086156209043e-46
1.017277246987366901e+01 4.586822823913013129e-46
1.028518611748466860e+01 4.435911612085350273e-46
1.039884198575936658e+01 4.289710668385113329e-46
1.051375380178705221e+01 4.147085461452857011e-46
1.062993544434742255e+01 4.009202287544503082e-46
1.074740094558686998e+01 3.875903482543845318e-46
1.086616449271319951e+01 3.747036624384533647e-46
1.098624042970918424e+01 3.623249373288057767e-46
1.110764325906493966e+01 3.505352795836917601e-46
1.123038764352955532e+01 3.391292444254570689e-46
1.135448840788197700e+01 3.280943491940947330e-46
1.147996054072156014e+01 3.174185174017221262e-46
1.160681919627830005e+01 3.070900655161983313e-46
1.173507969624318115e+01 2.953207497107854335e-46
1.186475753161865931e+01 2.837112431582909378e-46
1.199586836458962935e+01 2.725581239152751345e-46
1.212842803041509221e+01 2.618434507044397164e-46
1.226245253934066426e+01 2.515499875473199167e-46
1.239795807853229981e+01 2.416611760379000604e-46
1.253496101403129259e+01 2.319481079954707377e-46
1.267347789273097192e+01 2.226238100054029903e-46
1.281352544437515917e+01 2.136743481532962709e-46
1.295512058357878615e+01 2.050846540521754981e-46
1.309828041187075343e+01 1.968402650631994266e-46
1.324302221975947269e+01 1.889329791513672590e-46
1.338936348882111282e+01 1.813798329292310442e-46
1.353732189381103090e+01 1.741286457303909046e-46
1.368691530479847351e+01 1.671673458632539432e-46
1.383816178932485563e+01 1.604843442372620904e-46
1.399107961458596527e+01 1.540685150695203368e-46
1.414568724963818092e+01 1.480283909168728692e-46
1.430200336762916891e+01 1.425385384016335314e-46
1.446004684805313367e+01 1.372522852125284273e-46
1.461983677903109324e+01 1.321620805664515830e-46
1.478139245961623871e+01 1.272606537122987142e-46
1.494473340212488743e+01 1.225410035455560572e-46
1.510987933449307619e+01 1.184193860009485332e-46
1.527685020265931826e+01 1.150350737335740646e-46
1.544566617297355648e+01 1.117474818589485521e-46
1.561634763463287534e+01 1.085538462011820394e-46
1.578891520214402711e+01 1.054514815818755505e-46
1.596338971781317895e+01 1.024377795624486200e-46
1.613979225426326636e+01 9.959874667122629474e-47
1.631814411697900979e+01 9.690930202276720565e-47
1.649846684688023046e+01 9.429247989978025307e-47
1.668078222292342616e+01 9.174631929101767410e-47
1.686511226473225733e+01 8.926891213801706539e-47
1.705147923525696285e+01 8.685840190523403850e-47
1.723990564346328824e+01 8.449945993302320518e-47
1.743041424705100084e+01 8.219869618377452487e-47
1.762302805520254623e+01 7.996057796899497934e-47
1.781777033136208743e+01 7.778339956683756427e-47
1.801466459604511172e+01 7.566550169910498016e-47
1.821373462967923018e+01 7.360527026666739183e-47
1.841500447547638686e+01 7.162877174908804444e-47
1.861849844233662310e+01 6.971074041682804831e-47
1.882424110778412896e+01 6.784406895158376102e-47
1.903225732093560651e+01 6.602738207032641717e-47
1.924257220550159531e+01 6.425934131651298934e-47
1.945521116282070651e+01 6.253864407396911126e-47
1.967019987492763278e+01 6.156983855995555766e-47
1.988756430765491956e+01 6.063371251091193009e-47
2.010733071376914083e+01 5.971181959939560760e-47
2.032952563614152197e+01 5.880394342056892284e-47
2.055417591095379137e+01 5.790987085988033492e-47
2.078130867093944190e+01 5.707602973661132340e-47
2.101095134866065450e+01 5.658771861831361848e-47
2.124313167982160167e+01 5.610358522137028724e-47
2.147787770661826201e+01 5.562359380349518752e-47
2.171521778112539991e+01 5.514770892819351498e-47
2.195518056872069224e+01 5.467589546214564754e-47
2.219779505154699706e+01 5.419454244576012409e-47
2.244309053201266480e+01 5.368102275342011778e-47
2.269109663633073026e+01 5.317236891034228466e-47
2.294184331809695720e+01 5.266853481023605843e-47
2.319536086190764479e+01 5.216947478368694514e-47
2.345167988701728490e+01 5.167514359402386732e-47
2.371083135103679851e+01 5.120535448422295117e-47
2.397284655367235118e+01 5.076726963448116312e-47
2.423775714050574592e+01 5.033293279776470523e-47
2.450559510681658182e+01 4.990231190813555425e-47
2.477639280144640566e+01 4.947537517399423316e-47
2.505018293070584079e+01 4.905209107573267448e-47
2.532699856232471802e+01 4.860048924320723665e-47
2.560687312944602922e+01 4.812880456279365088e-47
2.588984043466374629e+01 4.766169774653664402e-47
2.617593465410552511e+01 4.719912436467122836e-47
2.646519034156035843e+01 4.674104041863640454e-47
2.675764243265201969e+01 4.628740233689257580e-47
2.705332624905832972e+01 4.587616588940681635e-47
2.735227750277732284e+01 4.548367464619938387e-47
2.765453230044052901e+01 4.509454134219649739e-47
2.796012714767368834e+01 4.470873724871721972e-47
2.826909895350592805e+01 4.432623388286738233e-47
2.858148503482748026e+01 4.394700300543753833e-47
2.889732312089686062e+01 4.371080884040087170e-47
2.921665135789753265e+01 4.349812055749710139e-47
2.953950831354523388e+01 4.328646717435647017e-47
2.986593298174603461e+01 4.307584365535756991e-47
3.019596478730606393e+01 4.286624498938205682e-47
3.052964359069294176e+01 4.266212638122359161e-47
3.086700969285016427e+01 4.283099703702191386e-47
3.120810384006450278e+01 4.300053613813247919e-47
3.155296722888736127e+01 4.317074633048055146e-47
3.190164151111021340e+01 4.334163027046484593e-47
3.225416879879529830e+01 4.351319062499896089e-47
3.261059166936192355e+01 4.369543427234291792e-47
3.297095317072866294e+01 4.392962138934449890e-47
3.333529682651271031e+01 4.416506363990211101e-47
3.370366664128650314e+01 4.440176775094390451e-47
3.407610710589263903e+01 4.463974048545334392e-47
3.445266320281712780e+01 4.487898864265964210e-47
3.483338041162244991e+01 4.508961147004482246e-47
3.521830471444039290e+01 4.523653764668256387e-47
3.560748260152578837e+01 4.538394258773285635e-47
3.600096107687130598e+01 4.553182785326809750e-47
3.639878766388457620e+01 4.568019500844349795e-47
3.680101041112806826e+01 4.582904562351436967e-47
3.720767789812207127e+01 4.597838127385278224e-47
3.761883924121215728e+01 4.612820353996419003e-47
3.803454409950126092e+01 4.627851400750420509e-47
3.845484268084754120e+01 4.642931426729610918e-47
3.887978574792814612e+01 4.658060591534464157e-47
3.930942462437035800e+01 4.673239055285749767e-47
3.974381120095026176e+01 4.702706913484934047e-47
4.018299794186015816e+01 4.741120785649590247e-47
4.062703789104482155e+01 4.779848439983154298e-47
4.107598467860817237e+01 4.818892439602488826e-47
4.152989252729052794e+01 4.858255368561486045e-47
4.198881625901767478e+01 4.897939832021463634e-47
4.245281130152184090e+01 4.933502012329480376e-47
4.292193369503629441e+01 4.968021807377597301e-47
4.339624009906387414e+01 5.002783138001696235e-47
4.387578779921990701e+01 5.037787694230193343e-47
4.436063471415123161e+01 5.073037177916658305e-47
4.485083940253137058e+01 5.108533302822558052e-47
4.534646107013329441e+01 5.152055568036174951e-47
4.584755957697989714e+01 5.196556244131009317e-47
4.635419544457391083e+01 5.241441293054658242e-47
4.686642986320747895e+01 5.286714034812307790e-47
4.738432469935273872e+01 5.332377818085295297e-47
4.790794250313366121e+01 5.378230937459606517e-47
4.843734651588080453e+01 5.422162800428053598e-47
4.897260067776965542e+01 5.466453519051142987e-47
4.951376963554281474e+01 5.511106024626757838e-47
5.006091875031813743e+01 5.556123272397238602e-47
5.061411410548276280e+01 5.601508241744345232e-47
5.117342251467471215e+01 5.647263936387160733e-47
5.173891152985219577e+01 5.693393384580250448e-47
5.231064944945256912e+01 5.739899639314448617e-47
5.288870532664115842e+01 5.786785778518823417e-47
5.347314897765156161e+01 5.834054905264284306e-47
5.406405099021755234e+01 5.881710147969338235e-47
5.466148273209866915e+01 5.930828513548635312e-47
5.526551635970001541e+01 5.982055810143193380e-47
5.587622482678681024e+01 6.033725580484951089e-47
5.649368189329578627e+01 6.085841646423389936e-47
5.711796213424362634e+01 6.138407862819066933e-47
5.774914094873421533e+01 6.191428117828843593e-47
5.838729456906477822e+01 6.243328927684974515e-47
5.903250006993332022e+01 6.294327308771145285e-47
5.968483537774736192e+01 6.345742268080814827e-47
6.034437928003597307e+01 6.397577208416436093e-47
6.101121143496519750e+01 6.449835560376011920e-47
6.168541238095918544e+01 6.502520782580564701e-47
6.236706354642733885e+01 6.557761365830293611e-47
6.305624725959928867e+01 6.614403770127820767e-47
6.375304675846793145e+01 6.671535420951048823e-47
6.445754620084289854e+01 6.729160544147592643e-47
6.516983067451512568e+01 6.787283402065328927e-47
6.588998620753321234e+01 6.845908293868327034e-47
6.661809977859387288e+01 6.902308186467654070e-47
6.735425932754695566e+01 6.958689413108789899e-47
6.809855376601687738e+01 7.015531187530823346e-47
6.885107298814067178e+01 7.072837271699654815e-47
6.961190788142559427e+01 7.130611458310648067e-47
7.038115033772605500e+01 7.188893901988194520e-47
7.115889326434242435e+01 7.256048346787318820e-47
7.194523059524173902e+01 7.323830109156818772e-47
7.274025730240305165e+01 7.392245049130637822e-47
7.354406940728810582e+01 7.461299081484092695e-47
7.435676399243816093e+01 7.530998176244513604e-47
7.517843921319968103e+01 7.600508377827017823e-47
7.600919430957921463e+01 7.666157468177826931e-47
7.684912961822955424e+01 7.732373599948590406e-47
7.769834658456784382e+01 7.799161670937257543e-47
7.855694777502810666e+01 7.866526621246192343e-47
7.942503688944891849e+01 7.934473433647823311e-47
8.030271877359825794e+01 8.003007133952693972e-47
8.119009943183611711e+01 8.072132791381972560e-47
8.208728603991778527e+01 8.141855518941896685e-47
8.299438695793806176e+01 8.212180473802228925e-47
8.391151174341914043e+01 8.283112857677174395e-47
8.483877116454213763e+01 8.354657917210946136e-47
8.577627721352571655e+01 8.433217067087455123e-47
8.672414312015250459e+01 8.519917879561116341e-47
8.768248336544414201e+01 8.607510051858982584e-47
8.865141369548845773e+01 8.696002747936106126e-47
8.963105113541878666e+01 8.785405225960976271e-47
9.062151400354835573e+01 8.875726839283686354e-47
9.162292192565993787e+01 8.957924851791787297e-47
9.263539584945441163e+01 9.035298573221463467e-47
9.365905805915824089e+01 9.113340607108204279e-47
9.469403219029312879e+01 9.192056725974408006e-47
9.574044324460786015e+01 9.271452752202410921e-47
9.679841760517595617e+01 9.351534558465145227e-47
9.786808305166026400e+01 9.440803736451487929e-47
9.894956877574527709e+01 9.533427667226011961e-47
1.000430053967410657e+02 9.626960333399727056e-47
1.011485249773586190e+02 9.721410650595555756e-47
1.022662610396612592e+02 9.816787621907315873e-47
1.033963485811896277e+02 9.913100338758850532e-47
1.045389240912673046e+02 1.000819666533213858e-46
1.056941255674854006e+02 1.010403704128502140e-46
1.068620925323696156e+02 1.020079520272629798e-46
1.080429660502314704e+02 1.029847993854230743e-46
1.092368887442056575e+02 1.039710012178391446e-46
1.104440048134755443e+02 1.049686623275581578e-46
1.116644600506901384e+02 1.059985121564856228e-46
1.128984018595711518e+02 1.070384658644833483e-46
1.141459792727170708e+02 1.080886225809251340e-46
1.154073429696026523e+02 1.091490824077504729e-46
1.166826452947777142e+02 1.102199464289993961e-46
1.179720402762669096e+02 1.113013167204496879e-46
1.192756836441726165e+02 1.123932963593485923e-46
1.205937328494846525e+02 1.134959894342310001e-46
1.219263470830953793e+02 1.146095010548521597e-46
1.232736872950273863e+02 1.157339373621995943e-46
1.246359162138723491e+02 1.168694055386123861e-46
1.260131983664451099e+02 1.180589469836003286e-46
1.274057000976547300e+02 1.193281942179398529e-46
1.288135895905950576e+02 1.206110870808661067e-46
1.302370368868585331e+02 1.219077722760113675e-46
1.316762139070717978e+02 1.232183980842130491e-46
1.331312944716609081e+02 1.245431143804722354e-46
1.346024543218447320e+02 1.257862903556195569e-46
1.360898711408605948e+02 1.269613123558520217e-46
1.375937245754243463e+02 1.281473107247899123e-46
1.391141962574277500e+02 1.293443879972537962e-46
1.406514698258752674e+02 1.305526476658845769e-46
1.422057309490645594e+02 1.317721941900909844e-46
1.437771673470096232e+02 1.330247720954450322e-46
1.453659688141140407e+02 1.342986423634860250e-46
1.469723272420937406e+02 1.355847114531016710e-46
1.485964366431532540e+02 1.368830961825068093e-46
1.502384931734180213e+02 1.381939144885827744e-46
1.518986951566253651e+02 1.395172854376057185e-46
1.535772431080787328e+02 1.409652341481891788e-46
1.552743397588637322e+02 1.424476084566662233e-46
1.569901900803346848e+02 1.439455712441327191e-46
1.587250013088703042e+02 1.454592864372493174e-46
1.604789829709031324e+02 1.469889196865177681e-46
1.622523469082258032e+02 1.485349161292118910e-46
1.640453073035766636e+02 1.501318093449886275e-46
1.658580807065079910e+02 1.517458706987992750e-46
1.676908860595416968e+02 1.533772847646358098e-46
1.695439447246106113e+02 1.550262381008455898e-46
1.714174805097954106e+02 1.566929192714551586e-46
1.733117196963554534e+02 1.583595572864503914e-46
1.752268910660582151e+02 1.599504240651304604e-46
1.771632259288112721e+02 1.615572725575213511e-46
1.791209581505989092e+02 1.631802633145680832e-46
1.811003241817292633e+02 1.648195585001048465e-46
1.831015630853902678e+02 1.664753219070474229e-46
1.851249165665244050e+02 1.681477189737614471e-46
1.871706290010210125e+02 1.698369168005952086e-46
1.892389474652313197e+02 1.715430841665647024e-46
1.913301217658099063e+02 1.732663915462340054e-46
1.934444044698856260e+02 1.750070111267375959e-46
1.955820509355657464e+02 1.767651168249902771e-46
1.977433193427790741e+02 1.786191551709182998e-46
1.999284707244559343e+02 1.805814828114598826e-46
2.021377689980566856e+02 1.825653687768330164e-46
2.043714809974466959e+02 1.845710499089246190e-46
2.066298765051239457e+02 1.865987656515810944e-46
2.089132282848025284e+02 1.886487580792054598e-46
2.112218121143562826e+02 1.906102835860498740e-46
2.135559068191280403e+02 1.925251384456357882e-46
2.159157943056031286e+02 1.944592297759141705e-46
2.183017595954589467e+02 1.964127508248435277e-46
2.207140908599888292e+02 1.983858967817446277e-46
2.231530794549067878e+02 2.003788647967905554e-46
2.256190199555366007e+02 2.024285721062607398e-46
2.281122101923896253e+02 2.045097140393865103e-46
2.306329512871378142e+02 2.066122519231996513e-46
2.331815476889798049e+02 2.087364057266914304e-46
2.357583072114133529e+02 2.108823976803393390e-46
2.383635410694118377e+02 2.130504522993299857e-46
2.409975639170122008e+02 2.153811676342943823e-46
2.436606938853179543e+02 2.177473663664283746e-46
2.463532526209225182e+02 2.201395603910116398e-46
2.490755653247562407e+02 2.225580352948851823e-46
2.518279607913655127e+02 2.250030798023787346e-46
2.546107714486207669e+02 2.274655835680914253e-46
2.574243333978683950e+02 2.298575856754309521e-46
2.602689864545236560e+02 2.322747418038431391e-46
2.631450741891129042e+02 2.347173164701341995e-46
2.660529439687692275e+02 2.371855769727502587e-46
2.689929469991860174e+02 2.396797934210175136e-46
2.719654383670369384e+02 2.421865343912783378e-46
2.749707770828593425e+02 2.446764227855684745e-46
2.780093261244166456e+02 2.471919093999726876e-46
2.810814524805377346e+02 2.497332574064767520e-46
2.841875271954406799e+02 2.523007326827035413e-46
2.873279254135467795e+02 2.548946038397292443e-46
2.905030264247894820e+02 2.575627800057849459e-46
2.937132137104238154e+02 2.603318276260094028e-46
2.969588749893443946e+02 2.631306451715425294e-46
3.002404022649097897e+02 2.659595526977197819e-46
3.035581918722901946e+02 2.688188737007662760e-46
3.069126445263352707e+02 2.717089351548156766e-46
3.103041653699713152e+02 2.746653398610829768e-46
3.137331640231338383e+02 2.776828403513994437e-46
3.172000546322395849e+02 2.807334913994543172e-46
3.207052559202087423e+02 2.838176572005508348e-46
3.242491912370336991e+02 2.869357059510640769e-46
3.278322886109125989e+02 2.900880098924152043e-46
3.314549807999449627e+02 2.931303571023038462e-46
3.351177053443993259e+02 2.961439923401076599e-46
3.388209046195582346e+02 2.991886103714977355e-46
3.425650258891465114e+02 3.022645297265525681e-46
3.463505213593537633e+02 3.053720722101367169e-46
3.501778482334463547e+02 3.085115629355290846e-46
3.540474687669902210e+02 3.117457589172683079e-46
3.579598503236803708e+02 3.150240417264222006e-46
3.619154654317879363e+02 3.183367985833145334e-46
3.659147918412309082e+02 3.216843920131006125e-46
3.699583125812758340e+02 3.250671883532037541e-46
3.740465160188762184e+02 3.284867391599995105e-46
3.781798959176591666e+02 3.320182875589019471e-46
3.823589514975566317e+02 3.355878034998959470e-46
3.865841874951029240e+02 3.391956951705669577e-46
3.908561142243949007e+02 3.428423751469258785e-46
3.951752476387267166e+02 3.465282604405671865e-46
3.995421093929050471e+02 3.502537725463610758e-46
4.039572269062528562e+02 3.540193374906586842e-46
4.084211334263129061e+02 3.578253858799870319e-46
4.129343680932474285e+02 3.616723529503246845e-46
4.174974760049573206e+02 3.655606786168498598e-46
4.221110082829171688e+02 3.694908075242582121e-46
4.267755221387381539e+02 3.735195656189889109e-46
4.314915809414669638e+02 3.777109392074577331e-46
4.362597542856280484e+02 3.819493454394009815e-46
4.410806180600171729e+02 3.862353120820176811e-46
4.459547545172594027e+02 3.905693728247578166e-46
4.508827523441267431e+02 3.949520673457586989e-46
4.558652067326421502e+02 3.992504374713967001e-46
4.609027194519642876e+02 4.034489094899203567e-46
4.659958989210680897e+02 4.076915321608565904e-46
4.711453602822278981e+02 4.119787697674253830e-46
4.763517254753119801e+02 4.163110914751962744e-46
4.816156233129029829e+02 4.206889713834303386e-46
4.869376895562386380e+02 4.251755377497310160e-46
4.923185669920011946e+02 4.297465837330012139e-46
4.977589055099508641e+02 4.343667728572167838e-46
5.032593621814178846e+02 4.390366334584179098e-46
5.088206013386622431e+02 4.437566995527584448e-46
5.144432946551099803e+02 4.485275108975867500e-46
5.201281212264751730e+02 4.537653219554119563e-46
5.258757676527842477e+02 4.591774955547600869e-46
5.316869281212950682e+02 4.646542215155431189e-46
5.375623044903435357e+02 4.701962697700794888e-46
5.435026063741115649e+02 4.758044194338568614e-46
5.495085512283326352e+02 4.814794589150936813e-46
5.555808644369441254e+02 4.863680438419249699e-46
5.617202793996965511e+02 4.912540562583408640e-46
5.679275376207363024e+02 4.961891531440915712e-46
5.742033887981560838e+02 5.011738275976231273e-46
5.805485909145462529e+02 5.062085776710152218e-46
5.869639103285409192e+02 5.113054619275922019e-46
5.934501218673768790e+02 5.165621271620591225e-46
6.000080089204757314e+02 5.218728354910148207e-46
6.066383635340581577e+02 5.272381425244976328e-46
6.133419865068109402e+02 5.326586095847261395e-46
6.201196874865973996e+02 5.381348037648003241e-46
6.269722850682503577e+02 5.438263567806706380e-46
6.339006068924384181e+02 5.500567328448059508e-46
6.409054897456269373e+02 5.563584875492307325e-46
6.479877796611424401e+02 5.627324386471972442e-46
6.551483320213553725e+02 5.691794132605921221e-46
6.623880116609889228e+02 5.757002479872686891e-46
6.697076929715780125e+02 5.818008125321601523e-46
6.771082600070676563e+02 5.872356556501635111e-46
6.845906065905921878e+02 5.927212678958151578e-46
6.921556364224284152e+02 5.982581235246301685e-46
6.998042631891415795e+02 6.038467012223413241e-46
7.075374106739388935e+02 6.094874841462837963e-46
7.153560128682405548e+02 6.149869443053861209e-46
7.232610140844900570e+02 6.203824324528430499e-46
7.312533690701981186e+02 6.258252570398985739e-46
7.393340431232603578e+02 6.313158333651437052e-46
7.475040122085422354e+02 6.368545803706828269e-46
7.557642630757537745e+02 6.424419206741826880e-46
7.641157933786271315e+02 6.480782806010354358e-46
7.725596117954103192e+02 6.537640902169722719e-46
7.810967381506922038e+02 6.613745403127943653e-46
7.897282035385801464e+02 6.693531445052265155e-46
7.984550504472240391e+02 6.774279999456076482e-46
8.072783328847316398e+02 6.856002677772180946e-46
8.161991165064680445e+02 6.938711231509981766e-46
8.252184787437626028e+02 7.022417553945100725e-46
8.343375089340386239e+02 7.107133681830056286e-46
8.435573084523796297e+02 7.192871797124431420e-46
8.528789908445571655e+02 7.279644228746947219e-46
8.623036819615124386e+02 7.367463454348684653e-46
8.718325200953405556e+02 7.456342102106635360e-46
8.814666561167692862e+02 7.546292952540070679e-46
8.912072536141581622e+02 7.637328940348100050e-46
9.010554890340341672e+02 7.729463156270154998e-46
9.110125518231784554e+02 7.822708848967646932e-46
9.210796445722921817e+02 7.917079426929592886e-46
9.312579831612315502e+02 8.012588460400466757e-46
9.415487969058661974e+02 8.097580587930649473e-46
9.519533287065515879e+02 8.183159215244675507e-46
9.624728351982431604e+02 8.269642273379060387e-46
9.731085869022699626e+02 8.357039320737843010e-46
9.838618683797852782e+02 8.445360016742284485e-46
9.947339783869108487e+02 8.534614122898874461e-46
1.005726230031605610e+03 8.624811503877379850e-46
1.016839950932247916e+03 8.715962128601532485e-46
1.028076483377989689e+03 8.808076071351258923e-46
1.039437184490873733e+03 8.901163512875266901e-46
1.050923426389743099e+03 8.995234741516689224e-46
1.062536596355962729e+03 9.090300154350619854e-46
1.074278097000969410e+03 9.186370258332210433e-46
1.086149346435685402e+03 9.283455671459121767e-46
1.098151778441781062e+03 9.381567123944013019e-46
1.110286842644851731e+03 9.480715459400925348e-46
1.122556004689499332e+03 9.580911636044226703e-46
1.134960746416347774e+03 9.682166727898826491e-46
1.147502566041017872e+03 9.784491926024563172e-46
1.160182978335077223e+03 9.887898539753573059e-46
1.173003514808988484e+03 9.992397997939111017e-46
1.185965723897091721e+03 1.009800185021999561e-45
1.199071171144605614e+03 1.020472176829598497e-45
1.212321439396720962e+03 1.031256954721824656e-45
1.225718128989769184e+03 1.042155710669350053e-45
1.239262857944508141e+03 1.053169649240042077e-45
1.252957262161543213e+03 1.064299987732145977e-45
1.266802995618903651e+03 1.075547956308877481e-45
1.280801730571817870e+03 1.086914798134263126e-45
1.294955157754667880e+03 1.098401769510678859e-45
1.309264986585203815e+03 1.110010140017577378e-45
1.323732945370999687e+03 1.121741192651859445e-45
1.338360781518194699e+03 1.133625099605811481e-45
1.353150261742540806e+03 1.146076563923944951e-45
1.368103172282782907e+03 1.158664792119078946e-45
1.383221319116393261e+03 1.171391286372571436e-45
1.398506528177704922e+03 1.184257565365453696e-45
1.413960645578426011e+03 1.197265164459525650e-45
1.429585537830621433e+03 1.210415635880649031e-45
1.445383092072141835e+03 1.223710548903939801e-45
1.461355216294547972e+03 1.237151490041112963e-45
1.477503839573553932e+03 1.250740063229684938e-45
1.493830912302012621e+03 1.264477890024433495e-45
1.510338406425492394e+03 1.278366609790965114e-45
1.527028315680425749e+03 1.292407879901219563e-45
1.543902655834919642e+03 1.306603375931309510e-45
1.560963464932212901e+03 1.320954791861534616e-45
1.578212803536825731e+03 1.335463840278401145e-45
1.595652754983430896e+03 1.350132252579073687e-45
1.613285425628469284e+03 1.365221494305951542e-45
1.631112945104564915e+03 1.381826264161341827e-45
1.649137466577716623e+03 1.398632992734104381e-45
1.667361167007366248e+03 1.415644136386154870e-45
1.685786247409322868e+03 1.432862181355292270e-45
1.704414933121596050e+03 1.450289644118755823e-45
1.723249474073167903e+03 1.468255108155000346e-45
1.742292145055733272e+03 1.487150639545516259e-45
1.761545245998444216e+03 1.506289344690066475e-45
1.781011102245690381e+03 1.525674353083843710e-45
1.800692064837943690e+03 1.545308834496700135e-45
1.820590510795728051e+03 1.565195999491457654e-45
1.840708843406686583e+03 1.583943091361127263e-45
1.861049492515861175e+03 1.601344446250801042e-45
1.881614914819158685e+03 1.618936974140090784e-45
1.902407594160064946e+03 1.636722775274409221e-45
1.923430041829638867e+03 1.654703972972672220e-45
1.944684796869814591e+03 1.672882713880785839e-45
1.966174426380078103e+03 1.691261168227920991e-45
1.987901525827491014e+03 1.709841530085570723e-45
2.009868719360181785e+03 1.728626017629598588e-45
2.032078660124278485e+03 1.747616873404882326e-45
2.054534030584351513e+03 1.766816364593147154e-45
2.077237542847393797e+03 1.786226783283599410e-45
2.100191938990384187e+03 1.805521780851120926e-45
2.123399991391463573e+03 1.824932876625195596e-45
2.146864503064793553e+03 1.844552660349313566e-45
2.170588307999073095e+03 1.864383375619603126e-45
2.194574271499836868e+03 1.884427290153098869e-45
2.218825290535517070e+03 1.904686696046944276e-45
2.243344294087331946e+03 1.925793414492816770e-45
2.268134243503040580e+03 1.947176826911212662e-45
2.293198132854603955e+03 1.968797674104914370e-45
2.318538989299820969e+03 1.990658592475980227e-45
2.344159873447911195e+03 2.012762247700259906e-45
2.370063879729189466e+03 2.035111335052439616e-45
2.396254136768797252e+03 2.057708579734699459e-45
2.422733807764571793e+03 2.080556737209018705e-45
2.449506090869089803e+03 2.103658593533171638e-45
2.476574219575926236e+03 2.127016965700417999e-45
2.503941463110210861e+03 2.150634701983141626e-45
2.531611126823444465e+03 2.173183401945939387e-45
2.559586552592733369e+03 2.191855317461813287e-45
2.587871119224408631e+03 2.210687661420458842e-45
2.616468242862109946e+03 2.229681812217425847e-45
2.645381377399377925e+03 2.248839160091390572e-45
2.674614014896810204e+03 2.268161107225910155e-45
2.704169686003816878e+03 2.287649067852054437e-45
2.734051960385065740e+03 2.307304468351916796e-45
2.764264447151587319e+03 2.328214432441526727e-45
2.794810795296693868e+03 2.358978116925155459e-45
2.825694694136692306e+03 2.390148295015996793e-45
2.856919873756472043e+03 2.421730337886401047e-45
2.888490105460014092e+03 2.453729687680415246e-45
2.920409202225875106e+03 2.486151858451323619e-45
2.952681019167733666e+03 2.519002437111933150e-45
2.985309453999966991e+03 2.552287084397423081e-45
3.018298447508430854e+03 2.586011535840541815e-45
3.051651984026411810e+03 2.620181602760105818e-45
3.085374091915846748e+03 2.651543497562275039e-45
3.119468844053858902e+03 2.681934658416215208e-45
3.153940358324670342e+03 2.712674153234511245e-45
3.188792798116942322e+03 2.743765974511842346e-45
3.224030372826648545e+03 2.775214160503790101e-45
3.259657338365434043e+03 2.807022795750975072e-45
3.295677997674662947e+03 2.839196011609925418e-45
3.332096701245109671e+03 2.871737986789299506e-45
3.368917847642399920e+03 2.904652947892991780e-45
3.406145884038262466e+03 2.937945169968716461e-45
3.443785306747637151e+03 2.971618977063589007e-45
3.481840661771760097e+03 3.005678742785599539e-45
3.520316545347176998e+03 3.041646597444076761e-45
3.559217604500891412e+03 3.078248935992762805e-45
3.598548537611616666e+03 3.115291737016018854e-45
3.638314094977235982e+03 3.152780300918216086e-45
3.678519079388529462e+03 3.190719991887129999e-45
3.719168346709238904e+03 3.229116238661851169e-45
3.760266806462575914e+03 3.267974535309423152e-45
3.801819422424139248e+03 3.307300442010822383e-45
3.843831213221456892e+03 3.347099585856929750e-45
3.886307252940116541e+03 3.387377661653269767e-45
3.929252671736602224e+03 3.428140432735312703e-45
3.972672656457903031e+03 3.463865596465278841e-45
4.016572451267966244e+03 3.491604968010371075e-45
4.060957358281069901e+03 3.519566482335628558e-45
4.105832738202230757e+03 3.547751918407683646e-45
4.151204010974608536e+03 3.576163069439337103e-45
4.197076656434147480e+03 3.604801743003994374e-45
4.243456214971408372e+03 3.638440587783398866e-45
4.290348288200726529e+03 3.677557323713580220e-45
4.337758539636758542e+03 3.717094602179200535e-45
4.385692695378502322e+03 3.757056944417012500e-45
4.434156544800914162e+03 3.797448920271474174e-45
4.483155941254086429e+03 3.838275148717080882e-45
4.532696802770235081e+03 3.879540298386931954e-45
4.582785112778456096e+03 3.921249088106362375e-45
4.633426920827389040e+03 3.963406287432617603e-45
4.684628343315872371e+03 4.006016717200335713e-45
4.736395564231662320e+03 4.049085250072569254e-45
4.788734835898312667e+03 4.092616811098379873e-45
4.841652479730356390e+03 4.138521712183449383e-45
4.895154886996730056e+03 4.185448068122191805e-45
4.949248519592736557e+03 4.232906518135784067e-45
5.003939910820488876e+03 4.280903095595000878e-45
5.059235666177984058e+03 4.329443902282580554e-45
5.115142464156902861e+03 4.378535109168660634e-45
5.171667057049210598e+03 4.428182957195710450e-45
5.228816271762726501e+03 4.478393758071660021e-45
5.286597010645594310e+03 4.529173895072450600e-45
5.345016252319979685e+03 4.580529823853236447e-45
5.404081052524916231e+03 4.632468073269537837e-45
5.463798544968484748e+03 4.685999027288652468e-45
5.524175942189403031e+03 4.749172756980975079e-45
5.585220536428141713e+03 4.813198155677067587e-45
5.646939700507649832e+03 4.878086705049700087e-45
5.709340888723876560e+03 4.943850041560426779e-45
5.772431637746010892e+03 5.010499958546351545e-45
5.836219567526793071e+03 5.072356875575355969e-45
5.900712382222816814e+03 5.114084604056041515e-45
5.965917871125027887e+03 5.156155605568745150e-45
6.031843909599488143e+03 5.198572704048026274e-45
6.098498460038535086e+03 5.241338746659446339e-45
6.165889572822513401e+03 5.284456603991023644e-45
6.234025387291999323e+03 5.333907802847766014e-45
6.302914132730908932e+03 5.392506639594011765e-45
6.372564129360393054e+03 5.451749248935400125e-45
6.442983789343736134e+03 5.511642703421012626e-45
6.514181617802360051e+03 5.572194153299740348e-45
6.586166213843034711e+03 5.633410827373814654e-45
6.658946271596515544e+03 5.695300033861797521e-45
6.732530581267518755e+03 5.757869161271063839e-45
6.806928030196432701e+03 5.821125679279760120e-45
6.882147603932700804e+03 5.885077139628941569e-45
6.958198387320073380e+03 5.949731177023547700e-45
7.035089565593850239e+03 6.015095510044233390e-45
7.112830425490258676e+03 6.081686814748599141e-45
7.191430356368065077e+03 6.149215977731815315e-45
7.270898851342655689e+03 6.217494963583607375e-45
7.351245508432511087e+03 6.286532098104405399e-45
7.432480031718486316e+03 6.356335799541641096e-45
7.514612232515833966e+03 6.426914579616662322e-45
7.597652030559193008e+03 6.498277044562020113e-45
7.681609455200667071e+03 6.570431896171303810e-45
7.766494646621135871e+03 6.643387932860117866e-45
7.852317857055018976e+03 6.717154050738943375e-45
7.939089452028430969e+03 6.791739244697911690e-45
8.026819911611158204e+03 6.867152609503622066e-45
8.115519831682409858e+03 6.943403340908138992e-45
8.205199925210556103e+03 7.020500736770306111e-45
8.295871023547024379e+03 7.098454198189504929e-45
8.387544077734473831e+03 7.177273230652006412e-45
8.480230159829428885e+03 7.256967445190051149e-45
8.573940464239596622e+03 7.337546559553801189e-45
8.668686309075807003e+03 7.419020399396174768e-45
8.764479137519050710e+03 7.501398899471461286e-45
8.861330519202540017e+03 7.584692104846007680e-45
8.959252151609069188e+03 7.668910172123586142e-45
9.058255861483807166e+03 7.754063370683744289e-45
9.158353606262675385e+03 7.846593285787316043e-45
9.259557475516632621e+03 7.952995736683082377e-45
9.361879692411695942e+03 8.060841040692838658e-45
9.465332615185305258e+03 8.170148763391223141e-45
9.569928738638911454e+03 8.280938735669059432e-45
9.675680695647059110e+03 8.393231057330338976e-45
9.782601258683158449e+03 8.505550754587834667e-45
9.890703341362119318e+03 8.580940379370441918e-45
1.000000000000000000e+04 8.656998226081157889e-45
