3.522899999999999920e-01 3.663999999999999886e-35
3.617900000000000005e-01 1.538600000000000078e-35
3.715399999999999814e-01 8.405899999999999382e-36
3.815500000000000003e-01 5.192299999999999896e-36
3.918300000000000116e-01 3.467200000000000296e-36
4.023900000000000254e-01 2.212799999999999863e-36
4.132399999999999962e-01 1.441299999999999930e-36
4.243700000000000250e-01 9.812000000000000601e-37
4.358099999999999752e-01 6.915200000000000370e-37
4.475500000000000034e-01 5.018899999999999797e-37
4.596199999999999730e-01 3.687100000000000046e-37
4.719999999999999751e-01 2.743199999999999950e-37
4.847199999999999842e-01 2.156399999999999886e-37
4.977800000000000002e-01 1.738199999999999991e-37
5.111999999999999877e-01 1.399700000000000003e-37
5.249700000000000477e-01 1.197299999999999941e-37
5.391200000000000436e-01 1.002599999999999994e-37
5.536499999999999755e-01 8.746800000000000087e-38
5.685700000000000198e-01 7.445400000000000453e-38
5.838900000000000201e-01 6.606200000000000146e-38
5.996299999999999963e-01 5.744299999999999629e-38
6.157899999999999485e-01 5.156000000000000161e-38
6.323800000000000532e-01 4.630299999999999751e-38
6.494199999999999973e-01 4.179000000000000040e-38
6.669300000000000228e-01 3.785800000000000235e-38
6.848999999999999533e-01 3.428900000000000061e-38
7.033599999999999852e-01 3.158799999999999918e-38
7.223100000000000076e-01 2.887200000000000058e-38
7.417799999999999949e-01 2.661199999999999850e-38
7.617699999999999472e-01 2.429099999999999853e-38
7.822900000000000409e-01 2.216300000000000080e-38
8.033799999999999830e-01 2.008299999999999873e-38
8.250300000000000411e-01 1.862200000000000110e-38
8.472600000000000131e-01 1.732999999999999875e-38
8.700900000000000301e-01 1.590399999999999974e-38
8.935400000000000009e-01 1.429099999999999891e-38
9.176199999999999912e-01 1.273799999999999982e-38
9.423500000000000210e-01 1.164500000000000016e-38
9.677499999999999991e-01 1.052299999999999970e-38
9.938200000000000367e-01 9.410699999999999818e-39
1.020599999999999952e+00 8.270699999999999360e-39
1.048100000000000032e+00 7.400499999999999676e-39
1.076400000000000023e+00 6.579800000000000320e-39
1.105399999999999938e+00 6.122199999999999498e-39
1.135199999999999987e+00 5.652300000000000265e-39
1.165699999999999958e+00 5.215400000000000162e-39
1.197200000000000042e+00 4.810299999999999886e-39
1.229400000000000048e+00 4.444399999999999712e-39
1.262599999999999945e+00 4.096500000000000190e-39
1.296599999999999975e+00 3.759400000000000278e-39
1.331499999999999906e+00 3.497999999999999852e-39
1.367399999999999949e+00 3.244299999999999854e-39
1.404199999999999893e+00 3.063799999999999815e-39
1.442099999999999937e+00 2.878400000000000007e-39
1.481000000000000094e+00 2.737000000000000127e-39
1.520899999999999919e+00 2.607700000000000081e-39
1.561900000000000066e+00 2.510400000000000072e-39
1.603900000000000103e+00 2.426299999999999911e-39
1.647199999999999998e+00 2.340000000000000047e-39
1.691599999999999993e+00 2.251299999999999943e-39
1.737100000000000088e+00 2.145099999999999876e-39
1.784000000000000030e+00 1.985500000000000112e-39
1.832000000000000073e+00 1.231300000000000124e-41
1.881399999999999961e+00 1.149100000000000053e-41
1.932099999999999929e+00 1.073100000000000012e-41
1.984199999999999964e+00 1.006699999999999948e-41
2.037599999999999856e+00 9.558300000000000200e-42
2.092600000000000016e+00 9.088299999999999556e-42
2.148899999999999810e+00 8.784299999999999389e-42
2.206900000000000084e+00 8.509700000000000431e-42
2.266300000000000203e+00 8.192899999999999868e-42
2.327399999999999913e+00 7.827000000000000265e-42
2.390099999999999891e+00 7.385499999999999557e-42
2.454499999999999904e+00 7.060199999999999438e-42
2.520700000000000163e+00 6.768399999999999668e-42
2.588600000000000012e+00 6.269799999999999514e-42
2.658399999999999874e+00 5.841700000000000475e-42
2.729999999999999982e+00 5.522300000000000130e-42
2.803599999999999870e+00 5.237900000000000132e-42
2.879100000000000215e+00 5.011400000000000003e-42
2.956700000000000106e+00 4.874999999999999885e-42
3.036399999999999988e+00 4.559500000000000168e-42
3.118199999999999861e+00 4.106999999999999698e-42
3.202300000000000146e+00 3.685399999999999795e-42
3.288600000000000190e+00 3.307599999999999794e-42
3.377200000000000202e+00 2.999000000000000062e-42
3.468199999999999950e+00 2.711799999999999857e-42
3.561700000000000088e+00 2.425299999999999864e-42
3.657599999999999962e+00 2.128100000000000106e-42
3.756200000000000205e+00 1.843400000000000108e-42
3.857400000000000162e+00 1.639500000000000141e-42
3.961399999999999810e+00 1.480600000000000073e-42
4.068100000000000271e+00 1.335699999999999921e-42
4.177800000000000402e+00 1.236999999999999983e-42
4.290399999999999991e+00 1.137700000000000047e-42
4.405999999999999694e+00 1.038699999999999951e-42
4.524700000000000166e+00 9.656800000000000191e-43
4.646700000000000053e+00 8.746200000000000431e-43
4.771899999999999586e+00 7.976099999999999293e-43
4.900500000000000078e+00 7.638000000000000371e-43
5.032499999999999751e+00 7.238099999999999357e-43
5.168199999999999683e+00 6.801299999999999701e-43
5.307400000000000340e+00 6.337699999999999733e-43
5.450499999999999901e+00 5.926900000000000284e-43
5.597299999999999720e+00 5.160000000000000360e-43
5.748199999999999754e+00 4.247800000000000391e-43
5.903100000000000236e+00 3.310999999999999999e-43
6.062199999999999811e+00 1.994000000000000119e-44
6.225500000000000256e+00 1.635899999999999881e-44
6.393299999999999983e+00 1.268200000000000082e-44
6.565599999999999881e+00 9.904200000000000319e-45
6.742499999999999716e+00 7.903900000000000474e-45
6.924299999999999677e+00 6.236200000000000525e-45
7.110899999999999999e+00 5.291600000000000036e-45
7.302500000000000213e+00 4.321499999999999704e-45
7.499299999999999855e+00 3.627599999999999923e-45
7.701399999999999579e+00 3.132299999999999851e-45
7.908900000000000041e+00 2.623700000000000133e-45
8.122099999999999653e+00 2.101399999999999897e-45
8.340899999999999537e+00 1.565000000000000136e-45
8.565699999999999648e+00 1.263099999999999927e-45
8.796499999999999986e+00 1.103399999999999925e-45
9.033599999999999852e+00 9.393499999999999905e-46
9.276999999999999247e+00 8.307699999999999370e-46
9.527100000000000790e+00 7.277099999999999605e-46
9.783799999999999386e+00 6.218699999999999797e-46
1.004700000000000060e+01 5.453599999999999616e-46
1.031799999999999962e+01 4.904899999999999905e-46
1.059600000000000009e+01 4.341399999999999762e-46
1.088199999999999967e+01 3.762699999999999869e-46
1.117500000000000071e+01 3.232399999999999896e-46
1.147600000000000087e+01 2.977899999999999834e-46
1.178599999999999959e+01 2.716499999999999870e-46
1.210299999999999976e+01 2.448100000000000175e-46
1.242900000000000027e+01 2.172400000000000094e-46
1.276399999999999935e+01 1.928899999999999942e-46
1.310800000000000054e+01 1.805400000000000129e-46
1.346100000000000030e+01 1.678699999999999937e-46
1.382399999999999984e+01 1.548500000000000075e-46
1.419699999999999918e+01 1.414799999999999958e-46
1.457900000000000063e+01 1.277499999999999952e-46
1.497199999999999953e+01 1.136400000000000008e-46
1.537599999999999945e+01 1.044800000000000053e-46
1.578999999999999915e+01 9.792500000000000141e-47
1.621600000000000108e+01 9.119500000000000425e-47
1.665299999999999869e+01 8.428300000000000434e-47
1.710099999999999909e+01 7.981799999999999522e-47
1.756200000000000117e+01 7.584500000000000470e-47
1.803600000000000136e+01 7.176600000000000436e-47
1.852199999999999847e+01 6.757699999999999714e-47
1.902100000000000080e+01 6.327399999999999568e-47
1.953300000000000125e+01 5.972000000000000435e-47
2.005999999999999872e+01 5.785599999999999953e-47
2.060000000000000142e+01 5.594099999999999805e-47
2.115500000000000114e+01 5.397499999999999992e-47
2.172599999999999909e+01 5.195500000000000248e-47
2.231099999999999994e+01 4.988200000000000012e-47
2.291199999999999903e+01 4.775199999999999579e-47
2.353000000000000114e+01 4.654600000000000460e-47
2.416400000000000148e+01 4.563499999999999652e-47
2.481500000000000128e+01 4.469900000000000190e-47
2.548400000000000176e+01 4.373800000000000129e-47
2.617099999999999937e+01 4.275100000000000030e-47
2.687600000000000122e+01 4.224099999999999974e-47
2.760000000000000142e+01 4.213699999999999818e-47
2.834400000000000119e+01 4.203099999999999808e-47
2.910800000000000054e+01 4.192200000000000018e-47
2.989199999999999946e+01 4.180999999999999962e-47
3.069800000000000040e+01 4.180200000000000062e-47
3.152499999999999858e+01 4.180599999999999769e-47
3.237500000000000000e+01 4.180900000000000035e-47
3.324699999999999989e+01 4.181400000000000155e-47
3.414300000000000068e+01 4.181799999999999862e-47
3.506300000000000239e+01 4.205099999999999801e-47
3.600800000000000267e+01 4.261100000000000081e-47
3.697800000000000153e+01 4.318700000000000161e-47
3.797500000000000142e+01 4.377800000000000115e-47
3.899799999999999756e+01 4.438499999999999867e-47
4.004899999999999949e+01 4.500800000000000392e-47
4.112899999999999778e+01 4.572600000000000274e-47
4.223700000000000188e+01 4.646699999999999929e-47
4.337500000000000000e+01 4.722900000000000476e-47
4.454399999999999693e+01 4.801099999999999557e-47
4.574399999999999977e+01 4.881300000000000089e-47
4.697699999999999676e+01 4.963800000000000394e-47
4.824300000000000210e+01 5.048500000000000058e-47
4.954299999999999926e+01 5.135500000000000468e-47
5.087800000000000011e+01 5.224799999999999678e-47
5.225000000000000000e+01 5.316500000000000047e-47
5.365800000000000125e+01 5.410700000000000041e-47
5.510399999999999920e+01 5.507399999999999662e-47
5.658899999999999864e+01 5.606700000000000294e-47
5.811399999999999721e+01 5.740500000000000435e-47
5.967999999999999972e+01 5.885199999999999879e-47
6.128799999999999670e+01 6.033799999999999868e-47
6.293999999999999773e+01 6.186399999999999842e-47
6.463599999999999568e+01 6.343199999999999656e-47
6.637800000000000011e+01 6.504099999999999867e-47
6.816599999999999682e+01 6.669399999999999771e-47
7.000300000000000011e+01 6.839100000000000339e-47
7.189000000000000057e+01 7.013400000000000452e-47
7.382699999999999818e+01 7.192399999999999552e-47
7.581699999999999307e+01 7.357999999999999722e-47
7.785999999999999943e+01 7.527400000000000023e-47
7.995799999999999841e+01 7.701399999999999871e-47
8.211299999999999955e+01 7.880099999999999676e-47
8.432599999999999341e+01 8.063599999999999853e-47
8.659799999999999898e+01 8.252100000000000255e-47
8.893200000000000216e+01 8.445599999999999909e-47
9.132899999999999352e+01 8.644299999999999641e-47
9.379000000000000625e+01 8.848400000000000277e-47
9.631699999999999307e+01 9.058000000000000286e-47
9.891299999999999670e+01 9.273299999999999519e-47
1.015799999999999983e+02 9.494299999999999923e-47
1.043199999999999932e+02 9.721299999999999819e-47
1.071299999999999955e+02 9.954500000000000032e-47
1.100100000000000051e+02 1.019400000000000000e-46
1.129800000000000040e+02 1.044000000000000056e-46
1.160199999999999960e+02 1.069200000000000061e-46
1.191500000000000057e+02 1.095100000000000038e-46
1.223599999999999994e+02 1.121800000000000013e-46
1.256599999999999966e+02 1.149099999999999937e-46
1.290500000000000114e+02 1.177200000000000053e-46
1.325200000000000102e+02 1.205999999999999947e-46
1.360900000000000034e+02 1.235700000000000057e-46
1.397599999999999909e+02 1.266099999999999945e-46
1.435300000000000011e+02 1.297899999999999974e-46
1.474000000000000057e+02 1.330600000000000024e-46
1.513700000000000045e+02 1.364200000000000096e-46
1.554499999999999886e+02 1.398699999999999993e-46
1.596399999999999864e+02 1.434099999999999912e-46
1.639399999999999977e+02 1.470500000000000070e-46
1.683600000000000136e+02 1.507800000000000054e-46
1.728899999999999864e+02 1.546199999999999913e-46
1.775500000000000114e+02 1.585600000000000012e-46
1.823400000000000034e+02 1.626099999999999985e-46
1.872500000000000000e+02 1.667600000000000002e-46
1.923000000000000114e+02 1.710299999999999919e-46
1.974799999999999898e+02 1.754100000000000098e-46
2.028000000000000114e+02 1.799099999999999982e-46
2.082700000000000102e+02 1.845300000000000152e-46
2.138799999999999955e+02 1.892800000000000051e-46
2.196399999999999864e+02 1.941499999999999848e-46
2.255600000000000023e+02 1.991599999999999980e-46
2.316399999999999864e+02 2.043399999999999935e-46
2.378799999999999955e+02 2.097299999999999810e-46
2.442899999999999920e+02 2.152800000000000068e-46
2.508799999999999955e+02 2.209699999999999884e-46
2.576399999999999864e+02 2.268200000000000082e-46
2.645799999999999841e+02 2.328200000000000056e-46
2.717099999999999795e+02 2.389899999999999854e-46
2.790299999999999727e+02 2.453200000000000035e-46
2.865500000000000114e+02 2.518200000000000039e-46
2.942799999999999727e+02 2.585000000000000086e-46
3.022099999999999795e+02 2.653499999999999956e-46
3.103500000000000227e+02 2.723999999999999916e-46
3.187099999999999795e+02 2.796299999999999918e-46
3.273000000000000114e+02 2.870600000000000009e-46
3.361200000000000045e+02 2.946799999999999973e-46
3.451800000000000068e+02 3.025200000000000074e-46
3.544800000000000182e+02 3.105599999999999876e-46
3.640400000000000205e+02 3.188000000000000157e-46
3.738500000000000227e+02 3.272200000000000090e-46
3.839200000000000159e+02 3.358699999999999992e-46
3.942699999999999818e+02 3.447499999999999860e-46
4.048899999999999864e+02 3.538699999999999914e-46
4.158000000000000114e+02 3.632399999999999983e-46
4.270099999999999909e+02 3.728600000000000068e-46
4.385199999999999818e+02 3.827400000000000385e-46
4.503399999999999750e+02 3.928800000000000159e-46
4.624700000000000273e+02 4.032999999999999825e-46
4.749300000000000068e+02 4.140000000000000161e-46
4.877300000000000182e+02 4.249899999999999831e-46
5.008799999999999955e+02 4.362700000000000389e-46
5.143700000000000045e+02 4.478599999999999939e-46
5.282400000000000091e+02 4.597600000000000037e-46
5.424700000000000273e+02 4.719800000000000123e-46
5.570900000000000318e+02 4.845299999999999638e-46
5.721000000000000227e+02 4.974299999999999796e-46
5.875199999999999818e+02 5.106900000000000038e-46
6.033500000000000227e+02 5.243100000000000365e-46
6.196100000000000136e+02 5.383000000000000216e-46
6.363099999999999454e+02 5.526600000000000369e-46
6.534600000000000364e+02 5.674199999999999924e-46
6.710700000000000500e+02 5.825600000000000000e-46
6.891499999999999773e+02 5.981199999999999915e-46
7.077300000000000182e+02 6.140999999999999669e-46
7.267999999999999545e+02 6.305000000000000039e-46
7.463899999999999864e+02 6.473500000000000125e-46
7.665000000000000000e+02 6.646600000000000146e-46
7.871599999999999682e+02 6.824300000000000101e-46
8.083700000000000045e+02 7.006799999999999650e-46
8.301499999999999773e+02 7.194199999999999788e-46
8.525299999999999727e+02 7.386599999999999957e-46
8.755000000000000000e+02 7.584200000000000593e-46
8.990900000000000318e+02 7.787200000000000576e-46
9.233200000000000500e+02 7.995599999999999908e-46
9.482100000000000364e+02 8.209700000000000022e-46
9.737599999999999909e+02 8.429499999999999360e-46
1.000000000000000000e+03 8.655299999999999358e-46
1.000000000000000000e+04 8.655299999999999358e-45