1.000000000000000056e-01 9.766399999999999921e-46
1.011599999999999999e-01 9.994000000000000738e-46
1.023300000000000043e-01 1.018799999999999973e-45
1.035200000000000009e-01 1.039000000000000065e-45
1.047199999999999936e-01 1.059899999999999973e-45
1.059299999999999964e-01 1.081600000000000073e-45
1.071600000000000052e-01 1.104300000000000024e-45
1.083999999999999964e-01 1.127900000000000074e-45
1.096599999999999936e-01 1.152400000000000066e-45
1.109300000000000008e-01 1.177999999999999972e-45
1.122100000000000042e-01 1.204800000000000010e-45
1.135199999999999959e-01 1.232600000000000054e-45
1.148300000000000015e-01 1.256300000000000010e-45
1.161599999999999994e-01 1.280800000000000003e-45
1.175100000000000033e-01 1.306300000000000002e-45
1.188700000000000034e-01 1.332900000000000070e-45
1.202499999999999958e-01 1.360499999999999988e-45
1.216399999999999981e-01 1.389199999999999975e-45
1.230500000000000066e-01 1.418999999999999875e-45
1.244799999999999934e-01 1.450100000000000125e-45
1.259200000000000041e-01 1.482499999999999948e-45
1.273799999999999932e-01 1.516199999999999965e-45
1.288600000000000023e-01 1.545399999999999955e-45
1.303499999999999936e-01 1.575099999999999948e-45
1.318600000000000050e-01 1.605799999999999947e-45
1.333900000000000086e-01 1.637700000000000078e-45
1.349400000000000044e-01 1.670800000000000030e-45
1.365000000000000102e-01 1.705100000000000113e-45
1.380800000000000083e-01 1.740800000000000142e-45
1.396799999999999986e-01 1.777900000000000118e-45
1.413000000000000089e-01 1.816299999999999977e-45
1.429400000000000115e-01 1.856299999999999908e-45
1.446000000000000063e-01 1.893300000000000132e-45
1.462700000000000111e-01 1.928300000000000032e-45
1.479699999999999904e-01 1.964400000000000002e-45
1.496800000000000075e-01 2.001799999999999855e-45
1.514199999999999990e-01 2.040400000000000150e-45
1.531700000000000006e-01 2.080400000000000081e-45
1.549500000000000044e-01 2.121699999999999896e-45
1.567500000000000004e-01 2.164399999999999967e-45
1.585600000000000065e-01 2.208600000000000048e-45
1.603999999999999870e-01 2.254200000000000075e-45
1.622599999999999876e-01 2.301399999999999863e-45
1.641400000000000081e-01 2.342599999999999926e-45
1.660399999999999932e-01 2.383299999999999985e-45
1.679700000000000082e-01 2.425199999999999865e-45
1.699100000000000055e-01 2.468200000000000126e-45
1.718800000000000050e-01 2.512499999999999958e-45
1.738800000000000068e-01 2.557899999999999859e-45
1.758899999999999908e-01 2.604400000000000141e-45
1.779300000000000048e-01 2.652199999999999995e-45
1.799900000000000111e-01 2.701199999999999980e-45
1.820799999999999919e-01 2.751400000000000097e-45
1.841899999999999926e-01 2.802800000000000035e-45
1.863200000000000134e-01 2.853999999999999847e-45
1.884800000000000086e-01 2.897699999999999924e-45
1.906700000000000061e-01 2.942099999999999820e-45
1.928799999999999959e-01 2.987400000000000281e-45
1.951100000000000056e-01 3.033399999999999937e-45
1.973799999999999999e-01 3.080200000000000095e-45
1.996600000000000041e-01 3.127700000000000072e-45
2.019799999999999929e-01 3.175899999999999866e-45
2.043200000000000016e-01 3.224700000000000036e-45
2.066900000000000126e-01 3.274300000000000088e-45
2.090799999999999881e-01 3.324399999999999831e-45
2.115100000000000036e-01 3.374999999999999888e-45
2.139600000000000113e-01 3.426299999999999763e-45
2.164399999999999935e-01 3.477999999999999889e-45
2.189500000000000057e-01 3.526699999999999997e-45
2.214899999999999924e-01 3.569600000000000194e-45
2.240499999999999992e-01 3.612699999999999895e-45
2.266499999999999904e-01 3.656199999999999847e-45
2.292800000000000116e-01 3.699899999999999925e-45
2.319299999999999973e-01 3.743900000000000191e-45
2.346199999999999952e-01 3.788200000000000024e-45
2.373399999999999954e-01 3.832800000000000045e-45
2.400899999999999979e-01 3.877600000000000191e-45
2.428800000000000125e-01 3.922799999999999967e-45
2.456899999999999917e-01 3.968399999999999994e-45
2.485400000000000109e-01 4.014200000000000147e-45
2.514199999999999768e-01 4.060499999999999991e-45
2.543300000000000005e-01 4.107200000000000087e-45
2.572800000000000087e-01 4.154499999999999938e-45
2.602599999999999913e-01 4.202400000000000166e-45
2.632800000000000140e-01 4.251100000000000274e-45
2.663300000000000112e-01 4.300600000000000262e-45
2.694199999999999928e-01 4.346900000000000107e-45
2.725400000000000045e-01 4.388700000000000235e-45
2.757000000000000006e-01 4.431400000000000307e-45
2.788999999999999813e-01 4.474999999999999699e-45
2.821299999999999919e-01 4.519799999999999846e-45
2.853999999999999870e-01 4.565700000000000062e-45
2.887100000000000222e-01 4.612899999999999849e-45
2.920599999999999863e-01 4.661499999999999895e-45
2.954399999999999804e-01 4.711799999999999763e-45
2.988700000000000245e-01 4.763700000000000015e-45
3.023299999999999876e-01 4.817500000000000216e-45
3.058299999999999907e-01 4.873599999999999996e-45
3.093799999999999883e-01 4.931999999999999976e-45
3.129600000000000160e-01 4.993199999999999848e-45
3.165899999999999825e-01 5.057300000000000298e-45
3.202599999999999891e-01 5.124699999999999711e-45
3.239699999999999802e-01 5.195700000000000140e-45
3.277300000000000213e-01 5.270499999999999846e-45
3.315299999999999914e-01 5.347200000000000124e-45
3.353700000000000014e-01 5.415199999999999913e-45
3.392600000000000060e-01 5.487299999999999789e-45
3.431899999999999951e-01 5.563599999999999815e-45
3.471699999999999786e-01 5.644499999999999620e-45
3.511900000000000022e-01 5.730600000000000203e-45
3.552600000000000202e-01 5.822200000000000509e-45
3.593799999999999772e-01 5.919899999999999669e-45
3.635499999999999843e-01 6.024400000000000612e-45
3.677599999999999758e-01 6.136299999999999983e-45
3.720200000000000173e-01 6.256299999999999464e-45
3.763400000000000079e-01 6.385399999999999685e-45
3.806999999999999829e-01 6.524399999999999904e-45
3.851100000000000079e-01 6.656899999999999773e-45
3.895700000000000274e-01 6.788700000000000446e-45
3.940899999999999959e-01 6.930900000000000186e-45
3.986600000000000144e-01 7.084499999999999622e-45
4.032800000000000273e-01 7.250699999999999508e-45
4.079499999999999793e-01 7.430899999999999478e-45
4.126799999999999913e-01 7.626700000000000539e-45
4.174700000000000077e-01 7.839699999999999961e-45
4.223000000000000087e-01 8.071800000000000183e-45
4.272000000000000242e-01 8.286000000000000359e-45
4.321499999999999786e-01 8.510999999999999854e-45
4.371599999999999930e-01 8.755800000000000588e-45
4.422300000000000120e-01 9.022300000000000023e-45
4.473500000000000254e-01 9.312699999999999540e-45
4.525399999999999978e-01 9.629200000000000522e-45
4.577800000000000202e-01 9.974099999999999435e-45
4.630900000000000016e-01 1.028600000000000002e-44
4.684599999999999875e-01 1.061700000000000015e-44
4.738899999999999779e-01 1.097299999999999982e-44
4.793799999999999728e-01 1.135500000000000088e-44
4.849399999999999822e-01 1.176200000000000024e-44
4.905599999999999961e-01 1.219299999999999973e-44
4.962400000000000144e-01 1.258600000000000024e-44
5.020000000000000018e-01 1.296399999999999880e-44
5.078200000000000491e-01 1.334400000000000110e-44
5.137000000000000455e-01 1.371900000000000026e-44
5.196600000000000108e-01 1.407899999999999994e-44
5.256800000000000361e-01 1.441200000000000009e-44
5.317699999999999649e-01 1.470600000000000063e-44
5.379399999999999737e-01 1.494700000000000022e-44
5.441700000000000426e-01 1.512399999999999942e-44
5.504799999999999693e-01 1.522400000000000003e-44
5.568600000000000216e-01 1.524699999999999954e-44
5.633099999999999774e-01 1.520600000000000116e-44
5.698400000000000132e-01 1.508200000000000041e-44
5.764500000000000179e-01 1.488999999999999925e-44
5.831300000000000372e-01 1.464099999999999961e-44
5.898900000000000254e-01 1.434600000000000094e-44
5.967299999999999827e-01 1.401799999999999895e-44
6.036399999999999544e-01 1.366900000000000120e-44
6.106399999999999606e-01 1.331200000000000090e-44
6.177200000000000468e-01 1.295299999999999935e-44
6.248799999999999910e-01 1.260099999999999971e-44
6.321200000000000152e-01 1.224399999999999942e-44
6.394499999999999629e-01 1.184500000000000012e-44
6.468599999999999905e-01 1.146699999999999907e-44
6.543600000000000527e-01 1.111099999999999941e-44
6.619399999999999729e-01 1.077600000000000049e-44
6.696199999999999930e-01 1.046199999999999984e-44
6.773799999999999821e-01 1.016800000000000055e-44
6.852300000000000058e-01 9.869899999999999925e-45
6.931699999999999529e-01 9.557400000000000212e-45
7.012100000000000000e-01 9.266100000000000129e-45
7.093300000000000161e-01 8.994099999999999728e-45
7.175599999999999756e-01 8.739500000000000303e-45
7.258700000000000152e-01 8.500699999999999605e-45
7.342899999999999983e-01 8.276000000000000298e-45
7.428000000000000158e-01 8.053399999999999823e-45
7.514100000000000223e-01 7.809299999999999528e-45
7.601200000000000179e-01 7.578500000000000122e-45
7.689300000000000024e-01 7.359599999999999482e-45
7.778399999999999759e-01 7.151300000000000524e-45
7.868600000000000039e-01 6.952700000000000194e-45
7.959800000000000209e-01 6.762700000000000288e-45
8.052000000000000268e-01 6.580700000000000432e-45
8.145400000000000418e-01 6.368700000000000393e-45
8.239800000000000457e-01 6.166100000000000039e-45
8.335299999999999931e-01 5.972600000000000423e-45
8.431899999999999951e-01 5.787800000000000052e-45
8.529600000000000515e-01 5.611399999999999980e-45
8.628500000000000059e-01 5.442799999999999831e-45
8.728500000000000147e-01 5.269800000000000029e-45
8.829700000000000326e-01 5.083700000000000085e-45
8.931999999999999940e-01 4.907400000000000076e-45
9.035600000000000298e-01 4.740599999999999813e-45
9.140300000000000091e-01 4.582900000000000290e-45
9.246299999999999519e-01 4.433900000000000011e-45
9.353399999999999492e-01 4.285600000000000171e-45
9.461800000000000210e-01 4.125200000000000196e-45
9.571499999999999453e-01 3.975199999999999911e-45
9.682500000000000551e-01 3.834900000000000120e-45
9.794699999999999518e-01 3.703799999999999886e-45
9.908200000000000340e-01 3.581200000000000016e-45
1.002299999999999969e+00 3.457299999999999950e-45
1.013900000000000023e+00 3.328499999999999918e-45
1.025700000000000056e+00 3.209100000000000191e-45
1.037600000000000078e+00 3.098300000000000267e-45
1.049600000000000088e+00 2.995399999999999707e-45
1.061800000000000077e+00 2.899900000000000062e-45
1.074100000000000055e+00 2.803399999999999789e-45
1.086500000000000021e+00 2.704199999999999998e-45
1.099099999999999966e+00 2.612600000000000004e-45
1.111799999999999899e+00 2.527799999999999926e-45
1.124700000000000033e+00 2.449300000000000074e-45
1.137799999999999923e+00 2.376500000000000069e-45
1.151000000000000023e+00 2.308700000000000094e-45
1.164299999999999891e+00 2.233099999999999885e-45
1.177799999999999958e+00 2.163200000000000147e-45
1.191500000000000004e+00 2.098600000000000005e-45
1.205300000000000038e+00 2.038700000000000016e-45
1.219200000000000061e+00 1.983099999999999928e-45
1.233400000000000052e+00 1.931400000000000113e-45
1.247700000000000031e+00 1.883400000000000134e-45
1.262100000000000000e+00 1.831400000000000130e-45
1.276799999999999935e+00 1.781400000000000139e-45
1.291500000000000092e+00 1.734899999999999857e-45
1.306499999999999995e+00 1.691700000000000094e-45
1.321700000000000097e+00 1.651399999999999974e-45
1.336999999999999966e+00 1.613900000000000059e-45
1.352500000000000036e+00 1.578800000000000095e-45
1.368200000000000083e+00 1.546000000000000021e-45
1.383999999999999897e+00 1.514400000000000079e-45
1.400099999999999900e+00 1.479899999999999870e-45
1.416299999999999892e+00 1.447600000000000110e-45
1.432700000000000085e+00 1.417400000000000114e-45
1.449300000000000033e+00 1.389100000000000067e-45
1.466099999999999959e+00 1.362600000000000063e-45
1.483100000000000085e+00 1.337800000000000037e-45
1.500299999999999967e+00 1.314500000000000020e-45
1.517700000000000049e+00 1.292500000000000043e-45
1.535300000000000109e+00 1.271900000000000012e-45
1.553099999999999925e+00 1.252499999999999956e-45
1.571099999999999941e+00 1.234199999999999970e-45
1.589299999999999935e+00 1.213700000000000002e-45
1.607699999999999907e+00 1.194200000000000039e-45
1.626300000000000079e+00 1.175799999999999990e-45
1.645199999999999996e+00 1.158399999999999947e-45
1.664299999999999891e+00 1.142099999999999973e-45
1.683599999999999985e+00 1.126600000000000035e-45
1.703100000000000058e+00 1.112099999999999947e-45
1.722800000000000109e+00 1.098299999999999988e-45
1.742799999999999905e+00 1.085300000000000065e-45
1.762999999999999901e+00 1.072999999999999959e-45
1.783400000000000096e+00 1.061300000000000075e-45
1.804100000000000037e+00 1.050300000000000008e-45
1.824999999999999956e+00 1.039900000000000008e-45
1.846100000000000074e+00 1.030000000000000010e-45
1.867499999999999938e+00 1.020600000000000015e-45
1.889199999999999990e+00 1.011700000000000024e-45
1.911100000000000021e+00 1.003300000000000035e-45
1.933200000000000029e+00 9.943799999999999999e-46
1.955699999999999994e+00 9.852699999999999385e-46
1.978299999999999947e+00 9.766300000000000480e-46
2.001199999999999868e+00 9.684600000000000173e-46
2.024399999999999977e+00 9.607200000000000700e-46
2.047899999999999832e+00 9.533900000000000070e-46
2.071600000000000108e+00 9.464399999999999960e-46
2.095699999999999896e+00 9.398599999999999375e-46
2.120000000000000107e+00 9.336400000000000430e-46
2.144499999999999851e+00 9.277400000000000696e-46
2.169399999999999995e+00 9.221600000000000171e-46
2.194500000000000117e+00 9.168799999999999976e-46
2.220000000000000195e+00 9.118900000000000670e-46
2.245699999999999807e+00 9.071799999999999700e-46
2.271700000000000053e+00 9.027200000000000302e-46
2.298099999999999810e+00 8.985200000000000359e-46
2.324699999999999989e+00 8.945499999999999994e-46
2.351599999999999913e+00 8.908200000000000204e-46
2.378899999999999793e+00 8.872999999999999555e-46
2.406499999999999861e+00 8.839899999999999604e-46
2.434400000000000119e+00 8.808699999999999913e-46
2.462600000000000122e+00 8.779499999999999923e-46
2.491099999999999870e+00 8.752100000000000753e-46
2.520000000000000018e+00 8.726499999999999291e-46
2.549199999999999910e+00 8.702499999999999768e-46
2.578800000000000203e+00 8.680100000000000628e-46
2.608699999999999797e+00 8.659399999999999756e-46
2.638900000000000023e+00 8.640100000000000386e-46
2.669500000000000206e+00 8.622300000000000403e-46
2.700400000000000134e+00 8.605900000000000366e-46
2.731700000000000017e+00 8.590900000000000275e-46
2.763399999999999856e+00 8.577200000000000690e-46
2.795399999999999885e+00 8.564800000000000055e-46
2.827799999999999869e+00 8.553600000000000485e-46
2.860599999999999810e+00 8.543499999999999428e-46
2.893800000000000150e+00 8.534599999999999436e-46
2.927299999999999791e+00 8.526799999999999514e-46
2.961199999999999832e+00 8.520000000000000219e-46
2.995499999999999829e+00 8.514199999999999997e-46
3.030299999999999994e+00 8.509499999999999845e-46
3.065399999999999903e+00 8.505599999999999883e-46
3.100900000000000212e+00 8.502700000000000550e-46
3.136899999999999800e+00 8.500699999999999294e-46
3.173200000000000021e+00 8.499499999999999784e-46
3.209999999999999964e+00 8.499199999999999907e-46
3.247199999999999864e+00 8.499799999999999661e-46
3.284899999999999931e+00 8.501100000000000167e-46
3.322900000000000187e+00 8.503300000000000305e-46
3.361400000000000166e+00 8.506199999999999638e-46
3.400399999999999867e+00 8.509799999999999722e-46
3.439799999999999969e+00 8.514100000000000557e-46
3.479699999999999793e+00 8.519100000000000587e-46
3.520000000000000018e+00 8.524799999999999813e-46
3.560799999999999965e+00 8.531100000000000349e-46
3.602100000000000080e+00 8.538100000000000080e-46
3.643899999999999917e+00 8.545600000000000125e-46
3.686100000000000154e+00 8.553699999999999925e-46
3.728800000000000114e+00 8.562300000000000040e-46
3.771999999999999797e+00 8.571400000000000468e-46
3.815799999999999859e+00 8.581100000000000651e-46
3.859999999999999876e+00 8.591299999999999593e-46
3.904700000000000060e+00 8.602000000000000404e-46
3.950000000000000178e+00 8.613100000000000534e-46
3.995800000000000018e+00 8.624800000000000418e-46
4.042099999999999582e+00 8.636800000000000179e-46
4.088899999999999757e+00 8.649300000000000255e-46
4.136300000000000310e+00 8.662300000000000645e-46
4.184300000000000352e+00 8.675599999999999356e-46
4.232800000000000118e+00 8.689199999999999501e-46
4.281900000000000261e+00 8.703299999999999959e-46
4.331500000000000128e+00 8.717599999999999299e-46
4.381700000000000372e+00 8.732200000000000072e-46
4.432500000000000107e+00 8.747200000000000163e-46
4.483900000000000219e+00 8.762299999999999694e-46
4.535800000000000054e+00 8.777800000000000099e-46
4.588400000000000034e+00 8.793399999999999945e-46
4.641600000000000392e+00 8.809200000000000227e-46
4.695400000000000240e+00 8.825099999999999950e-46
4.749799999999999578e+00 8.841200000000000109e-46
4.804899999999999949e+00 8.857500000000000706e-46
4.860599999999999810e+00 8.874000000000000183e-46
4.916900000000000048e+00 8.890499999999999661e-46
4.973900000000000432e+00 8.907100000000000135e-46
5.031500000000000306e+00 8.923800000000000049e-46
5.089900000000000091e+00 8.940499999999999964e-46
5.148900000000000254e+00 8.957199999999999878e-46
5.208499999999999908e+00 8.973899999999999792e-46
5.268900000000000361e+00 8.990500000000000266e-46
5.330000000000000071e+00 9.006999999999999744e-46
5.391799999999999926e+00 9.023399999999999781e-46
5.454299999999999926e+00 9.039700000000000377e-46
5.517500000000000071e+00 9.055699999999999541e-46
5.581400000000000361e+00 9.071499999999999823e-46
5.646099999999999675e+00 9.087000000000000228e-46
5.711599999999999788e+00 9.102200000000000755e-46
5.777800000000000047e+00 9.117000000000000409e-46
5.844800000000000217e+00 9.131400000000000745e-46
5.912499999999999645e+00 9.145499999999999648e-46
5.980999999999999872e+00 9.159099999999999793e-46
6.050399999999999778e+00 9.172199999999999623e-46
6.120499999999999829e+00 9.184900000000000136e-46
6.191399999999999793e+00 9.196899999999999897e-46
6.263200000000000323e+00 9.208399999999999345e-46
6.335799999999999876e+00 9.219100000000000156e-46
6.409200000000000230e+00 9.229199999999999657e-46
6.483500000000000263e+00 9.238399999999999526e-46
6.558699999999999974e+00 9.246800000000000759e-46
6.634699999999999598e+00 9.254400000000000245e-46
6.711599999999999788e+00 9.260899999999999662e-46
6.789399999999999658e+00 9.266499999999999447e-46
6.868100000000000094e+00 9.270899999999999723e-46
6.947700000000000209e+00 9.274199999999999929e-46
7.028200000000000003e+00 9.276199999999999630e-46
7.109700000000000131e+00 9.276999999999999822e-46
7.192099999999999937e+00 9.276400000000000067e-46
7.275500000000000078e+00 9.274400000000000366e-46
7.359799999999999898e+00 9.271000000000000719e-46
7.445100000000000051e+00 9.266000000000000689e-46
7.531399999999999650e+00 9.259400000000000275e-46
7.618699999999999584e+00 9.251100000000000039e-46
7.706999999999999851e+00 9.241099999999999978e-46
7.796400000000000219e+00 9.229100000000000217e-46
7.886700000000000266e+00 9.215200000000000195e-46
7.978100000000000414e+00 9.199199999999999476e-46
8.070600000000000662e+00 9.181000000000000174e-46
8.164199999999999235e+00 9.160499999999999739e-46
8.258800000000000807e+00 9.137499999999999289e-46
8.354499999999999815e+00 9.111899999999999383e-46
8.451399999999999579e+00 9.083600000000000581e-46
8.549300000000000566e+00 9.052500000000000330e-46
8.648400000000000531e+00 9.018600000000000187e-46
8.748699999999999477e+00 8.981600000000000275e-46
8.850099999999999412e+00 8.941500000000000592e-46
8.952700000000000102e+00 8.898400000000000580e-46
9.056400000000000006e+00 8.852000000000000361e-46
9.161400000000000432e+00 7.779599999999999535e-46
9.267599999999999838e+00 3.842000000000000380e-46
9.375000000000000000e+00 2.185600000000000142e-46
9.483700000000000685e+00 1.368700000000000006e-46
9.593600000000000350e+00 9.387500000000000413e-47
9.704800000000000537e+00 6.864700000000000050e-47
9.817299999999999471e+00 5.231500000000000116e-47
9.931100000000000705e+00 4.143299999999999882e-47
1.004599999999999937e+01 3.395899999999999758e-47
1.016300000000000026e+01 2.852399999999999930e-47
1.027999999999999936e+01 2.443699999999999997e-47
1.040000000000000036e+01 2.145199999999999999e-47
1.051999999999999957e+01 1.920200000000000096e-47
1.064199999999999946e+01 1.745899999999999982e-47
1.076500000000000057e+01 1.618400000000000086e-47
1.089000000000000057e+01 1.529500000000000096e-47
1.101600000000000001e+01 1.464600000000000019e-47
1.114400000000000013e+01 1.429299999999999881e-47
1.127299999999999969e+01 1.422899999999999953e-47
1.140399999999999991e+01 1.452000000000000016e-47
1.153599999999999959e+01 1.523900000000000068e-47
1.166999999999999993e+01 1.637099999999999993e-47
1.180499999999999972e+01 1.846900000000000098e-47
1.194200000000000017e+01 2.181600000000000060e-47
1.208000000000000007e+01 2.744000000000000134e-47
1.222000000000000064e+01 3.544299999999999894e-47
1.236200000000000010e+01 3.873600000000000167e-47
1.250500000000000078e+01 3.031499999999999929e-47
1.265000000000000036e+01 2.017700000000000103e-47
1.279700000000000060e+01 1.374499999999999936e-47
1.294500000000000028e+01 9.972900000000000159e-48
1.309500000000000064e+01 7.540699999999999756e-48
1.324699999999999989e+01 5.938100000000000244e-48
1.340099999999999980e+01 4.810999999999999837e-48
1.355599999999999916e+01 3.987100000000000237e-48
1.371299999999999919e+01 3.367599999999999716e-48
1.387199999999999989e+01 2.885599999999999906e-48
1.403299999999999947e+01 2.489500000000000035e-48
1.419599999999999973e+01 2.179300000000000105e-48
1.435999999999999943e+01 1.925899999999999868e-48
1.452699999999999925e+01 1.708000000000000049e-48
1.469500000000000028e+01 1.535500000000000074e-48
1.486500000000000021e+01 1.377399999999999877e-48
1.503800000000000026e+01 1.251899999999999943e-48
1.521199999999999974e+01 1.135599999999999950e-48
1.538799999999999990e+01 1.039900000000000053e-48
1.556700000000000017e+01 9.544200000000000178e-49
1.574699999999999989e+01 8.782000000000000631e-49
1.592999999999999972e+01 8.157200000000000348e-49
1.611400000000000077e+01 7.537200000000000498e-49
1.630099999999999838e+01 7.014899999999999535e-49
1.648999999999999844e+01 6.576400000000000355e-49
1.668100000000000094e+01 6.126000000000000326e-49
1.687399999999999878e+01 5.745299999999999955e-49
1.707000000000000028e+01 5.420800000000000022e-49
1.726800000000000068e+01 5.099300000000000170e-49
1.746799999999999997e+01 4.807599999999999898e-49
1.767000000000000171e+01 4.555600000000000003e-49
1.787500000000000000e+01 4.336399999999999768e-49
1.808200000000000074e+01 4.104600000000000109e-49
1.829200000000000159e+01 3.900799999999999678e-49
1.850400000000000134e+01 3.721999999999999916e-49
1.871900000000000119e+01 3.564099999999999724e-49
1.893599999999999994e+01 3.404899999999999953e-49
1.915500000000000114e+01 3.253700000000000016e-49
1.937699999999999889e+01 3.119500000000000153e-49
1.960200000000000031e+01 2.999700000000000067e-49
1.982900000000000063e+01 2.892300000000000085e-49
2.005900000000000105e+01 2.784100000000000157e-49
2.029100000000000037e+01 2.678199999999999835e-49
2.052599999999999980e+01 2.582999999999999874e-49
2.076399999999999935e+01 2.496999999999999856e-49
2.100499999999999901e+01 2.419099999999999902e-49
2.124800000000000111e+01 2.348299999999999986e-49
2.149500000000000099e+01 2.277899999999999852e-49
2.174399999999999977e+01 2.206200000000000140e-49
2.199599999999999866e+01 2.140899999999999990e-49
2.225100000000000122e+01 2.081199999999999839e-49
2.250900000000000034e+01 2.026699999999999902e-49
2.276999999999999957e+01 1.976599999999999855e-49
2.303399999999999892e+01 1.930499999999999915e-49
2.330099999999999838e+01 1.888100000000000150e-49
2.357100000000000151e+01 1.843400000000000019e-49
2.384400000000000119e+01 1.799399999999999983e-49
2.412000000000000099e+01 1.758799999999999810e-49
2.439999999999999858e+01 1.721299999999999948e-49
2.468299999999999983e+01 1.686600000000000085e-49
2.496900000000000119e+01 1.654499999999999949e-49
2.525799999999999912e+01 1.624699999999999988e-49
2.555099999999999838e+01 1.597099999999999973e-49
2.584700000000000131e+01 1.571399999999999970e-49
2.614699999999999847e+01 1.547499999999999939e-49
2.644999999999999929e+01 1.525199999999999989e-49
2.675600000000000023e+01 1.501100000000000067e-49
2.706700000000000017e+01 1.477499999999999968e-49
2.737999999999999901e+01 1.455599999999999991e-49
2.769800000000000040e+01 1.435300000000000094e-49
2.801899999999999835e+01 1.416299999999999967e-49
2.834299999999999997e+01 1.398599999999999988e-49
2.867200000000000060e+01 1.382199999999999967e-49
2.900400000000000134e+01 1.366799999999999974e-49
2.933999999999999986e+01 1.352600000000000088e-49
2.968100000000000094e+01 1.339299999999999999e-49
3.002499999999999858e+01 1.326900000000000085e-49
3.037300000000000111e+01 1.315399999999999968e-49
3.072500000000000142e+01 1.304800000000000027e-49
3.108099999999999952e+01 1.294899999999999990e-49
3.144099999999999895e+01 1.285700000000000048e-49
3.180600000000000094e+01 1.277200000000000011e-49
3.217399999999999949e+01 1.269300000000000028e-49
3.254699999999999704e+01 1.262099999999999949e-49
3.292399999999999949e+01 1.255499999999999925e-49
3.330599999999999739e+01 1.249399999999999914e-49
3.369200000000000017e+01 1.243799999999999916e-49
3.408299999999999841e+01 1.238799999999999973e-49
3.447800000000000153e+01 1.234200000000000002e-49
3.487700000000000244e+01 1.229499999999999990e-49
3.528199999999999648e+01 1.225099999999999911e-49
3.568999999999999773e+01 1.221200000000000034e-49
3.610399999999999920e+01 1.217699999999999941e-49
3.652300000000000324e+01 1.214800000000000091e-49
3.694599999999999795e+01 1.212400000000000065e-49
3.737400000000000233e+01 1.210400000000000012e-49
3.780700000000000216e+01 1.208799999999999931e-49
3.824600000000000222e+01 1.207700000000000053e-49
3.868900000000000006e+01 1.207099999999999999e-49
3.913700000000000045e+01 1.206800000000000067e-49
3.959100000000000108e+01 1.206899999999999918e-49
4.004999999999999716e+01 1.207399999999999931e-49
4.051400000000000290e+01 1.208299999999999918e-49
4.098400000000000176e+01 1.209600000000000066e-49
4.145900000000000318e+01 1.211199999999999957e-49
4.193900000000000006e+01 1.213200000000000010e-49
4.242600000000000193e+01 1.215600000000000037e-49
4.291700000000000159e+01 1.218299999999999995e-49
4.341499999999999915e+01 1.221399999999999926e-49
4.391799999999999926e+01 1.224799999999999978e-49
4.442699999999999960e+01 1.228600000000000004e-49
4.494200000000000017e+01 1.232699999999999962e-49
4.546300000000000097e+01 1.236399999999999947e-49
4.599000000000000199e+01 1.240300000000000013e-49
4.652300000000000324e+01 1.244500000000000011e-49
4.706199999999999761e+01 1.248900000000000091e-49
4.760799999999999699e+01 1.253699999999999953e-49
4.815999999999999659e+01 1.258700000000000086e-49
4.871800000000000352e+01 1.263899999999999921e-49
4.928199999999999648e+01 1.269499999999999919e-49
4.985399999999999920e+01 1.275299999999999998e-49
5.043200000000000216e+01 1.281400000000000009e-49
5.101599999999999824e+01 1.287799999999999952e-49
5.160699999999999932e+01 1.294399999999999977e-49
5.220600000000000307e+01 1.301399999999999974e-49
5.281099999999999994e+01 1.308600000000000052e-49
5.342300000000000182e+01 1.316000000000000022e-49
5.404200000000000159e+01 1.323799999999999964e-49
5.466899999999999693e+01 1.331900000000000029e-49
5.530199999999999960e+01 1.340199999999999985e-49
5.594299999999999784e+01 1.348800000000000062e-49
5.659199999999999875e+01 1.357799999999999923e-49
5.724799999999999756e+01 1.367000000000000055e-49
5.791100000000000136e+01 1.376499999999999929e-49
5.858200000000000074e+01 1.386299999999999925e-49
5.926200000000000045e+01 1.396500000000000083e-49
5.994800000000000040e+01 1.406899999999999943e-49
6.064300000000000068e+01 1.417699999999999966e-49
6.134599999999999653e+01 1.428700000000000070e-49
6.205700000000000216e+01 1.440099999999999957e-49
6.277700000000000102e+01 1.451900000000000006e-49
6.350399999999999778e+01 1.463899999999999947e-49
6.423999999999999488e+01 1.476300000000000050e-49
6.498499999999999943e+01 1.489099999999999936e-49
6.573799999999999955e+01 1.502199999999999944e-49
6.650000000000000000e+01 1.515699999999999925e-49
6.727100000000000080e+01 1.527700000000000056e-49
6.805100000000000193e+01 1.539300000000000024e-49
6.884000000000000341e+01 1.551100000000000073e-49
6.963700000000000045e+01 1.563200000000000055e-49
7.044499999999999318e+01 1.575700000000000009e-49
7.126099999999999568e+01 1.588400000000000044e-49
7.208700000000000330e+01 1.601400000000000012e-49
7.292300000000000182e+01 1.614699999999999911e-49
7.376800000000000068e+01 1.628299999999999933e-49
7.462300000000000466e+01 1.642299999999999927e-49
7.548799999999999955e+01 1.656500000000000002e-49
7.636299999999999955e+01 1.671100000000000050e-49
7.724800000000000466e+01 1.686000000000000031e-49
7.814400000000000546e+01 1.701299999999999984e-49
7.904900000000000659e+01 1.716900000000000058e-49
7.996599999999999397e+01 1.732799999999999876e-49
8.089199999999999591e+01 1.749099999999999855e-49
8.182999999999999829e+01 1.765799999999999997e-49
8.277899999999999636e+01 1.782800000000000072e-49
8.373799999999999955e+01 1.800199999999999929e-49
8.470900000000000318e+01 1.817999999999999949e-49
8.569100000000000250e+01 1.836099999999999900e-49
8.668399999999999750e+01 1.854699999999999865e-49
8.768899999999999295e+01 1.873699999999999993e-49
8.870499999999999829e+01 1.889499999999999959e-49
8.973300000000000409e+01 1.905500000000000007e-49
9.077299999999999613e+01 1.921899999999999837e-49
9.182500000000000284e+01 1.938699999999999830e-49
9.289000000000000057e+01 1.955699999999999905e-49
9.396599999999999397e+01 1.973100000000000142e-49
9.505599999999999739e+01 1.990799999999999931e-49
9.615699999999999648e+01 2.008800000000000032e-49
9.727200000000000557e+01 2.027199999999999916e-49
9.840000000000000568e+01 2.045900000000000111e-49
9.954000000000000625e+01 2.065000000000000090e-49
1.006899999999999977e+02 2.084499999999999851e-49
1.018599999999999994e+02 2.104299999999999924e-49
1.030400000000000063e+02 2.124600000000000011e-49
1.042399999999999949e+02 2.145200000000000029e-49
1.054399999999999977e+02 2.166199999999999831e-49
1.066700000000000017e+02 2.187600000000000175e-49
1.079000000000000057e+02 2.209500000000000152e-49
1.091500000000000057e+02 2.231700000000000061e-49
1.104200000000000017e+02 2.254399999999999984e-49
1.117000000000000028e+02 2.277599999999999920e-49
1.129899999999999949e+02 2.301200000000000019e-49
1.142999999999999972e+02 2.322399999999999901e-49
1.156299999999999955e+02 2.342299999999999825e-49
1.169699999999999989e+02 2.362599999999999912e-49
1.183199999999999932e+02 2.383199999999999930e-49
1.197000000000000028e+02 2.404200000000000111e-49
1.210799999999999983e+02 2.425600000000000075e-49
1.224899999999999949e+02 2.447299999999999971e-49
1.239099999999999966e+02 2.469499999999999881e-49
1.253400000000000034e+02 2.492000000000000102e-49
1.267999999999999972e+02 2.514900000000000106e-49
1.282599999999999909e+02 2.538300000000000123e-49
1.297500000000000000e+02 2.562099999999999924e-49
1.312599999999999909e+02 2.586299999999999886e-49
1.327800000000000011e+02 2.610900000000000012e-49
1.343199999999999932e+02 2.636100000000000001e-49
1.358700000000000045e+02 2.661599999999999923e-49
1.374499999999999886e+02 2.687700000000000088e-49
1.390399999999999920e+02 2.714200000000000037e-49
1.406500000000000057e+02 2.741299999999999849e-49
1.422800000000000011e+02 2.768900000000000055e-49
1.439300000000000068e+02 2.796900000000000043e-49
1.455999999999999943e+02 2.825600000000000126e-49
1.472899999999999920e+02 2.853499999999999884e-49
1.490000000000000000e+02 2.877699999999999847e-49
1.507199999999999989e+02 2.902200000000000121e-49
1.524699999999999989e+02 2.927299999999999880e-49
1.542400000000000091e+02 2.952699999999999951e-49
1.560200000000000102e+02 2.978600000000000035e-49
1.578300000000000125e+02 3.005000000000000133e-49
1.596599999999999966e+02 3.031800000000000013e-49
1.615099999999999909e+02 3.059200000000000137e-49
1.633899999999999864e+02 3.087000000000000044e-49
1.652800000000000011e+02 3.115399999999999815e-49
1.671899999999999977e+02 3.144200000000000129e-49
1.691299999999999955e+02 3.173599999999999927e-49
1.710900000000000034e+02 3.203599999999999969e-49
1.730800000000000125e+02 3.234100000000000024e-49
1.750800000000000125e+02 3.265199999999999943e-49
1.771100000000000136e+02 3.296900000000000106e-49
1.791699999999999875e+02 3.329299999999999984e-49
1.812400000000000091e+02 3.362199999999999875e-49
1.833400000000000034e+02 3.395799999999999861e-49
1.854699999999999989e+02 3.429999999999999712e-49
1.876200000000000045e+02 3.464899999999999656e-49
1.897899999999999920e+02 3.500499999999999696e-49
1.919900000000000091e+02 3.532099999999999628e-49
1.942199999999999989e+02 3.562099999999999670e-49
1.964699999999999989e+02 3.592799999999999807e-49
1.987500000000000000e+02 3.623900000000000106e-49
2.010500000000000114e+02 3.655699999999999740e-49
2.033799999999999955e+02 3.688099999999999998e-49
2.057400000000000091e+02 3.720999999999999889e-49
2.081200000000000045e+02 3.754599999999999875e-49
2.105300000000000011e+02 3.788899999999999956e-49
2.129699999999999989e+02 3.823799999999999900e-49
2.154399999999999977e+02 3.859299999999999709e-49
2.179399999999999977e+02 3.895599999999999843e-49
2.204699999999999989e+02 3.932499999999999842e-49
2.230200000000000102e+02 3.970200000000000165e-49
2.256100000000000136e+02 4.008700000000000054e-49
2.282199999999999989e+02 4.047900000000000038e-49
2.308700000000000045e+02 4.087900000000000347e-49
2.335399999999999920e+02 4.128700000000000221e-49
2.362500000000000000e+02 4.170299999999999661e-49
2.389900000000000091e+02 4.212799999999999657e-49
2.417599999999999909e+02 4.256200000000000209e-49
2.445600000000000023e+02 4.300499999999999797e-49
2.474000000000000057e+02 4.342500000000000159e-49
2.502599999999999909e+02 4.380000000000000021e-49
2.531599999999999966e+02 4.418199999999999978e-49
2.561000000000000227e+02 4.457100000000000030e-49
2.590699999999999932e+02 4.496799999999999647e-49
2.620699999999999932e+02 4.537300000000000349e-49
2.651100000000000136e+02 4.578499999999999627e-49
2.681800000000000068e+02 4.620600000000000220e-49
2.712900000000000205e+02 4.663500000000000378e-49
2.744300000000000068e+02 4.707300000000000333e-49
2.776200000000000045e+02 4.751899999999999853e-49
2.808299999999999841e+02 4.797500000000000160e-49
2.840899999999999750e+02 4.844000000000000262e-49
2.873799999999999955e+02 4.891400000000000161e-49
2.907099999999999795e+02 4.939800000000000087e-49
2.940799999999999841e+02 4.989300000000000270e-49
2.974900000000000091e+02 5.039700000000000249e-49
3.009399999999999977e+02 5.091199999999999725e-49
3.044300000000000068e+02 5.143899999999999690e-49
3.079599999999999795e+02 5.197599999999999681e-49
3.115299999999999727e+02 5.252500000000000160e-49
3.151399999999999864e+02 5.308600000000000367e-49
3.187900000000000205e+02 5.360399999999999776e-49
3.224800000000000182e+02 5.407899999999999906e-49
3.262200000000000273e+02 5.456400000000000062e-49
3.300000000000000000e+02 5.505900000000000245e-49
3.338299999999999841e+02 5.556300000000000224e-49
3.376999999999999886e+02 5.607799999999999700e-49
3.416100000000000136e+02 5.660299999999999963e-49
3.455699999999999932e+02 5.713899999999999724e-49
3.495799999999999841e+02 5.768599999999999742e-49
3.536299999999999955e+02 5.824400000000000017e-49
3.577300000000000182e+02 5.881400000000000020e-49
3.618700000000000045e+02 5.939599999999999752e-49
3.660699999999999932e+02 5.998999999999999972e-49
3.703100000000000023e+02 6.059700000000000150e-49
3.746100000000000136e+02 6.121700000000000287e-49
3.789499999999999886e+02 6.184999999999999623e-49
3.833399999999999750e+02 6.249599999999999677e-49
3.877799999999999727e+02 6.315700000000000152e-49
3.922799999999999727e+02 6.383200000000000056e-49
3.968199999999999932e+02 6.452200000000000380e-49
4.014200000000000159e+02 6.522799999999999835e-49
4.060799999999999841e+02 6.591999999999999860e-49
4.107799999999999727e+02 6.651899999999999713e-49
4.155500000000000114e+02 6.713000000000000054e-49
4.203600000000000136e+02 6.775300000000000123e-49
4.252300000000000182e+02 6.838999999999999622e-49
4.301600000000000250e+02 6.904000000000000599e-49
4.351499999999999773e+02 6.970300000000000015e-49
4.401899999999999977e+02 7.037999999999999620e-49
4.453000000000000114e+02 7.107199999999999646e-49
4.504599999999999795e+02 7.177799999999999861e-49
4.556800000000000068e+02 7.249900000000000495e-49
4.609599999999999795e+02 7.323500000000000031e-49
4.663000000000000114e+02 7.398800000000000447e-49
4.717099999999999795e+02 7.475699999999999994e-49
4.771800000000000068e+02 7.554200000000000192e-49
4.827099999999999795e+02 7.634499999999999982e-49
4.883000000000000114e+02 7.716500000000000654e-49
4.939599999999999795e+02 7.800399999999999629e-49
4.996899999999999977e+02 7.886099999999999715e-49
5.054800000000000182e+02 7.973799999999999855e-49
5.113399999999999750e+02 8.063399999999999817e-49
5.172699999999999818e+02 8.146899999999999389e-49
5.232599999999999909e+02 8.223100000000000361e-49
5.293300000000000409e+02 8.300900000000000465e-49
5.354600000000000364e+02 8.380199999999999469e-49
5.416699999999999591e+02 8.461299999999999584e-49
5.479500000000000455e+02 8.544000000000000350e-49
5.542999999999999545e+02 8.628500000000000708e-49
5.607200000000000273e+02 8.714899999999999370e-49
5.672200000000000273e+02 8.803000000000000432e-49
5.737999999999999545e+02 8.893100000000000028e-49
5.804500000000000455e+02 8.985099999999999447e-49
5.871799999999999500e+02 9.079100000000000439e-49
5.939800000000000182e+02 9.175200000000000196e-49
6.008700000000000045e+02 9.273500000000000467e-49
6.078300000000000409e+02 9.373799999999999272e-49
6.148799999999999955e+02 9.476500000000000572e-49
6.220000000000000000e+02 9.581399999999999348e-49
6.292100000000000364e+02 9.688799999999999331e-49
6.365099999999999909e+02 9.798500000000000058e-49
6.438899999999999864e+02 9.910800000000000703e-49
6.513500000000000227e+02 1.002099999999999955e-48
6.588999999999999773e+02 1.011599999999999980e-48
6.665399999999999636e+02 1.021399999999999938e-48
6.742599999999999909e+02 1.031299999999999975e-48
6.820800000000000409e+02 1.041499999999999944e-48
6.899800000000000182e+02 1.051900000000000069e-48
6.979800000000000182e+02 1.062500000000000049e-48
7.060700000000000500e+02 1.073399999999999960e-48
7.142599999999999909e+02 1.084399999999999950e-48
7.225299999999999727e+02 1.095700000000000024e-48
7.309099999999999682e+02 1.107300000000000030e-48
7.393799999999999955e+02 1.119100000000000041e-48
7.479500000000000455e+02 1.131199999999999985e-48
7.566200000000000045e+02 1.143600000000000012e-48
7.653899999999999864e+02 1.156200000000000045e-48
7.742599999999999909e+02 1.169100000000000010e-48
7.832400000000000091e+02 1.182300000000000059e-48
7.923200000000000500e+02 1.195800000000000039e-48
8.015000000000000000e+02 1.209599999999999952e-48
8.107899999999999636e+02 1.223800000000000028e-48
8.201900000000000546e+02 1.237199999999999930e-48
8.297000000000000455e+02 1.249300000000000025e-48
8.393099999999999454e+02 1.261599999999999974e-48
8.490399999999999636e+02 1.274099999999999928e-48
8.588799999999999955e+02 1.286899999999999966e-48
8.688400000000000318e+02 1.299999999999999936e-48
8.789099999999999682e+02 1.313399999999999990e-48
8.891000000000000227e+02 1.327099999999999977e-48
8.993999999999999773e+02 1.341100000000000047e-48
9.098300000000000409e+02 1.355400000000000049e-48
9.203700000000000045e+02 1.370000000000000135e-48
9.310399999999999636e+02 1.384899999999999849e-48
9.418300000000000409e+02 1.400099999999999952e-48
9.527500000000000000e+02 1.415700000000000064e-48
9.637899999999999636e+02 1.431699999999999884e-48
9.749600000000000364e+02 1.448000000000000092e-48
9.862699999999999818e+02 1.464700000000000006e-48
9.977000000000000455e+02 1.481799999999999931e-48
1.009299999999999955e+03 1.499299999999999867e-48
1.021000000000000000e+03 1.517200000000000117e-48
1.032799999999999955e+03 1.532600000000000073e-48
1.044799999999999955e+03 1.547799999999999871e-48
1.056900000000000091e+03 1.563300000000000057e-48
1.069099999999999909e+03 1.579199999999999950e-48
1.081500000000000000e+03 1.595499999999999854e-48
1.094099999999999909e+03 1.611999999999999915e-48
1.106700000000000045e+03 1.628999999999999913e-48
1.119599999999999909e+03 1.646299999999999996e-48
1.132500000000000000e+03 1.664000000000000089e-48
1.145700000000000045e+03 1.682099999999999888e-48
1.158900000000000091e+03 1.700600000000000003e-48
1.172400000000000091e+03 1.719500000000000128e-48
1.186000000000000000e+03 1.738799999999999960e-48
1.199700000000000045e+03 1.758600000000000033e-48
1.213599999999999909e+03 1.778900000000000044e-48
1.227700000000000045e+03 1.799600000000000065e-48
1.241900000000000091e+03 1.820800000000000023e-48
1.256299999999999955e+03 1.842399999999999993e-48
1.270900000000000091e+03 1.864600000000000130e-48
1.285599999999999909e+03 1.884799999999999910e-48
1.300500000000000000e+03 1.903700000000000035e-48
1.315599999999999909e+03 1.922999999999999867e-48
1.330799999999999955e+03 1.942700000000000013e-48
1.346299999999999955e+03 1.962900000000000097e-48
1.361900000000000091e+03 1.983499999999999888e-48
1.377700000000000045e+03 2.004499999999999993e-48
1.393599999999999909e+03 2.026000000000000036e-48
1.409799999999999955e+03 2.048000000000000016e-48
1.426099999999999909e+03 2.070499999999999933e-48
1.442599999999999909e+03 2.093500000000000092e-48
1.459400000000000091e+03 2.116999999999999884e-48
1.476299999999999955e+03 2.141100000000000148e-48
1.493400000000000091e+03 2.165700000000000045e-48
1.510700000000000045e+03 2.190799999999999880e-48
1.528200000000000045e+03 2.216600000000000114e-48
1.545900000000000091e+03 2.242899999999999981e-48
1.563799999999999955e+03 2.269899999999999942e-48
1.582000000000000000e+03 2.297500000000000072e-48
1.600299999999999955e+03 2.322800000000000064e-48
1.618900000000000091e+03 2.346299999999999856e-48
1.637599999999999909e+03 2.370400000000000120e-48
1.656599999999999909e+03 2.394900000000000091e-48
1.675799999999999955e+03 2.419999999999999926e-48
1.695200000000000045e+03 2.445600000000000002e-48
1.714900000000000091e+03 2.471799999999999942e-48
1.734799999999999955e+03 2.498600000000000050e-48
1.754900000000000091e+03 2.526000000000000023e-48
1.775200000000000045e+03 2.553999999999999859e-48
1.795799999999999955e+03 2.582599999999999864e-48
1.816599999999999909e+03 2.611899999999999963e-48
1.837700000000000045e+03 2.641799999999999926e-48
1.859000000000000000e+03 2.672499999999999910e-48
1.880500000000000000e+03 2.703800000000000063e-48
1.902299999999999955e+03 2.735899999999999933e-48
1.924400000000000091e+03 2.768699999999999897e-48
1.946700000000000045e+03 2.802300000000000187e-48
1.969200000000000045e+03 2.836699999999999891e-48
1.992000000000000000e+03 2.867499999999999802e-48
2.015099999999999909e+03 2.896800000000000205e-48
2.038500000000000000e+03 2.926800000000000095e-48
2.062099999999999909e+03 2.957400000000000152e-48
2.086000000000000000e+03 2.988599999999999771e-48
2.110199999999999818e+03 3.020600000000000018e-48
2.134699999999999818e+03 3.053199999999999825e-48
2.159400000000000091e+03 3.086600000000000261e-48
2.184400000000000091e+03 3.120800000000000112e-48
2.209800000000000182e+03 3.155700000000000056e-48
2.235400000000000091e+03 3.191400000000000023e-48
2.261300000000000182e+03 3.227999999999999937e-48
2.287500000000000000e+03 3.265299999999999946e-48
2.314000000000000000e+03 3.303599999999999829e-48
2.340800000000000182e+03 3.342699999999999734e-48
2.368000000000000000e+03 3.382700000000000195e-48
2.395400000000000091e+03 3.423699999999999923e-48
2.423199999999999818e+03 3.465700000000000134e-48
2.451300000000000182e+03 3.508600000000000292e-48
2.479699999999999818e+03 3.544899999999999818e-48
2.508400000000000091e+03 3.581499999999999733e-48
2.537500000000000000e+03 3.618900000000000276e-48
2.566900000000000091e+03 3.657100000000000233e-48
2.596699999999999818e+03 3.696100000000000211e-48
2.626800000000000182e+03 3.736000000000000138e-48
2.657199999999999818e+03 3.776800000000000012e-48
2.688000000000000000e+03 3.818499999999999835e-48
2.719199999999999818e+03 3.861200000000000140e-48
2.750699999999999818e+03 3.904799999999999785e-48
2.782599999999999909e+03 3.949399999999999913e-48
2.814800000000000182e+03 3.994999999999999916e-48
2.847400000000000091e+03 4.041699999999999720e-48
2.880400000000000091e+03 4.089499999999999934e-48
2.913800000000000182e+03 4.138399999999999948e-48
2.947599999999999909e+03 4.188500000000000299e-48
2.981800000000000182e+03 4.239699999999999844e-48
3.016300000000000182e+03 4.292200000000000259e-48
3.051300000000000182e+03 4.342699999999999709e-48
3.086699999999999818e+03 4.387399999999999763e-48
3.122400000000000091e+03 4.433100000000000301e-48
3.158599999999999909e+03 4.479800000000000105e-48
3.195199999999999818e+03 4.527599999999999710e-48
3.232300000000000182e+03 4.576399999999999799e-48
3.269699999999999818e+03 4.626300000000000296e-48
3.307599999999999909e+03 4.677299999999999987e-48
3.346000000000000000e+03 4.729400000000000088e-48
3.384800000000000182e+03 4.782799999999999843e-48
3.424000000000000000e+03 4.837300000000000007e-48
3.463699999999999818e+03 4.893099999999999827e-48
3.503800000000000182e+03 4.950199999999999909e-48
3.544500000000000000e+03 5.008600000000000254e-48
3.585500000000000000e+03 5.068400000000000180e-48
3.627099999999999909e+03 5.129600000000000295e-48
3.669099999999999909e+03 5.192199999999999993e-48
3.711699999999999818e+03 5.256399999999999733e-48
3.754699999999999818e+03 5.322000000000000270e-48
3.798199999999999818e+03 5.379500000000000058e-48
3.842199999999999818e+03 5.435399999999999805e-48
3.886800000000000182e+03 5.492599999999999813e-48
3.931800000000000182e+03 5.550999999999999550e-48
3.977400000000000091e+03 5.610799999999999477e-48
4.023500000000000000e+03 5.671799999999999739e-48
4.070099999999999909e+03 5.734200000000000190e-48
4.117300000000000182e+03 5.798099999999999542e-48
4.165000000000000000e+03 5.863300000000000373e-48
4.213300000000000182e+03 5.930100000000000030e-48
4.262199999999999818e+03 5.998399999999999804e-48
4.311600000000000364e+03 6.068199999999999693e-48
4.361500000000000000e+03 6.139699999999999552e-48
4.412100000000000364e+03 6.212900000000000596e-48
4.463199999999999818e+03 6.287700000000000467e-48
4.515000000000000000e+03 6.364400000000000161e-48
4.567300000000000182e+03 6.442799999999999825e-48
4.620199999999999818e+03 6.523200000000000453e-48
4.673800000000000182e+03 6.600599999999999634e-48
4.728000000000000000e+03 6.669100000000000477e-48
4.782800000000000182e+03 6.739100000000000220e-48
4.838199999999999818e+03 6.810700000000000005e-48
4.894300000000000182e+03 6.883799999999999907e-48
4.951000000000000000e+03 6.958599999999999778e-48
5.008399999999999636e+03 7.035099999999999619e-48
5.066500000000000000e+03 7.113199999999999502e-48
5.125199999999999818e+03 7.193200000000000424e-48
5.184600000000000364e+03 7.274900000000000100e-48
5.244699999999999818e+03 7.358499999999999598e-48
5.305500000000000000e+03 7.444100000000000062e-48
5.367000000000000000e+03 7.531600000000000348e-48
5.429199999999999818e+03 7.621200000000000311e-48
5.492100000000000364e+03 7.712899999999999950e-48
5.555800000000000182e+03 7.806700000000000481e-48
5.620199999999999818e+03 7.902800000000000541e-48
5.685300000000000182e+03 8.001100000000000204e-48
5.751199999999999818e+03 8.101800000000000539e-48
5.817899999999999636e+03 8.187599999999999641e-48
5.885300000000000182e+03 8.273399999999999958e-48
5.953500000000000000e+03 8.361100000000000098e-48
6.022500000000000000e+03 8.450700000000000061e-48
6.092300000000000182e+03 8.542399999999999699e-48
6.163000000000000000e+03 8.636000000000000377e-48
6.234399999999999636e+03 8.731799999999999442e-48
6.306699999999999818e+03 8.829800000000000540e-48
6.379800000000000182e+03 8.929900000000000100e-48
6.453699999999999818e+03 9.032400000000000331e-48
6.528500000000000000e+03 9.137200000000000092e-48
6.604199999999999818e+03 9.244500000000000452e-48
6.680699999999999818e+03 9.354200000000000268e-48
6.758199999999999818e+03 9.466499999999999393e-48
6.836500000000000000e+03 9.581500000000000187e-48
6.915800000000000182e+03 9.699200000000000216e-48
6.995899999999999636e+03 9.819699999999999409e-48
7.077000000000000000e+03 9.943000000000000196e-48
7.159000000000000000e+03 1.005700000000000051e-47
7.242000000000000000e+03 1.016200000000000012e-47
7.326000000000000000e+03 1.026899999999999949e-47
7.410899999999999636e+03 1.037900000000000030e-47
7.496800000000000182e+03 1.049200000000000013e-47
7.583699999999999818e+03 1.060600000000000044e-47
7.671600000000000364e+03 1.072400000000000025e-47
7.760500000000000000e+03 1.084399999999999980e-47
7.850500000000000000e+03 1.096700000000000081e-47
7.941500000000000000e+03 1.109199999999999914e-47
8.033500000000000000e+03 1.122099999999999939e-47
8.126600000000000364e+03 1.135200000000000061e-47
8.220799999999999272e+03 1.148699999999999890e-47
8.316100000000000364e+03 1.162400000000000059e-47
8.412500000000000000e+03 1.176499999999999934e-47
8.510000000000000000e+03 1.191000000000000002e-47
8.608600000000000364e+03 1.205699999999999924e-47
8.708399999999999636e+03 1.220800000000000039e-47
8.809399999999999636e+03 1.235700000000000057e-47
8.911500000000000000e+03 1.248600000000000083e-47
9.014799999999999272e+03 1.261799999999999888e-47
9.119299999999999272e+03 1.275299999999999960e-47
9.225000000000000000e+03 1.288999999999999886e-47
9.331899999999999636e+03 1.303100000000000004e-47
9.440100000000000364e+03 1.317499999999999902e-47
9.549500000000000000e+03 1.332200000000000067e-47
9.660200000000000728e+03 1.347299999999999939e-47
9.772100000000000364e+03 1.362700000000000077e-47
9.885399999999999636e+03 1.378499999999999922e-47
1.000000000000000000e+04 1.394600000000000033e-47
