1.000000000000000056e-01 2.332585159043704218e-43
1.047370897959449404e-01 2.422611927967093092e-43
1.096985797892383457e-01 2.515799495965187862e-43
1.148951000187309196e-01 2.612186482462532167e-43
1.203377840777589552e-01 2.711807737416102053e-43
1.260382929679727537e-01 2.814693880923242599e-43
1.320088400831417874e-01 2.920870881905917989e-43
1.382622173764655737e-01 3.030359527652922972e-43
1.448118227674533853e-01 3.143174955314482362e-43
1.516716888470922842e-01 3.259326213054323509e-43
1.588565129428052836e-01 3.378815492528456215e-43
1.663816886076129042e-01 3.501636268901343466e-43
1.742633386009649898e-01 3.627776154047026728e-43
1.825183494319043420e-01 3.757215314489306602e-43
1.911644075385702246e-01 3.889925768869518813e-43
2.002200371815584523e-01 4.025871060812086408e-43
2.097046401323232889e-01 4.165005991152566098e-43
2.196385372416545800e-01 4.307276393757233580e-43
2.300430119772917947e-01 4.452618889940529684e-43
2.409403560239525011e-01 4.600960813613131118e-43
2.523539170434765944e-01 4.752220171257482873e-43
2.643081486974105387e-01 4.906305677728610364e-43
2.768286630392066128e-01 5.063116767945762813e-43
2.899422853882876461e-01 5.222542780115680755e-43
3.036771118035458406e-01 5.384465381933664934e-43
3.180625692794118997e-01 5.548758406746909585e-43
3.331294787934673263e-01 5.715287998116773883e-43
3.489101213406772817e-01 5.883913233443479300e-43
3.654383070957256119e-01 6.054486856942287777e-43
3.827494478516312304e-01 6.226856122259803476e-43
4.008806328898465443e-01 6.400863743551851023e-43
4.198707084443910054e-01 6.576348952275227440e-43
4.397603609302719874e-01 6.753148655298720807e-43
4.605922041145105728e-01 6.931098688244834933e-43
4.824108704165370187e-01 7.110035156265507170e-43
5.052631065335680960e-01 7.059569000038168167e-43
5.291978735958442481e-01 6.881430627137459187e-43
5.542664520663105332e-01 6.692681982558307002e-43
5.805225516094898452e-01 6.535484279096922100e-43
6.080224261649423978e-01 6.405127816014763903e-43
6.368249944718588074e-01 6.297760093327284159e-43
6.669919663030121626e-01 6.204280064234020137e-43
6.985879746785247368e-01 6.097974875910064475e-43
7.316807143427196403e-01 6.010592799357844785e-43
7.663410868007458632e-01 5.939620810705619046e-43
8.026433522257175879e-01 5.882968744466576525e-43
8.406652885618325355e-01 5.838871635970109963e-43
8.804883581643462298e-01 5.499854603242505360e-43
9.221978823334326947e-01 4.958460407062327745e-43
9.658832241158703535e-01 4.437238493512913445e-43
1.011637979766206952e+00 4.002061770295345500e-43
1.059560179277615921e+00 3.646915903582237826e-43
1.109752496412072187e+00 3.354294100534975477e-43
1.162322468679852339e+00 3.111148835102133101e-43
1.217382727739661386e+00 2.907624751004469333e-43
1.275051240713013456e+00 2.736185724903594718e-43
1.335451562929898861e+00 2.590998322377694152e-43
1.398713102647238582e+00 2.467496167150432794e-43
1.464971398307285622e+00 2.362069645910366642e-43
1.534368408930012473e+00 2.271840786005854479e-43
1.607052818261639260e+00 2.194498535329294712e-43
1.683180353330956613e+00 2.128169707389997035e-43
1.762914118095948002e+00 2.071325974431851484e-43
1.846424942895543486e+00 1.940320258633244930e-43
1.933891750455231096e+00 1.782054001700565117e-43
2.025501939230667681e+00 1.650111462044405576e-43
2.121451784910629801e+00 1.539367764297630879e-43
2.221946860939523649e+00 1.445880009848725554e-43
2.327202478960408438e+00 1.366582951258258109e-43
2.437444150122220599e+00 1.299069554204736980e-43
2.552908068239517991e+00 1.241430596675235967e-43
2.673841615839946506e+00 1.192140460750173100e-43
2.800503894183631104e+00 1.149968707445121243e-43
2.933166278390043846e+00 1.113916197738747305e-43
3.072112998861757482e+00 1.083168076703160960e-43
3.217641750250737065e+00 1.057053475054133841e-43
3.370064329271928116e+00 1.035020012612460896e-43
3.529707302730650031e+00 1.016608481847105120e-43
3.696912707195028513e+00 1.001437457080756498e-43
3.872038781812555008e+00 9.891886973595712734e-44
4.055460735840830111e+00 9.795953335551473786e-44
4.247571552536898665e+00 9.724347530060243538e-44
4.448782831127584991e+00 9.675204633169404810e-44
4.659525668664682208e+00 9.646960873960756477e-44
4.880251583654430902e+00 9.638316081118344512e-44
5.111433483440167791e+00 9.648192056241962793e-44
5.353566677410724672e+00 9.675700616748496143e-44
5.607169938205458060e+00 9.720118193542424285e-44
5.872786613189482807e+00 9.780864928880209583e-44
6.150985788580500824e+00 9.857487278170245283e-44
6.442363508721373755e+00 9.949643669454112597e-44
6.747544053110693163e+00 1.005709244166811976e-43
7.067181273927491070e+00 1.017968155180332607e-43
7.401959996915644879e+00 1.031734050452277247e-43
7.752597488629460187e+00 1.047007325415071301e-43
8.119844993184013759e+00 1.063795232675323542e-43
8.504489341802678126e+00 1.082111397316477393e-43
8.907354638610438968e+00 1.101975411923001485e-43
9.329304026284686913e+00 1.123412512271660751e-43
9.771241535346495866e+00 1.146453373629773349e-43
1.023411402105452694e+01 1.171134241235071550e-43
1.071891319205127502e+01 1.197496100360353454e-43
1.122667773510813660e+01 1.225584737383786995e-43
1.175849554052156876e+01 1.255451201315795612e-43
1.231550603292826196e+01 1.287151536212761336e-43
1.289890261253307990e+01 1.320745930651426339e-43
1.350993521198026492e+01 1.356300271896498667e-43
1.414991297434575834e+01 1.393884950588776024e-43
1.482020705798858629e+01 1.433575067968378698e-43
1.552225357427047925e+01 1.475451682584962512e-43
1.625755666443794922e+01 1.519599795285505475e-43
1.702769172225899652e+01 1.566111112403026866e-43
1.783430876931909381e+01 1.615081309354447698e-43
1.867913599020782911e+01 1.666613188977807206e-43
1.956398343517064831e+01 1.720813850092706740e-43
2.049074689815848060e+01 1.777797739121145901e-43
2.146141197858403515e+01 1.837684495548026633e-43
2.247805833548725118e+01 1.900600583893785547e-43
2.354286414322417897e+01 1.966679637039108833e-43
2.465811075822603726e+01 2.036060974855745967e-43
2.582618760682677461e+01 2.108892494377755905e-43
2.704959730463134449e+01 2.185045036744089048e-43
2.833096101839324277e+01 2.264333893506977013e-43
2.967302408188869478e+01 2.347541372036540429e-43
3.107866187782013867e+01 2.434845069700277010e-43
3.255088599835060137e+01 2.526430785738946258e-43
3.409285069746810848e+01 2.622493351707904853e-43
3.570785964900462517e+01 2.723238100007416673e-43
3.739937302478797676e+01 2.828880399174572860e-43
3.917101490809260866e+01 2.939645304759693879e-43
4.102658105827194390e+01 3.055769487506946583e-43
4.297004704320839608e+01 3.177501441249337791e-43
4.500557675700497384e+01 3.305101713382924523e-43
4.713753134116723942e+01 3.438842898913224019e-43
4.937047852839003781e+01 3.579010838944872996e-43
5.170920242896760755e+01 3.725905649489368035e-43
5.415871378079470588e+01 3.879841881091391898e-43
5.672426068491977702e+01 4.041149192538208932e-43
5.941133984965033932e+01 4.210172796827577969e-43
6.222570836730231036e+01 4.387274165643366855e-43
6.517339604882427295e+01 4.572832611557455280e-43
6.826071834272386241e+01 4.767245594178049088e-43
7.149428986597577307e+01 4.970929555143955646e-43
7.488103857590023438e+01 5.184320809121567132e-43
7.842822061337682271e+01 5.407876483793702316e-43
8.214343584919430441e+01 5.642075183457120288e-43
8.603464416684499838e+01 5.887418333356081663e-43
9.011018251665018397e+01 6.144431529396597636e-43
9.437878277775381264e+01 6.413665376383285426e-43
9.884959046625586154e+01 6.695696667079222972e-43
1.035321843295662632e+02 6.991129617440821940e-43
1.084365968689610895e+02 7.300597160667100374e-43
1.135733358343105124e+02 7.624762302829164053e-43
1.189534067370319548e+02 7.964319544852060747e-43
1.245883364295008136e+02 8.319996359978976420e-43
1.304901978014403028e+02 8.692554501669995060e-43
1.366716356462007411e+02 9.082792057658322950e-43
1.431458937523478596e+02 9.491545096137509406e-43
1.499268432786045651e+02 9.919689356848245657e-43
1.570290124729377510e+02 1.036814212715762347e-42
1.644676177994664386e+02 1.083786420717591674e-42
1.722585965398787380e+02 1.132986196811866875e-42
1.804186409392071653e+02 1.184518950832232339e-42
1.889652339691209590e+02 1.238495091153075564e-42
1.979166867853557505e+02 1.295030261228945608e-42
2.072921779595371845e+02 1.354245587351390965e-42
2.171117945694505238e+02 1.416267938153905424e-42
2.273965752357927386e+02 1.481230196420850072e-42
2.381685551976158308e+02 1.549271543782627970e-42
2.494508135230316554e+02 1.620537758938638776e-42
2.612675225563328922e+02 1.695181530283665844e-42
2.736439997074671737e+02 1.773362782444945147e-42
2.866067616948250247e+02 1.855249016948677970e-42
3.001835813575589214e+02 1.941015662981522886e-42
3.144035471591499800e+02 2.030846473997831538e-42
3.292971255097151584e+02 2.124933913021154648e-42
3.448962260405759821e+02 2.223479562971734315e-42
3.612342699709430462e+02 2.326694558556794838e-42
3.783462617131929164e+02 2.434800038625927681e-42
3.962688638701478112e+02 2.548027619960690144e-42
4.150404757850476472e+02 2.666619893513547042e-42
4.347013158125026280e+02 2.790830944159253356e-42
4.552935074866947502e+02 2.920926895072300076e-42
4.768611697714469528e+02 3.057186477896685037e-42
4.994505115855139934e+02 3.199901629929609480e-42
5.231099308056263908e+02 3.349378119598558953e-42
5.478901179593945017e+02 3.505936201571815677e-42
5.738441648302392650e+02 3.669911302906030070e-42
6.010276782070382069e+02 3.841654741700857587e-42
6.294988990221887661e+02 4.021534479800380992e-42
6.593188271333548300e+02 4.209935911154027324e-42
6.905513520162330678e+02 4.407262687525991531e-42
7.232633896483533817e+02 4.613937583322281950e-42
7.575250258771912968e+02 4.830403401388255487e-42
7.934096665797492278e+02 5.057123921717322216e-42
8.309941949353395785e+02 5.294584895103449820e-42
8.703591361485165407e+02 5.543295083866359930e-42
9.115888299750828310e+02 5.803787351879170248e-42
9.547716114208055842e+02 6.076619806233875547e-42
1.000000000000000000e+03 6.362376992990716790e-42
