1.000000000000000056e-01 2.687824919468049661e-43
1.047370897959449404e-01 2.768400654456784939e-43
1.096985797892383457e-01 2.852418806538425017e-43
1.148951000187309196e-01 2.939814183673660485e-43
1.203377840777589552e-01 3.030519250584845986e-43
1.260382929679727537e-01 3.124462755836495193e-43
1.320088400831417874e-01 3.221567479195214020e-43
1.382622173764655737e-01 3.321747157079043546e-43
1.448118227674533853e-01 3.424911459464598772e-43
1.516716888470922842e-01 3.530962190681878019e-43
1.588565129428052836e-01 3.639792093608275319e-43
1.663816886076129042e-01 3.751284045830068998e-43
1.742633386009649898e-01 3.865310151168389326e-43
1.825183494319043420e-01 3.981731110910772290e-43
1.911644075385702246e-01 4.100392051381365300e-43
2.002200371815584523e-01 4.221126518994191763e-43
2.097046401323232889e-01 4.343757368925404645e-43
2.196385372416545800e-01 4.468094292914968804e-43
2.300430119772917947e-01 4.593933735084820828e-43
2.409403560239525011e-01 4.721058707095474917e-43
2.523539170434765944e-01 4.849238813917033421e-43
2.643081486974105387e-01 4.978230071872887877e-43
2.768286630392066128e-01 5.107771056668181942e-43
2.899422853882876461e-01 5.237591177884449923e-43
3.036771118035458406e-01 5.367409460941990931e-43
3.180625692794118997e-01 5.496934039528650613e-43
3.331294787934673263e-01 5.625863220514926370e-43
3.489101213406772817e-01 5.753886429755553866e-43
3.654383070957256119e-01 5.880685464773625666e-43
3.827494478516312304e-01 6.005935793531546157e-43
4.008806328898465443e-01 6.129303581778252190e-43
4.198707084443910054e-01 6.250454446901518078e-43
4.397603609302719874e-01 6.369055039108112198e-43
4.605922041145105728e-01 6.189009094005865947e-43
4.824108704165370187e-01 5.950987625930431500e-43
5.052631065335680960e-01 5.722842302533704588e-43
5.291978735958442481e-01 5.527254379564461855e-43
5.542664520663105332e-01 5.358730592454345805e-43
5.805225516094898452e-01 5.212782852690449049e-43
6.080224261649423978e-01 5.051664955193714625e-43
6.368249944718588074e-01 4.910991101998996709e-43
6.669919663030121626e-01 4.787717914990402267e-43
6.985879746785247368e-01 4.679067628923503429e-43
7.316807143427196403e-01 4.505741381473114914e-43
7.663410868007458632e-01 3.915686139634288481e-43
8.026433522257175879e-01 3.386625197553042715e-43
8.406652885618325355e-01 2.950091076410664392e-43
8.804883581643462298e-01 2.603735853231214665e-43
9.221978823334326947e-01 2.325017219620522140e-43
9.658832241158703535e-01 2.097829818021683229e-43
1.011637979766206952e+00 1.910469671046133384e-43
1.059560179277615921e+00 1.754289071769149272e-43
1.109752496412072187e+00 1.622802826280824906e-43
1.162322468679852339e+00 1.511082974326048904e-43
1.217382727739661386e+00 1.415339036759060807e-43
1.275051240713013456e+00 1.332622513044527788e-43
1.335451562929898861e+00 1.192198938687463117e-43
1.398713102647238582e+00 1.037457439696109635e-43
1.464971398307285622e+00 9.139317136473404532e-44
1.534368408930012473e+00 8.139792431580713833e-44
1.607052818261639260e+00 7.320973755492889550e-44
1.683180353330956613e+00 6.642598225569600402e-44
1.762914118095948002e+00 6.074735312034379981e-44
1.846424942895543486e+00 5.594825228147606836e-44
1.933891750455231096e+00 5.185649929400929595e-44
2.025501939230667681e+00 4.833915538903715744e-44
2.121451784910629801e+00 4.529247682696802276e-44
2.221946860939523649e+00 4.263469861639012366e-44
2.327202478960408438e+00 4.030078572487851336e-44
2.437444150122220599e+00 3.823857008473255002e-44
2.552908068239517991e+00 3.640587583175065098e-44
2.673841615839946506e+00 3.476835750838220463e-44
2.800503894183631104e+00 3.329785832668272959e-44
2.933166278390043846e+00 3.197115188663094877e-44
3.072112998861757482e+00 3.076896905671443810e-44
3.217641750250737065e+00 2.967523922997966785e-44
3.370064329271928116e+00 2.867649403484848910e-44
3.529707302730650031e+00 2.776139978127724968e-44
3.696912707195028513e+00 2.692037674991012423e-44
3.872038781812555008e+00 2.614529265937637571e-44
4.055460735840830111e+00 2.541090712308139626e-44
4.247571552536898665e+00 2.468424740041665226e-44
4.448782831127584991e+00 2.401417651319340213e-44
4.659525668664682208e+00 2.339512720324738641e-44
4.880251583654430902e+00 2.282232012292848362e-44
5.111433483440167791e+00 2.229164271638355792e-44
5.353566677410724672e+00 2.179955127776694060e-44
5.607169938205458060e+00 2.134299246008862586e-44
5.872786613189482807e+00 2.091931073979367555e-44
6.150985788580500824e+00 2.052619994960479125e-44
6.442363508721373755e+00 2.016167172169544272e-44
6.747544053110693163e+00 1.982398911785166970e-44
7.067181273927491070e+00 1.951163240765886114e-44
7.401959996915644879e+00 1.922329869298716322e-44
7.752597488629460187e+00 1.895783705588254562e-44
8.119844993184013759e+00 1.871425325233710528e-44
8.504489341802678126e+00 1.849169019970499874e-44
8.907354638610438968e+00 1.828939269347144360e-44
9.329304026284686913e+00 1.809925272125406320e-44
9.771241535346495866e+00 1.088195636178357672e-44
1.023411402105452694e+01 6.008678470591269857e-45
1.071891319205127502e+01 3.635678416775636837e-45
1.122667773510813660e+01 2.354772264761182281e-45
1.175849554052156876e+01 1.608306251651490442e-45
1.231550603292826196e+01 1.146642764414993478e-45
1.289890261253307990e+01 8.234262840715493383e-46
1.350993521198026492e+01 5.787147099440260174e-46
1.414991297434575834e+01 4.226921900385534299e-46
1.482020705798858629e+01 3.188768763265538210e-46
1.552225357427047925e+01 2.473069793407475856e-46
1.625755666443794922e+01 1.964658137268155481e-46
1.702769172225899652e+01 1.594093616605371053e-46
1.783430876931909381e+01 1.317918805473993881e-46
1.867913599020782911e+01 1.108039770019258191e-46
1.956398343517064831e+01 9.457824864259216942e-47
2.049074689815848060e+01 8.184221948853007072e-47
2.146141197858403515e+01 7.170981681923742102e-47
2.247805833548725118e+01 6.301854763740846555e-47
2.354286414322417897e+01 5.498809142797319691e-47
2.465811075822603726e+01 4.855040689185296492e-47
2.582618760682677461e+01 4.333172614249813211e-47
2.704959730463134449e+01 3.905925311911529145e-47
2.833096101839324277e+01 3.553084402300669789e-47
2.967302408188869478e+01 3.259462330769106831e-47
3.107866187782013867e+01 3.013503095726852489e-47
3.255088599835060137e+01 2.806311343976655204e-47
3.409285069746810848e+01 2.630966462081613351e-47
3.570785964900462517e+01 2.482031195335104127e-47
3.739937302478797676e+01 2.355195048909789388e-47
3.917101490809260866e+01 2.247013108259508887e-47
4.102658105827194390e+01 2.154710808586748307e-47
4.297004704320839608e+01 2.076037429376662270e-47
4.500557675700497384e+01 2.009157340722722363e-47
4.713753134116723942e+01 1.952563072561967596e-47
4.937047852839003781e+01 1.905012305709217271e-47
5.170920242896760755e+01 1.865475109676253618e-47
5.415871378079470588e+01 1.833095944848989505e-47
5.672426068491977702e+01 1.807161305857166137e-47
5.941133984965033932e+01 1.787074832720918904e-47
6.222570836730231036e+01 1.772338001778228029e-47
6.517339604882427295e+01 1.759196795866117896e-47
6.826071834272386241e+01 1.743132877412707638e-47
7.149428986597577307e+01 1.732062151611379324e-47
7.488103857590023438e+01 1.725619141371173672e-47
7.842822061337682271e+01 1.723499120388380224e-47
8.214343584919430441e+01 1.725449053222270802e-47
8.603464416684499838e+01 1.731260160230731695e-47
9.011018251665018397e+01 1.740761826784479445e-47
9.437878277775381264e+01 1.753816581365607435e-47
9.884959046625586154e+01 1.770315934576634433e-47
1.035321843295662632e+02 1.790176936022584562e-47
1.084365968689610895e+02 1.813339313800065797e-47
1.135733358343105124e+02 1.839763096138951001e-47
1.189534067370319548e+02 1.869426777785413343e-47
1.245883364295008136e+02 1.902325622360038664e-47
1.304901978014403028e+02 1.938470063224575381e-47
1.366716356462007411e+02 1.977884845536085524e-47
1.431458937523478596e+02 2.020608299193876499e-47
1.499268432786045651e+02 2.066690937850822605e-47
1.570290124729377510e+02 2.116195582842019436e-47
1.644676177994664386e+02 2.169196440732391236e-47
1.722585965398787380e+02 2.225778757917935814e-47
1.804186409392071653e+02 2.286038927404426072e-47
1.889652339691209590e+02 2.350083668106747957e-47
1.979166867853557505e+02 2.418030645586569194e-47
2.072921779595371845e+02 2.490007735565611606e-47
2.171117945694505238e+02 2.566153557370478903e-47
2.273965752357927386e+02 2.646617379146301633e-47
2.381685551976158308e+02 2.731558939487504782e-47
2.494508135230316554e+02 2.821149347353706650e-47
2.612675225563328922e+02 2.915570369607653162e-47
2.736439997074671737e+02 3.015015440465276100e-47
2.866067616948250247e+02 3.119689797325970692e-47
3.001835813575589214e+02 3.229810304794023014e-47
3.144035471591499800e+02 3.345606532318091275e-47
3.292971255097151584e+02 3.467320949129491570e-47
3.448962260405759821e+02 3.595208999197467884e-47
3.612342699709430462e+02 3.729539950542426382e-47
3.783462617131929164e+02 3.870597520690660652e-47
3.962688638701478112e+02 4.018680232695607192e-47
4.150404757850476472e+02 4.174101781207173702e-47
4.347013158125026280e+02 4.337192064108778341e-47
4.552935074866947502e+02 4.508297809135756471e-47
4.768611697714469528e+02 4.687783183523223581e-47
4.994505115855139934e+02 4.876030488046487704e-47
5.231099308056263908e+02 5.073440848226978046e-47
5.478901179593945017e+02 5.280435403652581342e-47
5.738441648302392650e+02 5.497456022700308273e-47
6.010276782070382069e+02 5.724966214831671147e-47
6.294988990221887661e+02 5.963452100953520698e-47
6.593188271333548300e+02 6.213423383476095270e-47
6.905513520162330678e+02 6.475414397490948407e-47
7.232633896483533817e+02 6.749985471438060248e-47
7.575250258771912968e+02 7.037723986496458261e-47
7.934096665797492278e+02 7.339245618596934923e-47
8.309941949353395785e+02 7.655195653187245535e-47
8.703591361485165407e+02 7.986250356189445017e-47
9.115888299750828310e+02 8.333118413960202977e-47
9.547716114208055842e+02 8.696542412421667715e-47
1.000000000000000000e+03 9.077300400604686423e-47
