1.000000000000000056e-01 4.998000000000000220e-46
1.011599999999999999e-01 5.124599999999999803e-46
1.023300000000000043e-01 5.258099999999999678e-46
1.035200000000000009e-01 5.387399999999999713e-46
1.047199999999999936e-01 5.508099999999999635e-46
1.059299999999999964e-01 5.635299999999999751e-46
1.071600000000000052e-01 5.769299999999999940e-46
1.083999999999999964e-01 5.910800000000000174e-46
1.096599999999999936e-01 6.060199999999999771e-46
1.109300000000000008e-01 6.218200000000000261e-46
1.122100000000000042e-01 6.385500000000000059e-46
1.135199999999999959e-01 6.562699999999999700e-46
1.148300000000000015e-01 6.718200000000000175e-46
1.161599999999999994e-01 6.879099999999999997e-46
1.175100000000000033e-01 7.049200000000000467e-46
1.188700000000000034e-01 7.229100000000000559e-46
1.202499999999999958e-01 7.419600000000000468e-46
1.216399999999999981e-01 7.621599999999999823e-46
1.230500000000000066e-01 7.835799999999999377e-46
1.244799999999999934e-01 8.063400000000000194e-46
1.259200000000000041e-01 8.268900000000000193e-46
1.273799999999999932e-01 8.477100000000000644e-46
1.288600000000000023e-01 8.697900000000000611e-46
1.303499999999999936e-01 8.932199999999999727e-46
1.318600000000000050e-01 9.181099999999999615e-46
1.333900000000000086e-01 9.445899999999999226e-46
1.349400000000000044e-01 9.727900000000000621e-46
1.365000000000000102e-01 1.002300000000000029e-45
1.380800000000000083e-01 1.028300000000000031e-45
1.396799999999999986e-01 1.055899999999999949e-45
1.413000000000000089e-01 1.085200000000000002e-45
1.429400000000000115e-01 1.116400000000000004e-45
1.446000000000000063e-01 1.149600000000000018e-45
1.462700000000000111e-01 1.185000000000000015e-45
1.479699999999999904e-01 1.222799999999999963e-45
1.496800000000000075e-01 1.257399999999999924e-45
1.514199999999999990e-01 1.292200000000000010e-45
1.531700000000000006e-01 1.329199999999999923e-45
1.549500000000000044e-01 1.368399999999999973e-45
1.567500000000000004e-01 1.410199999999999946e-45
1.585600000000000065e-01 1.454699999999999904e-45
1.603999999999999870e-01 1.502000000000000066e-45
1.622599999999999876e-01 1.546200000000000147e-45
1.641400000000000081e-01 1.589399999999999910e-45
1.660399999999999932e-01 1.635100000000000000e-45
1.679700000000000082e-01 1.683300000000000105e-45
1.699100000000000055e-01 1.734099999999999977e-45
1.718800000000000050e-01 1.787700000000000053e-45
1.738800000000000068e-01 1.844100000000000020e-45
1.758899999999999908e-01 1.897700000000000096e-45
1.779300000000000048e-01 1.947800000000000150e-45
1.799900000000000111e-01 1.999700000000000091e-45
1.820799999999999919e-01 2.053499999999999981e-45
1.841899999999999926e-01 2.109000000000000006e-45
1.863200000000000134e-01 2.165899999999999976e-45
1.884800000000000086e-01 2.224100000000000142e-45
1.906700000000000061e-01 2.283300000000000002e-45
1.928799999999999959e-01 2.336800000000000015e-45
1.951100000000000056e-01 2.385199999999999935e-45
1.973799999999999999e-01 2.433199999999999914e-45
1.996600000000000041e-01 2.480299999999999950e-45
2.019799999999999929e-01 2.526299999999999917e-45
2.043200000000000016e-01 2.570499999999999998e-45
2.066900000000000126e-01 2.612800000000000129e-45
2.090799999999999881e-01 2.652599999999999935e-45
2.115100000000000036e-01 2.689699999999999910e-45
2.139600000000000113e-01 2.723799999999999868e-45
2.164399999999999935e-01 2.754699999999999993e-45
2.189500000000000057e-01 2.782100000000000096e-45
2.214899999999999924e-01 2.805900000000000116e-45
2.240499999999999992e-01 2.826199999999999803e-45
2.266499999999999904e-01 2.842899999999999717e-45
2.292800000000000116e-01 2.854700000000000287e-45
2.319299999999999973e-01 2.862799999999999775e-45
2.346199999999999952e-01 2.868400000000000183e-45
2.373399999999999954e-01 2.871699999999999767e-45
2.400899999999999979e-01 2.872899999999999899e-45
2.428800000000000125e-01 2.872300000000000144e-45
2.456899999999999917e-01 2.870200000000000069e-45
2.485400000000000109e-01 2.866899999999999863e-45
2.514199999999999768e-01 2.862600000000000272e-45
2.543300000000000005e-01 2.857600000000000242e-45
2.572800000000000087e-01 2.851999999999999835e-45
2.602599999999999913e-01 2.845700000000000232e-45
2.632800000000000140e-01 2.838400000000000001e-45
2.663300000000000112e-01 2.831199999999999833e-45
2.694199999999999928e-01 2.824199999999999791e-45
2.725400000000000045e-01 2.817800000000000125e-45
2.757000000000000006e-01 2.811900000000000152e-45
2.788999999999999813e-01 2.806800000000000059e-45
2.821299999999999919e-01 2.802499999999999846e-45
2.853999999999999870e-01 2.799300000000000013e-45
2.887100000000000222e-01 2.797300000000000001e-45
2.920599999999999863e-01 2.796699999999999936e-45
2.954399999999999804e-01 2.797500000000000127e-45
2.988700000000000245e-01 2.800000000000000142e-45
3.023299999999999876e-01 2.804200000000000292e-45
3.058299999999999907e-01 2.810199999999999706e-45
3.093799999999999883e-01 2.818099999999999692e-45
3.129600000000000160e-01 2.828099999999999752e-45
3.165899999999999825e-01 2.840099999999999825e-45
3.202599999999999891e-01 2.853199999999999966e-45
3.239699999999999802e-01 2.866699999999999737e-45
3.277300000000000213e-01 2.882300000000000205e-45
3.315299999999999914e-01 2.900000000000000125e-45
3.353700000000000014e-01 2.919900000000000183e-45
3.392600000000000060e-01 2.942299999999999945e-45
3.431899999999999951e-01 2.967300000000000097e-45
3.471699999999999786e-01 2.995200000000000203e-45
3.511900000000000022e-01 3.026199999999999769e-45
3.552600000000000202e-01 3.060600000000000226e-45
3.593799999999999772e-01 3.098599999999999833e-45
3.635499999999999843e-01 3.140600000000000088e-45
3.677599999999999758e-01 3.186899999999999932e-45
3.720200000000000173e-01 3.237900000000000241e-45
3.763400000000000079e-01 3.294100000000000083e-45
3.806999999999999829e-01 3.356099999999999836e-45
3.851100000000000079e-01 3.424399999999999814e-45
3.895700000000000274e-01 3.499799999999999896e-45
3.940899999999999959e-01 3.569700000000000257e-45
3.986600000000000144e-01 3.644299999999999837e-45
4.032800000000000273e-01 3.726599999999999900e-45
4.079499999999999793e-01 3.817399999999999703e-45
4.126799999999999913e-01 3.917699999999999874e-45
4.174700000000000077e-01 4.028900000000000049e-45
4.223000000000000087e-01 4.152299999999999800e-45
4.272000000000000242e-01 4.289600000000000195e-45
4.321499999999999786e-01 4.421400000000000246e-45
4.371599999999999930e-01 4.559800000000000088e-45
4.422300000000000120e-01 4.713899999999999838e-45
4.473500000000000254e-01 4.885800000000000194e-45
4.525399999999999978e-01 5.078100000000000300e-45
4.577800000000000202e-01 5.293299999999999860e-45
4.630900000000000016e-01 5.497900000000000227e-45
4.684599999999999875e-01 5.716700000000000182e-45
4.738899999999999779e-01 5.960400000000000225e-45
4.793799999999999728e-01 6.230999999999999747e-45
4.849399999999999822e-01 6.530800000000000192e-45
4.905599999999999961e-01 6.809199999999999636e-45
4.962400000000000144e-01 7.102199999999999543e-45
5.020000000000000018e-01 7.417699999999999896e-45
5.078200000000000491e-01 7.753200000000000371e-45
5.137000000000000455e-01 8.103900000000000439e-45
5.196600000000000108e-01 8.397300000000000597e-45
5.256800000000000361e-01 8.684599999999999411e-45
5.317699999999999649e-01 8.956399999999999686e-45
5.379399999999999737e-01 9.200499999999999981e-45
5.441700000000000426e-01 9.404499999999999971e-45
5.504799999999999693e-01 9.557200000000000086e-45
5.568600000000000216e-01 9.650700000000000341e-45
5.633099999999999774e-01 9.683199999999999604e-45
5.698400000000000132e-01 9.661499999999999660e-45
5.764500000000000179e-01 9.592699999999999990e-45
5.831300000000000372e-01 9.485800000000000028e-45
5.898900000000000254e-01 9.350699999999999770e-45
5.967299999999999827e-01 9.196900000000000208e-45
6.036399999999999544e-01 9.033000000000000523e-45
6.106399999999999606e-01 8.865599999999999884e-45
6.177200000000000468e-01 8.700100000000000438e-45
6.248799999999999910e-01 8.540099999999999470e-45
6.321200000000000152e-01 8.388099999999999794e-45
6.394499999999999629e-01 8.245299999999999677e-45
6.468599999999999905e-01 8.112499999999999620e-45
6.543600000000000527e-01 7.962399999999999894e-45
6.619399999999999729e-01 7.823699999999999864e-45
6.696199999999999930e-01 7.696799999999999780e-45
6.773799999999999821e-01 7.580600000000000197e-45
6.852300000000000058e-01 7.472699999999999607e-45
6.931699999999999529e-01 7.370199999999999920e-45
7.012100000000000000e-01 7.270000000000000434e-45
7.093300000000000161e-01 7.169000000000000445e-45
7.175599999999999756e-01 7.064000000000000432e-45
7.258700000000000152e-01 6.951599999999999502e-45
7.342899999999999983e-01 6.829299999999999820e-45
7.428000000000000158e-01 6.694900000000000003e-45
7.514100000000000223e-01 6.539799999999999624e-45
7.601200000000000179e-01 6.342299999999999985e-45
7.689300000000000024e-01 6.130700000000000198e-45
7.778399999999999759e-01 5.907899999999999596e-45
7.868600000000000039e-01 5.677600000000000505e-45
7.959800000000000209e-01 5.443400000000000208e-45
8.052000000000000268e-01 5.181100000000000301e-45
8.145400000000000418e-01 4.902800000000000297e-45
8.239800000000000457e-01 4.637499999999999749e-45
8.335299999999999931e-01 4.388299999999999984e-45
8.431899999999999951e-01 4.119100000000000097e-45
8.529600000000000515e-01 3.862600000000000101e-45
8.628500000000000059e-01 3.631700000000000010e-45
8.728500000000000147e-01 3.405900000000000013e-45
8.829700000000000326e-01 3.182899999999999908e-45
8.931999999999999940e-01 2.986799999999999904e-45
9.035600000000000298e-01 2.806900000000000122e-45
9.140300000000000091e-01 2.623299999999999882e-45
9.246299999999999519e-01 2.463499999999999973e-45
9.353399999999999492e-01 2.323899999999999999e-45
9.461800000000000210e-01 2.178599999999999867e-45
9.571499999999999453e-01 2.049700000000000082e-45
9.682500000000000551e-01 1.937200000000000024e-45
9.794699999999999518e-01 1.830999999999999879e-45
9.908200000000000340e-01 1.726199999999999992e-45
1.002299999999999969e+00 1.634499999999999934e-45
1.013900000000000023e+00 1.554000000000000070e-45
1.025700000000000056e+00 1.474800000000000088e-45
1.037600000000000078e+00 1.398599999999999969e-45
1.049600000000000088e+00 1.331400000000000060e-45
1.061800000000000077e+00 1.271900000000000012e-45
1.074100000000000055e+00 1.215800000000000077e-45
1.086500000000000021e+00 1.158399999999999947e-45
1.099099999999999966e+00 1.107300000000000042e-45
1.111799999999999899e+00 1.061799999999999922e-45
1.124700000000000033e+00 1.020900000000000048e-45
1.137799999999999923e+00 9.806700000000000040e-46
1.151000000000000023e+00 9.404800000000000471e-46
1.164299999999999891e+00 9.043399999999999902e-46
1.177799999999999958e+00 8.717499999999999859e-46
1.191500000000000004e+00 8.422400000000000189e-46
1.205300000000000038e+00 8.154499999999999252e-46
1.219200000000000061e+00 7.866899999999999627e-46
1.233400000000000052e+00 7.597399999999999863e-46
1.247700000000000031e+00 7.352199999999999500e-46
1.262100000000000000e+00 7.128599999999999640e-46
1.276799999999999935e+00 6.924000000000000051e-46
1.291500000000000092e+00 6.736400000000000254e-46
1.306499999999999995e+00 6.560500000000000341e-46
1.321700000000000097e+00 6.367400000000000199e-46
1.336999999999999966e+00 6.190100000000000339e-46
1.352500000000000036e+00 6.027099999999999820e-46
1.368200000000000083e+00 5.876900000000000031e-46
1.383999999999999897e+00 5.738199999999999689e-46
1.400099999999999900e+00 5.609900000000000282e-46
1.416299999999999892e+00 5.490999999999999625e-46
1.432700000000000085e+00 5.380699999999999860e-46
1.449300000000000033e+00 5.265199999999999627e-46
1.466099999999999959e+00 5.149099999999999640e-46
1.483100000000000085e+00 5.041299999999999890e-46
1.500299999999999967e+00 4.941000000000000186e-46
1.517700000000000049e+00 4.847700000000000212e-46
1.535300000000000109e+00 4.760599999999999779e-46
1.553099999999999925e+00 4.679300000000000345e-46
1.571099999999999941e+00 4.603400000000000259e-46
1.589299999999999935e+00 4.532399999999999985e-46
1.607699999999999907e+00 4.465900000000000204e-46
1.626300000000000079e+00 4.403699999999999704e-46
1.645199999999999996e+00 4.345299999999999724e-46
1.664299999999999891e+00 4.282100000000000150e-46
1.683599999999999985e+00 4.219500000000000331e-46
1.703100000000000058e+00 4.160899999999999914e-46
1.722800000000000109e+00 4.105900000000000359e-46
1.742799999999999905e+00 4.054399999999999892e-46
1.762999999999999901e+00 4.005999999999999973e-46
1.783400000000000096e+00 3.960500000000000164e-46
1.804100000000000037e+00 3.917800000000000248e-46
1.824999999999999956e+00 3.877600000000000347e-46
1.846100000000000074e+00 3.839899999999999683e-46
1.867499999999999938e+00 3.804500000000000154e-46
1.889199999999999990e+00 3.771199999999999765e-46
1.911100000000000021e+00 3.739899999999999856e-46
1.933200000000000029e+00 3.710599999999999648e-46
1.955699999999999994e+00 3.683100000000000259e-46
1.978299999999999947e+00 3.657299999999999916e-46
2.001199999999999868e+00 3.633099999999999956e-46
2.024399999999999977e+00 3.610400000000000161e-46
2.047899999999999832e+00 3.589199999999999753e-46
2.071600000000000108e+00 3.569299999999999850e-46
2.095699999999999896e+00 3.550799999999999894e-46
2.120000000000000107e+00 3.533500000000000225e-46
2.144499999999999851e+00 3.517400000000000065e-46
2.169399999999999995e+00 3.500500000000000103e-46
2.194500000000000117e+00 3.483600000000000141e-46
2.220000000000000195e+00 3.467999999999999906e-46
2.245699999999999807e+00 3.453599999999999959e-46
2.271700000000000053e+00 3.440500000000000129e-46
2.298099999999999810e+00 3.428499999999999978e-46
2.324699999999999989e+00 3.417700000000000115e-46
2.351599999999999913e+00 3.407999999999999932e-46
2.378899999999999793e+00 3.399299999999999988e-46
2.406499999999999861e+00 3.391599999999999895e-46
2.434400000000000119e+00 3.384900000000000041e-46
2.462600000000000122e+00 3.379200000000000038e-46
2.491099999999999870e+00 3.374400000000000056e-46
2.520000000000000018e+00 3.370500000000000094e-46
2.549199999999999910e+00 3.367399999999999935e-46
2.578800000000000203e+00 3.365200000000000187e-46
2.608699999999999797e+00 3.363799999999999851e-46
2.638900000000000023e+00 3.363299999999999926e-46
2.669500000000000206e+00 3.363600000000000192e-46
2.700400000000000134e+00 3.364800000000000091e-46
2.731700000000000017e+00 3.366800000000000181e-46
2.763399999999999856e+00 3.369699999999999903e-46
2.795399999999999885e+00 3.373299999999999987e-46
2.827799999999999869e+00 3.377800000000000092e-46
2.860599999999999810e+00 3.383000000000000170e-46
2.893800000000000150e+00 3.389099999999999880e-46
2.927299999999999791e+00 3.395899999999999952e-46
2.961199999999999832e+00 3.403499999999999827e-46
2.995499999999999829e+00 3.411800000000000064e-46
3.030299999999999994e+00 3.420999999999999933e-46
3.065399999999999903e+00 3.430900000000000164e-46
3.100900000000000212e+00 3.441599999999999809e-46
3.136899999999999800e+00 3.453100000000000034e-46
3.173200000000000021e+00 3.465600000000000110e-46
3.209999999999999964e+00 3.478800000000000158e-46
3.247199999999999864e+00 3.493000000000000058e-46
3.284899999999999931e+00 3.508099999999999978e-46
3.322900000000000187e+00 3.521700000000000122e-46
3.361400000000000166e+00 3.535499999999999926e-46
3.400399999999999867e+00 3.550099999999999921e-46
3.439799999999999969e+00 3.565399999999999889e-46
3.479699999999999793e+00 3.581500000000000049e-46
3.520000000000000018e+00 3.598300000000000181e-46
3.560799999999999965e+00 3.615899999999999728e-46
3.602100000000000080e+00 3.634200000000000025e-46
3.643899999999999917e+00 3.653399999999999955e-46
3.686100000000000154e+00 3.673400000000000076e-46
3.728800000000000114e+00 3.694200000000000388e-46
3.771999999999999797e+00 3.716099999999999992e-46
3.815799999999999859e+00 3.738799999999999787e-46
3.859999999999999876e+00 3.762599999999999651e-46
3.904700000000000060e+00 3.787299999999999925e-46
3.950000000000000178e+00 3.813000000000000049e-46
3.995800000000000018e+00 3.839700000000000024e-46
4.042099999999999582e+00 3.867399999999999850e-46
4.088899999999999757e+00 3.896199999999999744e-46
4.136300000000000310e+00 3.925900000000000048e-46
4.184300000000000352e+00 3.956600000000000203e-46
4.232800000000000118e+00 3.988399999999999648e-46
4.281900000000000261e+00 4.021000000000000064e-46
4.331500000000000128e+00 4.054600000000000329e-46
4.381700000000000372e+00 4.089100000000000227e-46
4.432500000000000107e+00 4.124700000000000193e-46
4.483900000000000219e+00 4.161300000000000010e-46
4.535800000000000054e+00 4.198899999999999678e-46
4.588400000000000034e+00 4.237399999999999755e-46
4.641600000000000392e+00 4.276599999999999806e-46
4.695400000000000240e+00 4.316499999999999829e-46
4.749799999999999578e+00 4.351799999999999918e-46
4.804899999999999949e+00 4.385100000000000307e-46
4.860599999999999810e+00 4.418299999999999699e-46
4.916900000000000048e+00 4.451399999999999650e-46
4.973900000000000432e+00 4.484000000000000065e-46
5.031500000000000306e+00 4.515899999999999729e-46
5.089900000000000091e+00 4.546700000000000102e-46
5.148900000000000254e+00 4.576099999999999751e-46
5.208499999999999908e+00 4.603599999999999918e-46
5.268900000000000361e+00 4.629199999999999824e-46
5.330000000000000071e+00 4.652200000000000274e-46
5.391799999999999926e+00 4.672100000000000177e-46
5.454299999999999926e+00 4.688299999999999777e-46
5.517500000000000071e+00 4.700200000000000098e-46
5.581400000000000361e+00 4.707000000000000170e-46
5.646099999999999675e+00 4.708000000000000020e-46
5.711599999999999788e+00 4.702499999999999676e-46
5.777800000000000047e+00 4.689799999999999941e-46
5.844800000000000217e+00 4.669300000000000284e-46
5.912499999999999645e+00 4.640299999999999953e-46
5.980999999999999872e+00 4.602600000000000067e-46
6.050399999999999778e+00 4.555899999999999971e-46
6.120499999999999829e+00 4.500299999999999884e-46
6.191399999999999793e+00 4.436000000000000241e-46
6.263200000000000323e+00 4.363199999999999925e-46
6.335799999999999876e+00 4.271999999999999871e-46
6.409200000000000230e+00 4.163800000000000025e-46
6.483500000000000263e+00 4.047299999999999943e-46
6.558699999999999974e+00 3.923599999999999692e-46
6.634699999999999598e+00 3.793999999999999779e-46
6.711599999999999788e+00 3.660099999999999809e-46
6.789399999999999658e+00 1.778000000000000181e-46
6.868100000000000094e+00 9.972900000000000159e-47
6.947700000000000209e+00 6.631400000000000396e-47
7.028200000000000003e+00 4.782299999999999723e-47
7.109700000000000131e+00 3.628599999999999851e-47
7.192099999999999937e+00 2.933299999999999949e-47
7.275500000000000078e+00 2.587299999999999761e-47
7.359799999999999898e+00 2.436300000000000073e-47
7.445100000000000051e+00 2.400300000000000205e-47
7.531399999999999650e+00 2.532699999999999913e-47
7.618699999999999584e+00 2.837799999999999935e-47
7.706999999999999851e+00 2.919000000000000221e-47
7.796400000000000219e+00 2.340299999999999939e-47
7.886700000000000266e+00 1.551899999999999965e-47
7.978100000000000414e+00 1.005299999999999979e-47
8.070600000000000662e+00 6.777100000000000323e-48
8.164199999999999235e+00 4.809900000000000035e-48
8.258800000000000807e+00 3.582899999999999922e-48
8.354499999999999815e+00 2.744899999999999717e-48
8.451399999999999579e+00 2.155499999999999925e-48
8.549300000000000566e+00 1.733300000000000041e-48
8.648400000000000531e+00 1.419800000000000098e-48
8.748699999999999477e+00 1.180999999999999948e-48
8.850099999999999412e+00 9.966299999999999527e-49
8.952700000000000102e+00 8.457600000000000169e-49
9.056400000000000006e+00 7.257700000000000248e-49
9.161400000000000432e+00 6.303099999999999967e-49
9.267599999999999838e+00 5.509800000000000121e-49
9.375000000000000000e+00 4.837700000000000170e-49
9.483700000000000685e+00 4.304399999999999673e-49
9.593600000000000350e+00 3.817000000000000174e-49
9.704800000000000537e+00 3.429600000000000309e-49
9.817299999999999471e+00 3.078699999999999899e-49
9.931100000000000705e+00 2.793800000000000112e-49
1.004599999999999937e+01 2.529200000000000032e-49
1.016300000000000026e+01 2.318500000000000025e-49
1.027999999999999936e+01 2.113600000000000097e-49
1.040000000000000036e+01 1.946400000000000112e-49
1.051999999999999957e+01 1.795500000000000107e-49
1.064199999999999946e+01 1.658900000000000028e-49
1.076500000000000057e+01 1.545800000000000008e-49
1.089000000000000057e+01 1.436399999999999972e-49
1.101600000000000001e+01 1.340400000000000066e-49
1.114400000000000013e+01 1.259600000000000073e-49
1.127299999999999969e+01 1.181799999999999969e-49
1.140399999999999991e+01 1.110900000000000012e-49
1.153599999999999959e+01 1.050399999999999915e-49
1.166999999999999993e+01 9.980299999999999142e-50
1.180499999999999972e+01 9.433100000000000021e-50
1.194200000000000017e+01 8.961199999999999417e-50
1.208000000000000007e+01 8.551700000000000062e-50
1.222000000000000064e+01 8.194200000000000007e-50
1.236200000000000010e+01 7.830299999999999630e-50
1.250500000000000078e+01 7.496299999999999633e-50
1.265000000000000036e+01 7.202999999999999850e-50
1.279700000000000060e+01 6.944300000000000270e-50
1.294500000000000028e+01 6.715199999999999809e-50
1.309500000000000064e+01 6.496900000000000130e-50
1.324699999999999989e+01 6.276700000000000059e-50
1.340099999999999980e+01 6.081200000000000344e-50
1.355599999999999916e+01 5.907100000000000403e-50
1.371299999999999919e+01 5.751700000000000278e-50
1.387199999999999989e+01 5.612699999999999793e-50
1.403299999999999947e+01 5.488100000000000035e-50
1.419599999999999973e+01 5.376299999999999973e-50
1.435999999999999943e+01 5.262399999999999627e-50
1.452699999999999925e+01 5.152399999999999537e-50
1.469500000000000028e+01 5.053700000000000433e-50
1.486500000000000021e+01 4.964999999999999697e-50
1.503800000000000026e+01 4.885200000000000300e-50
1.521199999999999974e+01 4.813299999999999936e-50
1.538799999999999990e+01 4.748399999999999570e-50
1.556700000000000017e+01 4.689600000000000164e-50
1.574699999999999989e+01 4.636399999999999616e-50
1.592999999999999972e+01 4.587899999999999840e-50
1.611400000000000077e+01 4.543599999999999682e-50
1.630099999999999838e+01 4.502699999999999577e-50
1.648999999999999844e+01 4.464799999999999742e-50
1.668100000000000094e+01 4.429299999999999553e-50
1.687399999999999878e+01 4.395600000000000286e-50
1.707000000000000028e+01 4.363300000000000259e-50
1.726800000000000068e+01 4.331799999999999797e-50
1.746799999999999997e+01 4.294299999999999745e-50
1.767000000000000171e+01 4.256000000000000127e-50
1.787500000000000000e+01 4.217199999999999832e-50
1.808200000000000074e+01 4.177300000000000133e-50
1.829200000000000159e+01 4.136100000000000191e-50
1.850400000000000134e+01 4.092999999999999856e-50
1.871900000000000119e+01 4.048000000000000078e-50
1.893599999999999994e+01 4.000700000000000125e-50
1.915500000000000114e+01 3.951199999999999942e-50
1.937699999999999889e+01 3.899400000000000059e-50
1.960200000000000031e+01 3.845399999999999946e-50
1.982900000000000063e+01 3.789300000000000023e-50
2.005900000000000105e+01 3.731400000000000129e-50
2.029100000000000037e+01 3.672000000000000099e-50
2.052599999999999980e+01 3.611299999999999826e-50
2.076399999999999935e+01 3.549799999999999987e-50
2.100499999999999901e+01 3.482499999999999975e-50
2.124800000000000111e+01 3.406399999999999993e-50
2.149500000000000099e+01 3.331000000000000105e-50
2.174399999999999977e+01 3.256700000000000096e-50
2.199599999999999866e+01 3.183699999999999855e-50
2.225100000000000122e+01 3.112600000000000006e-50
2.250900000000000034e+01 3.043400000000000076e-50
2.276999999999999957e+01 2.976499999999999846e-50
2.303399999999999892e+01 2.912000000000000212e-50
2.330099999999999838e+01 2.850000000000000170e-50
2.357100000000000151e+01 2.777899999999999915e-50
2.384400000000000119e+01 2.708899999999999876e-50
2.412000000000000099e+01 2.643499999999999781e-50
2.439999999999999858e+01 2.581700000000000105e-50
2.468299999999999983e+01 2.523200000000000062e-50
2.496900000000000119e+01 2.468000000000000126e-50
2.525799999999999912e+01 2.415999999999999876e-50
2.555099999999999838e+01 2.367099999999999842e-50
2.584700000000000131e+01 2.321100000000000133e-50
2.614699999999999847e+01 2.270699999999999964e-50
2.644999999999999929e+01 2.221199999999999781e-50
2.675600000000000023e+01 2.175000000000000180e-50
2.706700000000000017e+01 2.131900000000000082e-50
2.737999999999999901e+01 2.091599999999999889e-50
2.769800000000000040e+01 2.053899999999999945e-50
2.801899999999999835e+01 2.018800000000000014e-50
2.834299999999999997e+01 1.985900000000000075e-50
2.867200000000000060e+01 1.955300000000000075e-50
2.900400000000000134e+01 1.926699999999999937e-50
2.933999999999999986e+01 1.900099999999999901e-50
2.968100000000000094e+01 1.875199999999999891e-50
3.002499999999999858e+01 1.847300000000000086e-50
3.037300000000000111e+01 1.821100000000000069e-50
3.072500000000000142e+01 1.796700000000000025e-50
3.108099999999999952e+01 1.774199999999999899e-50
3.144099999999999895e+01 1.753300000000000091e-50
3.180600000000000094e+01 1.733999999999999889e-50
3.217399999999999949e+01 1.716200000000000059e-50
3.254699999999999704e+01 1.699799999999999944e-50
3.292399999999999949e+01 1.684599999999999889e-50
3.330599999999999739e+01 1.670800000000000023e-50
3.369200000000000017e+01 1.658100000000000035e-50
3.408299999999999841e+01 1.646600000000000108e-50
3.447800000000000153e+01 1.636100000000000112e-50
3.487700000000000244e+01 1.626600000000000049e-50
3.528199999999999648e+01 1.618200000000000100e-50
3.568999999999999773e+01 1.610599999999999954e-50
3.610399999999999920e+01 1.603999999999999977e-50
3.652300000000000324e+01 1.598299999999999986e-50
3.694599999999999795e+01 1.593400000000000035e-50
3.737400000000000233e+01 1.589299999999999888e-50
3.780700000000000216e+01 1.586000000000000018e-50
3.824600000000000222e+01 1.583599999999999897e-50
3.868900000000000006e+01 1.581799999999999925e-50
3.913700000000000045e+01 1.580799999999999993e-50
3.959100000000000108e+01 1.580600000000000102e-50
4.004999999999999716e+01 1.580999999999999884e-50
4.051400000000000290e+01 1.582199999999999945e-50
4.098400000000000176e+01 1.583999999999999917e-50
4.145900000000000318e+01 1.586599999999999930e-50
4.193900000000000006e+01 1.589900000000000037e-50
4.242600000000000193e+01 1.593800000000000055e-50
4.291700000000000159e+01 1.598500000000000115e-50
4.341499999999999915e+01 1.603800000000000085e-50
4.391799999999999926e+01 1.609900000000000096e-50
4.442699999999999960e+01 1.616600000000000019e-50
4.494200000000000017e+01 1.624099999999999982e-50
4.546300000000000097e+01 1.632300000000000039e-50
4.599000000000000199e+01 1.641199999999999954e-50
4.652300000000000324e+01 1.650899999999999910e-50
4.706199999999999761e+01 1.661399999999999905e-50
4.760799999999999699e+01 1.672599999999999996e-50
4.815999999999999659e+01 1.684599999999999889e-50
4.871800000000000352e+01 1.697500000000000006e-50
4.928199999999999648e+01 1.711099999999999980e-50
4.985399999999999920e+01 1.725699999999999885e-50
5.043200000000000216e+01 1.741200000000000014e-50
5.101599999999999824e+01 1.757499999999999947e-50
5.160699999999999932e+01 1.774899999999999994e-50
5.220600000000000307e+01 1.793200000000000027e-50
5.281099999999999994e+01 1.812499999999999992e-50
5.342300000000000182e+01 1.833000000000000017e-50
5.404200000000000159e+01 1.854499999999999974e-50
5.466899999999999693e+01 1.876600000000000080e-50
5.530199999999999960e+01 1.896199999999999882e-50
5.594299999999999784e+01 1.916900000000000036e-50
5.659199999999999875e+01 1.938499999999999939e-50
5.724799999999999756e+01 1.961299999999999902e-50
5.791100000000000136e+01 1.985100000000000035e-50
5.858200000000000074e+01 2.010199999999999936e-50
5.926200000000000045e+01 2.036499999999999898e-50
5.994800000000000040e+01 2.064100000000000104e-50
6.064300000000000068e+01 2.093000000000000078e-50
6.134599999999999653e+01 2.123399999999999950e-50
6.205700000000000216e+01 2.155200000000000012e-50
6.277700000000000102e+01 2.188599999999999916e-50
6.350399999999999778e+01 2.223699999999999847e-50
6.423999999999999488e+01 2.260600000000000226e-50
6.498499999999999943e+01 2.299200000000000155e-50
6.573799999999999955e+01 2.334599999999999923e-50
6.650000000000000000e+01 2.369599999999999909e-50
6.727100000000000080e+01 2.406299999999999921e-50
6.805100000000000193e+01 2.444799999999999905e-50
6.884000000000000341e+01 2.485099999999999861e-50
6.963700000000000045e+01 2.527300000000000209e-50
7.044499999999999318e+01 2.571599999999999893e-50
7.126099999999999568e+01 2.618099999999999805e-50
7.208700000000000330e+01 2.666899999999999894e-50
7.292300000000000182e+01 2.718100000000000103e-50
7.376800000000000068e+01 2.771999999999999796e-50
7.462300000000000466e+01 2.828499999999999976e-50
7.548799999999999955e+01 2.880999999999999954e-50
7.636299999999999955e+01 2.932500000000000000e-50
7.724800000000000466e+01 2.986500000000000113e-50
7.814400000000000546e+01 3.043099999999999764e-50
7.904900000000000659e+01 3.102499999999999794e-50
7.996599999999999397e+01 3.164900000000000093e-50
8.089199999999999591e+01 3.230500000000000080e-50
8.182999999999999829e+01 3.299400000000000173e-50
8.277899999999999636e+01 3.371900000000000211e-50
8.373799999999999955e+01 3.448200000000000084e-50
8.470900000000000318e+01 3.525499999999999889e-50
8.569100000000000250e+01 3.595499999999999860e-50
8.668399999999999750e+01 3.668899999999999883e-50
8.768899999999999295e+01 3.745999999999999797e-50
8.870499999999999829e+01 3.827099999999999913e-50
8.973300000000000409e+01 3.912300000000000175e-50
9.077299999999999613e+01 4.001999999999999894e-50
9.182500000000000284e+01 4.096499999999999855e-50
9.289000000000000057e+01 4.195999999999999949e-50
9.396599999999999397e+01 4.300899999999999959e-50
9.505599999999999739e+01 4.397499999999999729e-50
9.615699999999999648e+01 4.494100000000000449e-50
9.727200000000000557e+01 4.595700000000000352e-50
9.840000000000000568e+01 4.702599999999999752e-50
9.954000000000000625e+01 4.815200000000000329e-50
1.006899999999999977e+02 4.933799999999999547e-50
1.018599999999999994e+02 5.058800000000000037e-50
1.030400000000000063e+02 5.190599999999999684e-50
1.042399999999999949e+02 5.329800000000000060e-50
1.054399999999999977e+02 5.453400000000000361e-50
1.066700000000000017e+02 5.582199999999999738e-50
1.079000000000000057e+02 5.717800000000000170e-50
1.091500000000000057e+02 5.860599999999999541e-50
1.104200000000000017e+02 6.011099999999999953e-50
1.117000000000000028e+02 6.169799999999999710e-50
1.129899999999999949e+02 6.337300000000000387e-50
1.142999999999999972e+02 6.514199999999999757e-50
1.156299999999999955e+02 6.681200000000000230e-50
1.169699999999999989e+02 6.845699999999999687e-50
1.183199999999999932e+02 7.019000000000000062e-50
1.197000000000000028e+02 7.201399999999999769e-50
1.210799999999999983e+02 7.393799999999999744e-50
1.224899999999999949e+02 7.596599999999999768e-50
1.239099999999999966e+02 7.810600000000000357e-50
1.253400000000000034e+02 8.036600000000000127e-50
1.267999999999999972e+02 8.248900000000000215e-50
1.282599999999999909e+02 8.459499999999999802e-50
1.297500000000000000e+02 8.681100000000000062e-50
1.312599999999999909e+02 8.914400000000000141e-50
1.327800000000000011e+02 9.160099999999999185e-50
1.343199999999999932e+02 9.418899999999999185e-50
1.358700000000000045e+02 9.691800000000000550e-50
1.374499999999999886e+02 9.979600000000000946e-50
1.390399999999999920e+02 1.023799999999999926e-49
1.406500000000000057e+02 1.050499999999999956e-49
1.422800000000000011e+02 1.078700000000000026e-49
1.439300000000000068e+02 1.108200000000000054e-49
1.455999999999999943e+02 1.139199999999999933e-49
1.472899999999999920e+02 1.171800000000000082e-49
1.490000000000000000e+02 1.206099999999999973e-49
1.507199999999999989e+02 1.240699999999999985e-49
1.524699999999999989e+02 1.272499999999999999e-49
1.542400000000000091e+02 1.305800000000000053e-49
1.560200000000000102e+02 1.340599999999999957e-49
1.578300000000000125e+02 1.377099999999999983e-49
1.596599999999999966e+02 1.415200000000000089e-49
1.615099999999999909e+02 1.455099999999999978e-49
1.633899999999999864e+02 1.496800000000000028e-49
1.652800000000000011e+02 1.537199999999999930e-49
1.671899999999999977e+02 1.575400000000000077e-49
1.691299999999999955e+02 1.615199999999999924e-49
1.710900000000000034e+02 1.656500000000000002e-49
1.730800000000000125e+02 1.699399999999999971e-49
1.750800000000000125e+02 1.743999999999999871e-49
1.771100000000000136e+02 1.790299999999999892e-49
1.791699999999999875e+02 1.838399999999999886e-49
1.812400000000000091e+02 1.885999999999999866e-49
1.833400000000000034e+02 1.929199999999999957e-49
1.854699999999999989e+02 1.973799999999999857e-49
1.876200000000000045e+02 2.019700000000000095e-49
1.897899999999999920e+02 2.066899999999999913e-49
1.919900000000000091e+02 2.115499999999999920e-49
1.942199999999999989e+02 2.165500000000000116e-49
1.964699999999999989e+02 2.216799999999999891e-49
1.987500000000000000e+02 2.269400000000000005e-49
2.010500000000000114e+02 2.321200000000000173e-49
2.033799999999999955e+02 2.367300000000000113e-49
2.057400000000000091e+02 2.414199999999999999e-49
2.081200000000000045e+02 2.462000000000000060e-49
2.105300000000000011e+02 2.510499999999999837e-49
2.129699999999999989e+02 2.559799999999999938e-49
2.154399999999999977e+02 2.609800000000000134e-49
2.179399999999999977e+02 2.660599999999999896e-49
2.204699999999999989e+02 2.711999999999999902e-49
2.230200000000000102e+02 2.764100000000000002e-49
2.256100000000000136e+02 2.816799999999999967e-49
2.282199999999999989e+02 2.866300000000000150e-49
2.308700000000000045e+02 2.910799999999999819e-49
2.335399999999999920e+02 2.955499999999999950e-49
2.362500000000000000e+02 3.000400000000000162e-49
2.389900000000000091e+02 3.045399999999999845e-49
2.417599999999999909e+02 3.090599999999999989e-49
2.445600000000000023e+02 3.135899999999999983e-49
2.474000000000000057e+02 3.181199999999999978e-49
2.502599999999999909e+02 3.226599999999999823e-49
2.531599999999999966e+02 3.272099999999999899e-49
2.561000000000000227e+02 3.317500000000000125e-49
2.590699999999999932e+02 3.362999999999999821e-49
2.620699999999999932e+02 3.408400000000000046e-49
2.651100000000000136e+02 3.453799999999999892e-49
2.681800000000000068e+02 3.499199999999999737e-49
2.712900000000000205e+02 3.538699999999999653e-49
2.744300000000000068e+02 3.575800000000000112e-49
2.776200000000000045e+02 3.612899999999999812e-49
2.808299999999999841e+02 3.649799999999999810e-49
2.840899999999999750e+02 3.686500000000000107e-49
2.873799999999999955e+02 3.723100000000000173e-49
2.907099999999999795e+02 3.759600000000000008e-49
2.940799999999999841e+02 3.795900000000000143e-49
2.974900000000000091e+02 3.832100000000000046e-49
3.009399999999999977e+02 3.868199999999999719e-49
3.044300000000000068e+02 3.904199999999999921e-49
3.079599999999999795e+02 3.940200000000000123e-49
3.115299999999999727e+02 3.975999999999999864e-49
3.151399999999999864e+02 4.011800000000000365e-49
3.187900000000000205e+02 4.047600000000000106e-49
3.224800000000000182e+02 4.083300000000000376e-49
3.262200000000000273e+02 4.119100000000000117e-49
3.300000000000000000e+02 4.154899999999999857e-49
3.338299999999999841e+02 4.190700000000000358e-49
3.376999999999999886e+02 4.226500000000000099e-49
3.416100000000000136e+02 4.262500000000000301e-49
3.455699999999999932e+02 4.298599999999999974e-49
3.495799999999999841e+02 4.333699999999999620e-49
3.536299999999999955e+02 4.363600000000000191e-49
3.577300000000000182e+02 4.393699999999999704e-49
3.618700000000000045e+02 4.423900000000000207e-49
3.660699999999999932e+02 4.454200000000000181e-49
3.703100000000000023e+02 4.484699999999999856e-49
3.746100000000000136e+02 4.515399999999999992e-49
3.789499999999999886e+02 4.546200000000000359e-49
3.833399999999999750e+02 4.577400000000000129e-49
3.877799999999999727e+02 4.608700000000000130e-49
3.922799999999999727e+02 4.640400000000000293e-49
3.968199999999999932e+02 4.672300000000000158e-49
4.014200000000000159e+02 4.704600000000000185e-49
4.060799999999999841e+02 4.737200000000000144e-49
4.107799999999999727e+02 4.770100000000000035e-49
4.155500000000000114e+02 4.803400000000000089e-49
4.203600000000000136e+02 4.837199999999999777e-49
4.252300000000000182e+02 4.871300000000000156e-49
4.301600000000000250e+02 4.905900000000000169e-49
4.351499999999999773e+02 4.940900000000000344e-49
4.401899999999999977e+02 4.976400000000000153e-49
4.453000000000000114e+02 5.012400000000000355e-49
4.504599999999999795e+02 5.048999999999999662e-49
4.556800000000000068e+02 5.086100000000000121e-49
4.609599999999999795e+02 5.123700000000000214e-49
4.663000000000000114e+02 5.161999999999999642e-49
4.717099999999999795e+02 5.200800000000000222e-49
4.771800000000000068e+02 5.240300000000000138e-49
4.827099999999999795e+02 5.280500000000000149e-49
4.883000000000000114e+02 5.321300000000000023e-49
4.939599999999999795e+02 5.358399999999999723e-49
4.996899999999999977e+02 5.393399999999999898e-49
5.054800000000000182e+02 5.428899999999999707e-49
5.113399999999999750e+02 5.465100000000000370e-49
5.172699999999999818e+02 5.501900000000000138e-49
5.232599999999999909e+02 5.539400000000000000e-49
5.293300000000000409e+02 5.577499999999999726e-49
5.354600000000000364e+02 5.616200000000000077e-49
5.416699999999999591e+02 5.655699999999999992e-49
5.479500000000000455e+02 5.695900000000000003e-49
5.542999999999999545e+02 5.736800000000000108e-49
5.607200000000000273e+02 5.778400000000000308e-49
5.672200000000000273e+02 5.820900000000000303e-49
5.737999999999999545e+02 5.864099999999999634e-49
5.804500000000000455e+02 5.908100000000000050e-49
5.871799999999999500e+02 5.953000000000000262e-49
5.939800000000000182e+02 5.998700000000000039e-49
6.008700000000000045e+02 6.045300000000000373e-49
6.078300000000000409e+02 6.092799999999999743e-49
6.148799999999999955e+02 6.141199999999999668e-49
6.220000000000000000e+02 6.190599999999999620e-49
6.292100000000000364e+02 6.240900000000000129e-49
6.365099999999999909e+02 6.292300000000000134e-49
6.438899999999999864e+02 6.344599999999999936e-49
6.513500000000000227e+02 6.397999999999999995e-49
6.588999999999999773e+02 6.452500000000000312e-49
6.665399999999999636e+02 6.508100000000000126e-49
6.742599999999999909e+02 6.564800000000000197e-49
6.820800000000000409e+02 6.615399999999999878e-49
6.899800000000000182e+02 6.664499999999999898e-49
6.979800000000000182e+02 6.714499999999999714e-49
7.060700000000000500e+02 6.765500000000000317e-49
7.142599999999999909e+02 6.817500000000000187e-49
7.225299999999999727e+02 6.870499999999999324e-49
7.309099999999999682e+02 6.924599999999999478e-49
7.393799999999999955e+02 6.979700000000000418e-49
7.479500000000000455e+02 7.035899999999999336e-49
7.566200000000000045e+02 7.093100000000000561e-49
7.653899999999999864e+02 7.151600000000000224e-49
7.742599999999999909e+02 7.211100000000000674e-49
7.832400000000000091e+02 7.271899999999999564e-49
7.923200000000000500e+02 7.333899999999999701e-49
8.015000000000000000e+02 7.397099999999999566e-49
8.107899999999999636e+02 7.461699999999999620e-49
8.201900000000000546e+02 7.527499999999999403e-49
8.297000000000000455e+02 7.594600000000000664e-49
8.393099999999999454e+02 7.663199999999999306e-49
8.490399999999999636e+02 7.733099999999999426e-49
8.588799999999999955e+02 7.804499999999999966e-49
8.688400000000000318e+02 7.877300000000000695e-49
8.789099999999999682e+02 7.951700000000000556e-49
8.891000000000000227e+02 8.027599999999999317e-49
8.993999999999999773e+02 8.105200000000000478e-49
9.098300000000000409e+02 8.172199999999999989e-49
9.203700000000000045e+02 8.239500000000000192e-49
9.310399999999999636e+02 8.308200000000000584e-49
9.418300000000000409e+02 8.378199999999999415e-49
9.527500000000000000e+02 8.449499999999999725e-49
9.637899999999999636e+02 8.522300000000000454e-49
9.749600000000000364e+02 8.596499999999999853e-49
9.862699999999999818e+02 8.672199999999999673e-49
9.977000000000000455e+02 8.749399999999999912e-49
1.009299999999999955e+03 8.828199999999999282e-49
1.021000000000000000e+03 8.908500000000000592e-49
1.032799999999999955e+03 8.990499999999999744e-49
1.044799999999999955e+03 9.074099999999999546e-49
1.056900000000000091e+03 9.159500000000000460e-49
1.069099999999999909e+03 9.246600000000000736e-49
1.081500000000000000e+03 9.335400000000000373e-49
1.094099999999999909e+03 9.426200000000000064e-49
1.106700000000000045e+03 9.518799999999999347e-49
1.119599999999999909e+03 9.613299999999999973e-49
1.132500000000000000e+03 9.709800000000000651e-49
1.145700000000000045e+03 9.808400000000000095e-49
1.158900000000000091e+03 9.908999999999999592e-49
1.172400000000000091e+03 1.001000000000000001e-48
1.186000000000000000e+03 1.009799999999999932e-48
1.199700000000000045e+03 1.018699999999999942e-48
1.213599999999999909e+03 1.027799999999999957e-48
1.227700000000000045e+03 1.037099999999999978e-48
1.241900000000000091e+03 1.046600000000000004e-48
1.256299999999999955e+03 1.056300000000000035e-48
1.270900000000000091e+03 1.066099999999999993e-48
1.285599999999999909e+03 1.076200000000000035e-48
1.300500000000000000e+03 1.086400000000000004e-48
1.315599999999999909e+03 1.096900000000000056e-48
1.330799999999999955e+03 1.107599999999999962e-48
1.346299999999999955e+03 1.118500000000000025e-48
1.361900000000000091e+03 1.129599999999999942e-48
1.377700000000000045e+03 1.140999999999999943e-48
1.393599999999999909e+03 1.152599999999999949e-48
1.409799999999999955e+03 1.164399999999999960e-48
1.426099999999999909e+03 1.176500000000000056e-48
1.442599999999999909e+03 1.188800000000000004e-48
1.459400000000000091e+03 1.201400000000000037e-48
1.476299999999999955e+03 1.214300000000000002e-48
1.493400000000000091e+03 1.227399999999999972e-48
1.510700000000000045e+03 1.239599999999999994e-48
1.528200000000000045e+03 1.250999999999999995e-48
1.545900000000000091e+03 1.262699999999999927e-48
1.563799999999999955e+03 1.274600000000000017e-48
1.582000000000000000e+03 1.286800000000000039e-48
1.600299999999999955e+03 1.299200000000000067e-48
1.618900000000000091e+03 1.311799999999999948e-48
1.637599999999999909e+03 1.324700000000000064e-48
1.656599999999999909e+03 1.337899999999999961e-48
1.675799999999999955e+03 1.351300000000000015e-48
1.695200000000000045e+03 1.365000000000000001e-48
1.714900000000000091e+03 1.378999999999999920e-48
1.734799999999999955e+03 1.393300000000000074e-48
1.754900000000000091e+03 1.407800000000000081e-48
1.775200000000000045e+03 1.422700000000000100e-48
1.795799999999999955e+03 1.437899999999999898e-48
1.816599999999999909e+03 1.453400000000000084e-48
1.837700000000000045e+03 1.469299999999999977e-48
1.859000000000000000e+03 1.485400000000000027e-48
1.880500000000000000e+03 1.502000000000000015e-48
1.902299999999999955e+03 1.518900000000000087e-48
1.924400000000000091e+03 1.533500000000000021e-48
1.946700000000000045e+03 1.548199999999999882e-48
1.969200000000000045e+03 1.563200000000000131e-48
1.992000000000000000e+03 1.578499999999999856e-48
2.015099999999999909e+03 1.594099999999999969e-48
2.038500000000000000e+03 1.610100000000000092e-48
2.062099999999999909e+03 1.626300000000000069e-48
2.086000000000000000e+03 1.642900000000000057e-48
2.110199999999999818e+03 1.659900000000000055e-48
2.134699999999999818e+03 1.677099999999999907e-48
2.159400000000000091e+03 1.694800000000000000e-48
2.184400000000000091e+03 1.712799999999999873e-48
2.209800000000000182e+03 1.731200000000000061e-48
2.235400000000000091e+03 1.749900000000000028e-48
2.261300000000000182e+03 1.769099999999999934e-48
2.287500000000000000e+03 1.788699999999999850e-48
2.314000000000000000e+03 1.808700000000000080e-48
2.340800000000000182e+03 1.829100000000000017e-48
2.368000000000000000e+03 1.849999999999999892e-48
2.395400000000000091e+03 1.871300000000000081e-48
2.423199999999999818e+03 1.889900000000000122e-48
2.451300000000000182e+03 1.908499999999999859e-48
2.479699999999999818e+03 1.927499999999999911e-48
2.508400000000000091e+03 1.946899999999999974e-48
2.537500000000000000e+03 1.966600000000000120e-48
2.566900000000000091e+03 1.986799999999999900e-48
2.596699999999999818e+03 2.007300000000000068e-48
2.626800000000000182e+03 2.028299999999999869e-48
2.657199999999999818e+03 2.049699999999999985e-48
2.688000000000000000e+03 2.071600000000000038e-48
2.719199999999999818e+03 2.093900000000000102e-48
2.750699999999999818e+03 2.116599999999999873e-48
2.782599999999999909e+03 2.139900000000000116e-48
2.814800000000000182e+03 2.163600000000000065e-48
2.847400000000000091e+03 2.187899999999999879e-48
2.880400000000000091e+03 2.212699999999999933e-48
2.913800000000000182e+03 2.237999999999999926e-48
2.947599999999999909e+03 2.263799999999999855e-48
2.981800000000000182e+03 2.290299999999999879e-48
3.016300000000000182e+03 2.316100000000000113e-48
3.051300000000000182e+03 2.339199999999999894e-48
3.086699999999999818e+03 2.362799999999999917e-48
3.122400000000000091e+03 2.386799999999999951e-48
3.158599999999999909e+03 2.411299999999999921e-48
3.195199999999999818e+03 2.436300000000000133e-48
3.232300000000000182e+03 2.461799999999999979e-48
3.269699999999999818e+03 2.487899999999999993e-48
3.307599999999999909e+03 2.514499999999999943e-48
3.346000000000000000e+03 2.541600000000000136e-48
3.384800000000000182e+03 2.569299999999999888e-48
3.424000000000000000e+03 2.597600000000000112e-48
3.463699999999999818e+03 2.626499999999999897e-48
3.503800000000000182e+03 2.655899999999999923e-48
3.544500000000000000e+03 2.686099999999999970e-48
3.585500000000000000e+03 2.716799999999999954e-48
3.627099999999999909e+03 2.748300000000000264e-48
3.669099999999999909e+03 2.780399999999999830e-48
3.711699999999999818e+03 2.813200000000000099e-48
3.754699999999999818e+03 2.846799999999999781e-48
3.798199999999999818e+03 2.875699999999999869e-48
3.842199999999999818e+03 2.905000000000000272e-48
3.886800000000000182e+03 2.934900000000000235e-48
3.931800000000000182e+03 2.965399999999999758e-48
3.977400000000000091e+03 2.996500000000000058e-48
4.023500000000000000e+03 3.028199999999999917e-48
4.070099999999999909e+03 3.060599999999999871e-48
4.117300000000000182e+03 3.093699999999999919e-48
4.165000000000000000e+03 3.127400000000000136e-48
4.213300000000000182e+03 3.161899999999999766e-48
4.262199999999999818e+03 3.197100000000000099e-48
4.311600000000000364e+03 3.232999999999999918e-48
4.361500000000000000e+03 3.269699999999999759e-48
4.412100000000000364e+03 3.307200000000000229e-48
4.463199999999999818e+03 3.345500000000000113e-48
4.515000000000000000e+03 3.384699999999999945e-48
4.567300000000000182e+03 3.424599999999999871e-48
4.620199999999999818e+03 3.465500000000000280e-48
4.673800000000000182e+03 3.507300000000000029e-48
4.728000000000000000e+03 3.543700000000000090e-48
4.782800000000000182e+03 3.580200000000000078e-48
4.838199999999999818e+03 3.617400000000000160e-48
4.894300000000000182e+03 3.655299999999999729e-48
4.951000000000000000e+03 3.694099999999999854e-48
5.008399999999999636e+03 3.733600000000000074e-48
5.066500000000000000e+03 3.774000000000000241e-48
5.125199999999999818e+03 3.815199999999999823e-48
5.184600000000000364e+03 3.857299999999999960e-48
5.244699999999999818e+03 3.900200000000000118e-48
5.305500000000000000e+03 3.944100000000000151e-48
5.367000000000000000e+03 3.988800000000000206e-48
5.429199999999999818e+03 4.034600000000000062e-48
5.492100000000000364e+03 4.081299999999999866e-48
5.555800000000000182e+03 4.129100000000000080e-48
5.620199999999999818e+03 4.177800000000000241e-48
5.685300000000000182e+03 4.227700000000000131e-48
5.751199999999999818e+03 4.278699999999999822e-48
5.817899999999999636e+03 4.330400000000000216e-48
5.885300000000000182e+03 4.374999999999999736e-48
5.953500000000000000e+03 4.420499999999999812e-48
6.022500000000000000e+03 4.466899999999999836e-48
6.092300000000000182e+03 4.514299999999999735e-48
6.163000000000000000e+03 4.562600000000000190e-48
6.234399999999999636e+03 4.611899999999999911e-48
6.306699999999999818e+03 4.662300000000000042e-48
6.379800000000000182e+03 4.713700000000000048e-48
6.453699999999999818e+03 4.766199999999999855e-48
6.528500000000000000e+03 4.819700000000000145e-48
6.604199999999999818e+03 4.874500000000000090e-48
6.680699999999999818e+03 4.930399999999999836e-48
6.758199999999999818e+03 4.987499999999999918e-48
6.836500000000000000e+03 5.045799999999999728e-48
6.915800000000000182e+03 5.105399999999999801e-48
6.995899999999999636e+03 5.166300000000000136e-48
7.077000000000000000e+03 5.228500000000000127e-48
7.159000000000000000e+03 5.292200000000000233e-48
7.242000000000000000e+03 5.353899999999999982e-48
7.326000000000000000e+03 5.409499999999999948e-48
7.410899999999999636e+03 5.466300000000000250e-48
7.496800000000000182e+03 5.524299999999999673e-48
7.583699999999999818e+03 5.583400000000000112e-48
7.671600000000000364e+03 5.643699999999999672e-48
7.760500000000000000e+03 5.705299999999999494e-48
7.850500000000000000e+03 5.768199999999999579e-48
7.941500000000000000e+03 5.832399999999999927e-48
8.033500000000000000e+03 5.897900000000000537e-48
8.126600000000000364e+03 5.964900000000000048e-48
8.220799999999999272e+03 6.033199999999999822e-48
8.316100000000000364e+03 6.102999999999999711e-48
8.412500000000000000e+03 6.174399999999999643e-48
8.510000000000000000e+03 6.247299999999999692e-48
8.608600000000000364e+03 6.321699999999999856e-48
8.708399999999999636e+03 6.397899999999999917e-48
8.809399999999999636e+03 6.475700000000000020e-48
8.911500000000000000e+03 6.555200000000000093e-48
9.014799999999999272e+03 6.627299999999999512e-48
9.119299999999999272e+03 6.696799999999999621e-48
9.225000000000000000e+03 6.767699999999999920e-48
9.331899999999999636e+03 6.840100000000000335e-48
9.440100000000000364e+03 6.913999999999999650e-48
9.549500000000000000e+03 6.989400000000000297e-48
9.660200000000000728e+03 7.066399999999999771e-48
9.772100000000000364e+03 7.145000000000000504e-48
9.885399999999999636e+03 7.225200000000000063e-48
1.000000000000000000e+04 7.307099999999999592e-48
