1.000000000000000056e-01 5.683371451944611439e-43
1.047370897959449404e-01 5.562276724860132379e-43
1.096985797892383457e-01 5.471830676986987424e-43
1.148951000187309196e-01 5.407602644162327581e-43
1.203377840777589552e-01 5.366014703595321024e-43
1.260382929679727537e-01 5.344148014053527326e-43
1.320088400831417874e-01 5.339593127849714873e-43
1.382622173764655737e-01 5.350340279621283107e-43
1.448118227674533853e-01 5.374694560722937526e-43
1.516716888470922842e-01 5.411210551097727902e-43
1.588565129428052836e-01 5.458634149499272243e-43
1.663816886076129042e-01 5.515872106924064114e-43
1.742633386009649898e-01 5.581961410675076927e-43
1.825183494319043420e-01 5.656039266252623260e-43
1.911644075385702246e-01 5.737322693195019194e-43
2.002200371815584523e-01 5.825091551848241496e-43
2.097046401323232889e-01 5.918675194503907010e-43
2.196385372416545800e-01 6.017435382620749174e-43
2.300430119772917947e-01 6.120764243491156864e-43
2.409403560239525011e-01 6.228081329532261556e-43
2.523539170434765944e-01 6.338822867041927771e-43
2.643081486974105387e-01 6.452437350158960996e-43
2.768286630392066128e-01 6.568381610588273058e-43
2.899422853882876461e-01 6.686118174817470394e-43
3.036771118035458406e-01 6.805108169818148658e-43
3.180625692794118997e-01 6.924813096100059940e-43
3.331294787934673263e-01 7.044702536320568977e-43
3.489101213406772817e-01 7.164247572975995948e-43
3.654383070957256119e-01 7.282921219562746892e-43
3.827494478516312304e-01 7.400198794502261716e-43
4.008806328898465443e-01 7.515558967581282625e-43
4.198707084443910054e-01 7.628481486594082253e-43
4.397603609302719874e-01 7.436814267460181124e-43
4.605922041145105728e-01 7.128304901162700626e-43
4.824108704165370187e-01 6.860868138149925057e-43
5.052631065335680960e-01 6.575710939460740486e-43
5.291978735958442481e-01 6.330201564789924952e-43
5.542664520663105332e-01 6.117447958605203417e-43
5.805225516094898452e-01 5.931886125950114737e-43
6.080224261649423978e-01 5.768972338589783804e-43
6.368249944718588074e-01 5.609805427577574725e-43
6.669919663030121626e-01 5.451061389624496729e-43
6.985879746785247368e-01 4.711047486583649988e-43
7.316807143427196403e-01 4.014281351702252540e-43
7.663410868007458632e-01 3.474032420774723749e-43
8.026433522257175879e-01 3.048130629820737487e-43
8.406652885618325355e-01 2.707275941089085833e-43
8.804883581643462298e-01 2.430716447798764840e-43
9.221978823334326947e-01 2.203508114821933151e-43
9.658832241158703535e-01 2.014670693781409311e-43
1.011637979766206952e+00 1.856031944502380389e-43
1.059560179277615921e+00 1.721420925457379638e-43
1.109752496412072187e+00 1.606109861808841937e-43
1.162322468679852339e+00 1.506448353853835205e-43
1.217382727739661386e+00 1.419574911717840581e-43
1.275051240713013456e+00 1.314818431048673294e-43
1.335451562929898861e+00 1.126789174390755243e-43
1.398713102647238582e+00 9.787859232992441394e-44
1.464971398307285622e+00 8.604964374097114789e-44
1.534368408930012473e+00 7.646303840621554207e-44
1.607052818261639260e+00 6.859402197472489446e-44
1.683180353330956613e+00 6.205845896207900758e-44
1.762914118095948002e+00 5.657089508569492073e-44
1.846424942895543486e+00 5.191636623586912477e-44
1.933891750455231096e+00 4.793083072503451225e-44
2.025501939230667681e+00 4.448768198260676376e-44
2.121451784910629801e+00 4.148818128237476497e-44
2.221946860939523649e+00 3.885458192829133935e-44
2.327202478960408438e+00 3.652510583712708763e-44
2.437444150122220599e+00 3.445019737376961242e-44
2.552908068239517991e+00 3.258983270934110901e-44
2.673841615839946506e+00 3.091146193308991069e-44
2.800503894183631104e+00 2.938846367808111070e-44
2.933166278390043846e+00 2.799888323873759100e-44
3.072112998861757482e+00 2.672453123544920335e-44
3.217641750250737065e+00 2.555026897583330649e-44
3.370064329271928116e+00 2.446345890647306253e-44
3.529707302730650031e+00 2.345347408452704371e-44
3.696912707195028513e+00 2.251134279607872494e-44
3.872038781812555008e+00 2.161403905374083363e-44
4.055460735840830111e+00 2.073540723694371080e-44
4.247571552536898665e+00 1.991350638786582334e-44
4.448782831127584991e+00 1.914238417043052635e-44
4.659525668664682208e+00 1.841695968830608042e-44
4.880251583654430902e+00 1.773288476701231631e-44
5.111433483440167791e+00 1.708643559453641222e-44
5.353566677410724672e+00 1.647439115829518620e-44
5.607169938205458060e+00 1.589396621458827899e-44
5.872786613189482807e+00 1.534274812914304083e-44
6.150985788580500824e+00 1.481865066449684577e-44
6.442363508721373755e+00 1.431984449921051687e-44
6.747544053110693163e+00 6.578001393045520308e-45
7.067181273927491070e+00 2.659958669985732550e-45
7.401959996915644879e+00 1.279504644960658010e-45
7.752597488629460187e+00 6.912044782531441590e-46
8.119844993184013759e+00 4.063435766140185366e-46
8.504489341802678126e+00 2.550262041836651579e-46
8.907354638610438968e+00 1.581857017801650177e-46
9.329304026284686913e+00 1.006752712745778136e-46
9.771241535346495866e+00 6.738934306376770723e-47
1.023411402105452694e+01 4.705475640160025636e-47
1.071891319205127502e+01 3.406383197412262369e-47
1.122667773510813660e+01 2.536657201621705372e-47
1.175849554052156876e+01 1.851772261726813049e-47
1.231550603292826196e+01 1.393542283618494165e-47
1.289890261253307990e+01 1.077143100344706568e-47
1.350993521198026492e+01 8.525803898483892362e-48
1.414991297434575834e+01 6.892877402632939734e-48
1.482020705798858629e+01 5.679689238624517221e-48
1.552225357427047925e+01 4.760930609360998155e-48
1.625755666443794922e+01 4.053148869180026885e-48
1.702769172225899652e+01 3.499493377555408728e-48
1.783430876931909381e+01 3.060434504593613195e-48
1.867913599020782911e+01 2.707970264493312849e-48
1.956398343517064831e+01 2.408415725755711667e-48
2.049074689815848060e+01 2.140083043575936992e-48
2.146141197858403515e+01 1.921963496911066720e-48
2.247805833548725118e+01 1.743045638951676090e-48
2.354286414322417897e+01 1.595126439189661417e-48
2.465811075822603726e+01 1.472016054028430472e-48
2.582618760682677461e+01 1.368989069684766567e-48
2.704959730463134449e+01 1.282399117003448174e-48
2.833096101839324277e+01 1.209404550865623158e-48
2.967302408188869478e+01 1.147770686953449209e-48
3.107866187782013867e+01 1.095725528146782027e-48
3.255088599835060137e+01 1.051853324174523910e-48
3.409285069746810848e+01 1.015015209205677989e-48
3.570785964900462517e+01 9.842894408762887944e-49
3.739937302478797676e+01 9.589259710517135226e-49
3.917101490809260866e+01 9.383116289635466110e-49
4.102658105827194390e+01 9.219431966383000267e-49
4.297004704320839608e+01 9.094064250611751186e-49
4.500557675700497384e+01 9.003595844803879272e-49
4.713753134116723942e+01 8.945204766431258313e-49
4.937047852839003781e+01 8.916560992964698750e-49
5.170920242896760755e+01 8.915744273152974057e-49
5.415871378079470588e+01 8.941177843662328218e-49
5.672426068491977702e+01 8.991575439839475717e-49
5.941133984965033932e+01 9.065898136708673509e-49
6.222570836730231036e+01 9.163319734346578194e-49
6.517339604882427295e+01 9.283198428287042158e-49
6.826071834272386241e+01 9.425053896917067754e-49
7.149428986597577307e+01 9.588548685802427241e-49
7.488103857590023438e+01 9.773473006705827930e-49
7.842822061337682271e+01 9.979732371926506104e-49
8.214343584919430441e+01 1.020733757696929550e-48
8.603464416684499838e+01 1.045639655042844998e-48
9.011018251665018397e+01 1.072710776484916667e-48
9.437878277775381264e+01 1.101975493693593164e-48
9.884959046625586154e+01 1.133470279917616933e-48
1.035321843295662632e+02 1.167239376804626442e-48
1.084365968689610895e+02 1.203334536803582019e-48
1.135733358343105124e+02 1.241814829852300934e-48
1.189534067370319548e+02 1.282746505386227607e-48
1.245883364295008136e+02 1.326202902453190602e-48
1.304901978014403028e+02 1.372264401865707129e-48
1.366716356462007411e+02 1.421018417862267457e-48
1.431458937523478596e+02 1.472559423894602448e-48
1.499268432786045651e+02 1.526989010200235139e-48
1.570290124729377510e+02 1.584415973268057632e-48
1.644676177994664386e+02 1.644956433563637074e-48
1.722585965398787380e+02 1.708733981335362732e-48
1.804186409392071653e+02 1.775879849881744303e-48
1.889652339691209590e+02 1.846533115001181918e-48
1.979166867853557505e+02 1.920840920501750874e-48
2.072921779595371845e+02 1.998958729164531799e-48
2.171117945694505238e+02 2.081050598852978426e-48
2.273965752357927386e+02 2.167289483651061698e-48
2.381685551976158308e+02 2.257857559907063211e-48
2.494508135230316554e+02 2.352946577098900032e-48
2.612675225563328922e+02 2.452758233883056172e-48
2.736439997074671737e+02 2.557504579533199115e-48
2.866067616948250247e+02 2.667408441102909563e-48
3.001835813575589214e+02 2.782703876866569930e-48
3.144035471591499800e+02 2.903636656631288419e-48
3.292971255097151584e+02 3.030464769627105570e-48
3.448962260405759821e+02 3.163458960779741473e-48
3.612342699709430462e+02 3.302903296262920349e-48
3.783462617131929164e+02 3.449095759317372466e-48
3.962688638701478112e+02 3.602348877411914560e-48
4.150404757850476472e+02 3.736201657317022218e-48
4.347013158125026280e+02 3.820128290553037776e-48
4.552935074866947502e+02 3.911181205085721902e-48
4.768611697714469528e+02 4.009443567143247055e-48
4.994505115855139934e+02 4.115028102561018377e-48
5.231099308056263908e+02 4.228075356330349348e-48
5.478901179593945017e+02 4.348752368373563528e-48
5.738441648302392650e+02 4.477251595194341194e-48
6.010276782070382069e+02 4.613790148282309331e-48
6.294988990221887661e+02 4.758609217307082163e-48
6.593188271333548300e+02 4.911973709256531318e-48
6.905513520162330678e+02 5.074172063835949179e-48
7.232633896483533817e+02 5.245516219152050331e-48
7.575250258771912968e+02 5.426341715723067581e-48
7.934096665797492278e+02 5.617007926753612214e-48
8.309941949353395785e+02 5.817898406706749630e-48
8.703591361485165407e+02 6.029421345258890968e-48
9.115888299750828310e+02 6.252010121450160514e-48
9.547716114208055842e+02 6.486123952044045173e-48
1.000000000000000000e+03 6.732248630206655248e-48
