1.318299999999999983e+01,1.749214999999999798e-02
1.415199999999999925e+01,1.850960000000000105e-02
1.512199999999999989e+01,1.950335260949485547e-02
1.609100000000000108e+01,2.032735000000000097e-02
1.706099999999999994e+01,2.114574999999999788e-02
1.803000000000000114e+01,2.187249999999999958e-02
1.900000000000000000e+01,2.259999999999999856e-02
1.996900000000000119e+01,2.332675000000000026e-02
2.093900000000000006e+01,2.403590645733795148e-02
2.190800000000000125e+01,2.428160000000000041e-02
2.287800000000000011e+01,2.447560000000000013e-02
2.384700000000000131e+01,2.467812752827019604e-02
2.481700000000000017e+01,2.505403333333333302e-02
2.578699999999999903e+01,2.547436666666666460e-02
2.675600000000000023e+01,2.590886019385322744e-02
2.772599999999999909e+01,2.694379999999999692e-02
2.869500000000000028e+01,2.820349999999999940e-02
2.966499999999999915e+01,2.945060842986205185e-02
3.063400000000000034e+01,2.926600000000000035e-02
3.160399999999999920e+01,2.829600000000000171e-02
3.257300000000000040e+01,2.734071236461758925e-02
3.354299999999999926e+01,2.697601999999999986e-02
3.451200000000000045e+01,2.711167999999999911e-02
3.548199999999999932e+01,2.724748000000000100e-02
3.645100000000000051e+01,2.738314000000000026e-02
3.742099999999999937e+01,2.751894000000000215e-02
3.839000000000000057e+01,2.762924999999999756e-02
3.935999999999999943e+01,2.770199999999999746e-02
4.032999999999999829e+01,2.777474999999999736e-02
4.129899999999999949e+01,2.784742499999999857e-02
4.226899999999999835e+01,2.788385999999999643e-02
4.323799999999999955e+01,2.782571999999999823e-02
4.420799999999999841e+01,2.776752000000000040e-02
4.517699999999999960e+01,2.770937999999999873e-02
4.614699999999999847e+01,2.765117999999999743e-02
4.711599999999999966e+01,2.751092073664523213e-02
4.808599999999999852e+01,2.682170000000000040e-02
4.905499999999999972e+01,2.612725000000000117e-02
5.002499999999999858e+01,2.543208333333333432e-02
5.099399999999999977e+01,2.473763333333333161e-02
5.196399999999999864e+01,2.404246666666666477e-02
5.293299999999999983e+01,2.339687884833405174e-02
5.390299999999999869e+01,2.286140000000000047e-02
5.487299999999999756e+01,2.239025714285714300e-02
5.584199999999999875e+01,2.191959999999999742e-02
5.681199999999999761e+01,2.144845714285714341e-02
5.778099999999999881e+01,2.097779999999999784e-02
5.875099999999999767e+01,2.050665714285714036e-02
5.971999999999999886e+01,2.003927665219599683e-02
6.068999999999999773e+01,1.976109637844011835e-02
6.165899999999999892e+01,1.954449999999999590e-02
6.262899999999999778e+01,1.933664285714285433e-02
6.359799999999999898e+01,1.912899999999999670e-02
6.456799999999999784e+01,1.892114285714285513e-02
6.553700000000000614e+01,1.871349999999999750e-02
6.650700000000000500e+01,1.850564285714285592e-02
6.747700000000000387e+01,1.829145139450505039e-02
6.844599999999999795e+01,1.807465000000000113e-02
6.941599999999999682e+01,1.785640000000000144e-02
7.038500000000000512e+01,1.763837499999999781e-02
7.135500000000000398e+01,1.742012500000000158e-02
7.232399999999999807e+01,1.720210000000000142e-02
7.329399999999999693e+01,1.698385000000000172e-02
7.426300000000000523e+01,1.676582499999999809e-02
7.523300000000000409e+01,1.656457286367961704e-02
7.620199999999999818e+01,1.637295555555555449e-02
7.717199999999999704e+01,1.618973333333333445e-02
7.814100000000000534e+01,1.600669999999999871e-02
7.911100000000000421e+01,1.582347777777777867e-02
8.007999999999999829e+01,1.564044444444444640e-02
8.104999999999999716e+01,1.545722222222222289e-02
8.201999999999999602e+01,1.527400000000000112e-02
8.298900000000000432e+01,1.509096666666666538e-02
8.395900000000000318e+01,1.493294283779274430e-02
8.492799999999999727e+01,1.478864000000000047e-02
8.589799999999999613e+01,1.467223999999999959e-02
8.686700000000000443e+01,1.455595999999999800e-02
8.783700000000000330e+01,1.443955999999999885e-02
8.880599999999999739e+01,1.432327999999999900e-02
8.977599999999999625e+01,1.420687999999999986e-02
9.074500000000000455e+01,1.409059999999999827e-02
9.171500000000000341e+01,1.397419999999999912e-02
9.268399999999999750e+01,1.385791999999999927e-02
9.365399999999999636e+01,1.373331460407971674e-02
9.462300000000000466e+01,1.360653627466187378e-02
9.559300000000000352e+01,1.346104999999999871e-02
9.656300000000000239e+01,1.331554999999999891e-02
9.753199999999999648e+01,1.317019999999999996e-02
9.850199999999999534e+01,1.302470000000000017e-02
9.947100000000000364e+01,1.287934999999999774e-02
1.004399999999999977e+02,1.273399999999999879e-02
1.014099999999999966e+02,1.258850000000000073e-02
1.023799999999999955e+02,1.244300000000000093e-02
1.033499999999999943e+02,1.229749999999999940e-02
1.043199999999999932e+02,1.215199999999999961e-02
1.052900000000000063e+02,1.200649999999999808e-02
1.062600000000000051e+02,1.188150169841379993e-02
1.072300000000000040e+02,1.177039284263898568e-02
1.082000000000000028e+02,1.166307692307692184e-02
1.091700000000000017e+02,1.155861538461538419e-02
1.101400000000000006e+02,1.145415384615384481e-02
1.111099999999999994e+02,1.134969230769230716e-02
1.120799999999999983e+02,1.124523076923076778e-02
1.130400000000000063e+02,1.114184615384615148e-02
1.140100000000000051e+02,1.103738461538461384e-02
1.149800000000000040e+02,1.093292307692307619e-02
1.159500000000000028e+02,1.082846153846153681e-02
1.169200000000000017e+02,1.072399999999999916e-02
1.178900000000000006e+02,1.061953846153846151e-02
1.188599999999999994e+02,1.052028905241836863e-02
1.198299999999999983e+02,1.042193397968117080e-02
1.207999999999999972e+02,1.032642857142857147e-02
1.217699999999999960e+02,1.023289285714285707e-02
1.227399999999999949e+02,1.013935714285714267e-02
1.237099999999999937e+02,1.004582142857142826e-02
1.246800000000000068e+02,9.952285714285713861e-03
1.256500000000000057e+02,9.858749999999999458e-03
1.266200000000000045e+02,9.765214285714285056e-03
1.275900000000000034e+02,9.671678571428570653e-03
1.285600000000000023e+02,9.578142857142856251e-03
1.295300000000000011e+02,9.484607142857143583e-03
1.305000000000000000e+02,9.391071428571429180e-03
1.314699999999999989e+02,9.297535714285714778e-03
1.324399999999999977e+02,9.211327000557812533e-03
1.334000000000000057e+02,9.130205386714414575e-03
1.343700000000000045e+02,9.049264705882353876e-03
1.353400000000000034e+02,8.977941176470587842e-03
1.363100000000000023e+02,8.906617647058823542e-03
1.372800000000000011e+02,8.835294117647059242e-03
1.382500000000000000e+02,8.763970588235293208e-03
1.392199999999999989e+02,8.692647058823528908e-03
1.401899999999999977e+02,8.621323529411764608e-03
1.411599999999999966e+02,8.550000000000000308e-03
1.421299999999999955e+02,8.478676470588234274e-03
1.430999999999999943e+02,8.407352941176469974e-03
1.440699999999999932e+02,8.336029411764705674e-03
1.450399999999999920e+02,8.264705882352941374e-03
1.460099999999999909e+02,8.193382352941175339e-03
1.469799999999999898e+02,8.122058823529411040e-03
1.479499999999999886e+02,8.050735294117646740e-03
1.489199999999999875e+02,7.979411764705882440e-03
1.498899999999999864e+02,7.908088235294118140e-03
1.508600000000000136e+02,7.845262237787557422e-03
1.518300000000000125e+02,7.783184310013593205e-03
1.528000000000000114e+02,7.721111111111109149e-03
1.537700000000000102e+02,7.659138888888887206e-03
1.547299999999999898e+02,7.597805555555555562e-03
1.556999999999999886e+02,7.535833333333333620e-03
1.566699999999999875e+02,7.473861111111111677e-03
1.576399999999999864e+02,7.411888888888888867e-03
1.586100000000000136e+02,7.349916666666665190e-03
1.595800000000000125e+02,7.287944444444443247e-03
1.605500000000000114e+02,7.225972222222221304e-03
1.615200000000000102e+02,7.163999999999998494e-03
1.624900000000000091e+02,7.102027777777776552e-03
1.634600000000000080e+02,7.040055555555554609e-03
1.644300000000000068e+02,6.978083333333332666e-03
1.654000000000000057e+02,6.916111111111110724e-03
1.663700000000000045e+02,6.854138888888888781e-03
1.673400000000000034e+02,6.792166666666665971e-03
1.683100000000000023e+02,6.738659015845867295e-03
1.692800000000000011e+02,6.686752393075109588e-03
1.702500000000000000e+02,6.634845770304351881e-03
1.712199999999999989e+02,6.584170000000000300e-03
1.721899999999999977e+02,6.534214999999999468e-03
1.731599999999999966e+02,6.484259999999999503e-03
1.741299999999999955e+02,6.434304999999999539e-03
1.750900000000000034e+02,6.384864999999999118e-03
1.760600000000000023e+02,6.334910000000000020e-03
1.770300000000000011e+02,6.284955000000000055e-03
1.780000000000000000e+02,6.235000000000000091e-03
1.789699999999999989e+02,6.185044999999999259e-03
1.799399999999999977e+02,6.135089999999999294e-03
1.809099999999999966e+02,6.085134999999999329e-03
1.818799999999999955e+02,6.035179999999999365e-03
1.828499999999999943e+02,5.985224999999999400e-03
1.838199999999999932e+02,5.935269999999999435e-03
1.847899999999999920e+02,5.885315000000000338e-03
1.857599999999999909e+02,5.835360000000000373e-03
1.867299999999999898e+02,5.785405000000000408e-03
1.876999999999999886e+02,5.739562389857335786e-03
1.886699999999999875e+02,5.695921265746606635e-03
1.896399999999999864e+02,5.652280141635876616e-03
1.906100000000000136e+02,5.608791304347824844e-03
1.915800000000000125e+02,5.567460869565215610e-03
1.925500000000000114e+02,5.526130434782607244e-03
1.935200000000000102e+02,5.484799999999998878e-03
1.944900000000000091e+02,5.443469565217390511e-03
1.954600000000000080e+02,5.402139130434781278e-03
1.964199999999999875e+02,5.361234782608695175e-03
1.973899999999999864e+02,5.319904347826086809e-03
1.983600000000000136e+02,5.278573913043476708e-03
1.993300000000000125e+02,5.237243478260868342e-03
2.003000000000000114e+02,5.195913043478259975e-03
2.012700000000000102e+02,5.154582608695651609e-03
2.022400000000000091e+02,5.113252173913042375e-03
2.032100000000000080e+02,5.071921739130434009e-03
2.041800000000000068e+02,5.030591304347825643e-03
2.051500000000000057e+02,4.989260869565216409e-03
2.061200000000000045e+02,4.947930434782608043e-03
2.070900000000000034e+02,4.906599999999999677e-03
2.080600000000000023e+02,4.865269565217390443e-03
2.090300000000000011e+02,4.824494154489571661e-03
2.100000000000000000e+02,4.788526702873769150e-03
2.109699999999999989e+02,4.752559251257966640e-03
2.119399999999999977e+02,4.716591799642164129e-03
2.129099999999999966e+02,4.681230769230769126e-03
2.138799999999999955e+02,4.651384615384615388e-03
2.148499999999999943e+02,4.621538461538461651e-03
2.158199999999999932e+02,4.591692307692307913e-03
2.167800000000000011e+02,4.562153846153845990e-03
2.177500000000000000e+02,4.532307692307692253e-03
2.187199999999999989e+02,4.502461538461538515e-03
2.196899999999999977e+02,4.472615384615383910e-03
2.206599999999999966e+02,4.442769230769230172e-03
2.216299999999999955e+02,4.412923076923076435e-03
2.225999999999999943e+02,4.383076923076922697e-03
2.235699999999999932e+02,4.353230769230768959e-03
2.245399999999999920e+02,4.323384615384615222e-03
2.255099999999999909e+02,4.293538461538461484e-03
2.264799999999999898e+02,4.263692307692307747e-03
2.274499999999999886e+02,4.233846153846154009e-03
2.284199999999999875e+02,4.204000000000000271e-03
2.293899999999999864e+02,4.174153846153846534e-03
2.303600000000000136e+02,4.144307692307691929e-03
2.313300000000000125e+02,4.114461538461538191e-03
2.323000000000000114e+02,4.084615384615384454e-03
2.332700000000000102e+02,4.054769230769230716e-03
2.342400000000000091e+02,4.025712182713020795e-03
2.352100000000000080e+02,3.996722031939466992e-03
2.361800000000000068e+02,3.967731881165913188e-03
2.371500000000000057e+02,3.938741730392359384e-03
2.381100000000000136e+02,3.912058620689654563e-03
2.390800000000000125e+02,3.887641379310344258e-03
2.400500000000000114e+02,3.863224137931033954e-03
2.410200000000000102e+02,3.838806896551723649e-03
2.419900000000000091e+02,3.814389655172413345e-03
2.429600000000000080e+02,3.789972413793103040e-03
2.439300000000000068e+02,3.765555172413792735e-03
2.449000000000000057e+02,3.741137931034482431e-03
2.458700000000000045e+02,3.716720689655172126e-03
2.468400000000000034e+02,3.692303448275861821e-03
2.478100000000000023e+02,3.667886206896551517e-03
2.487800000000000011e+02,3.643468965517241212e-03
2.497500000000000000e+02,3.619051724137930907e-03
2.507199999999999989e+02,3.594634482758620603e-03
2.516899999999999977e+02,3.570217241379309864e-03
2.526599999999999966e+02,3.545799999999999560e-03
2.536299999999999955e+02,3.521382758620689255e-03
2.545999999999999943e+02,3.496965517241378951e-03
2.555699999999999932e+02,3.472548275862068646e-03
2.565400000000000205e+02,3.448131034482757908e-03
2.575099999999999909e+02,3.423713793103448037e-03
2.584700000000000273e+02,3.399548275862068064e-03
2.594399999999999977e+02,3.375131034482758627e-03
2.604100000000000250e+02,3.350713793103447455e-03
2.613799999999999955e+02,3.326296551724138018e-03
2.623500000000000227e+02,3.301879310344826846e-03
2.633199999999999932e+02,3.277462068965516975e-03
2.642900000000000205e+02,3.253044827586206236e-03
2.652599999999999909e+02,3.228627586206896365e-03
2.662300000000000182e+02,3.208793606447919375e-03
2.671999999999999886e+02,3.190154257823859217e-03
2.681700000000000159e+02,3.171514909199798192e-03
2.691399999999999864e+02,3.152875560575738468e-03
2.701100000000000136e+02,3.134236211951677443e-03
2.710799999999999841e+02,3.116096969696969480e-03
2.720500000000000114e+02,3.098166666666666170e-03
2.730199999999999818e+02,3.080236363636363727e-03
2.739900000000000091e+02,3.062306060606059983e-03
2.749599999999999795e+02,3.044375757575757541e-03
2.759300000000000068e+02,3.026445454545454231e-03
2.768999999999999773e+02,3.008515151515151354e-03
2.778700000000000045e+02,2.990584848484848044e-03
2.788399999999999750e+02,2.972654545454545601e-03
2.798000000000000114e+02,2.954909090909090506e-03
2.807699999999999818e+02,2.936978787878788064e-03
2.817400000000000091e+02,2.919048484848484320e-03
2.827099999999999795e+02,2.901118181818181877e-03
2.836800000000000068e+02,2.883187878787878567e-03
2.846499999999999773e+02,2.865257575757576124e-03
2.856200000000000045e+02,2.847327272727272381e-03
2.865899999999999750e+02,2.829396969696969938e-03
2.875600000000000023e+02,2.811466666666666628e-03
2.885299999999999727e+02,2.793536363636364185e-03
2.895000000000000000e+02,2.775606060606060441e-03
2.904700000000000273e+02,2.757675757575756698e-03
2.914399999999999977e+02,2.739745454545454255e-03
2.924100000000000250e+02,2.721815151515150945e-03
2.933799999999999955e+02,2.703884848484848502e-03
2.943500000000000227e+02,2.685954545454545192e-03
2.953199999999999932e+02,2.668024242424242749e-03
2.962900000000000205e+02,2.650093939393939006e-03
2.972599999999999909e+02,2.633986500193925395e-03
2.982300000000000182e+02,2.618332251447617193e-03
2.991999999999999886e+02,2.602678002701310292e-03
3.001600000000000250e+02,2.587185137962695614e-03
3.011299999999999955e+02,2.571530889216388279e-03
3.021000000000000227e+02,2.556083333333332951e-03
3.030699999999999932e+02,2.542341666666666795e-03
3.040400000000000205e+02,2.528599999999999338e-03
3.050099999999999909e+02,2.514858333333333182e-03
3.059800000000000182e+02,2.501116666666666159e-03
3.069499999999999886e+02,2.487375000000000003e-03
3.079200000000000159e+02,2.473633333333332979e-03
3.088899999999999864e+02,2.459891666666666823e-03
3.098600000000000136e+02,2.446149999999999800e-03
3.108299999999999841e+02,2.432408333333333644e-03
3.118000000000000114e+02,2.418666666666666621e-03
3.127699999999999818e+02,2.404925000000000031e-03
3.137400000000000091e+02,2.391183333333333008e-03
3.147099999999999795e+02,2.377441666666666852e-03
3.156800000000000068e+02,2.363699999999999829e-03
3.166499999999999773e+02,2.349958333333333673e-03
3.176200000000000045e+02,2.336216666666666650e-03
3.185899999999999750e+02,2.322475000000000494e-03
3.195600000000000023e+02,2.308733333333333471e-03
3.205299999999999727e+02,2.294991666666666881e-03
3.214900000000000091e+02,2.281391666666666550e-03
3.224599999999999795e+02,2.267650000000000395e-03
3.234300000000000068e+02,2.253908333333333371e-03
3.243999999999999773e+02,2.240166666666667215e-03
3.253700000000000045e+02,2.226424999999999758e-03
3.263399999999999750e+02,2.212683333333333602e-03
3.273100000000000023e+02,2.198941666666666579e-03
3.282799999999999727e+02,2.185200000000000423e-03
3.292500000000000000e+02,2.171458333333332966e-03
3.302200000000000273e+02,2.157716666666665943e-03
3.311899999999999977e+02,2.144055479134272368e-03
3.321600000000000250e+02,2.131639673981794696e-03
3.331299999999999955e+02,2.119223868829317459e-03
3.341000000000000227e+02,2.106808063676839787e-03
3.350699999999999932e+02,2.094392258524362983e-03
3.360400000000000205e+02,2.081976453371885312e-03
3.370099999999999909e+02,2.069560648219408074e-03
3.379800000000000182e+02,2.058746341463414155e-03
3.389499999999999886e+02,2.048573170731707131e-03
3.399200000000000159e+02,2.038399999999999674e-03
3.408899999999999864e+02,2.028226829268292650e-03
3.418500000000000227e+02,2.018158536585365481e-03
3.428199999999999932e+02,2.007985365853658458e-03
3.437900000000000205e+02,1.997812195121950567e-03
3.447599999999999909e+02,1.987639024390243543e-03
3.457300000000000182e+02,1.977465853658536086e-03
3.466999999999999886e+02,1.967292682926829062e-03
3.476700000000000159e+02,1.957119512195121605e-03
3.486399999999999864e+02,1.946946341463414581e-03
3.496100000000000136e+02,1.936773170731707124e-03
3.505799999999999841e+02,1.926600000000000101e-03
3.515500000000000114e+02,1.916426829268292427e-03
3.525199999999999818e+02,1.906253658536585403e-03
3.534900000000000091e+02,1.896080487804877729e-03
3.544599999999999795e+02,1.885907317073170922e-03
3.554300000000000068e+02,1.875734146341463248e-03
3.563999999999999773e+02,1.865560975609756224e-03
3.573700000000000045e+02,1.855387804878048550e-03
3.583399999999999750e+02,1.845214634146341527e-03
3.593100000000000023e+02,1.835041463414634070e-03
3.602799999999999727e+02,1.824868292682927046e-03
3.612500000000000000e+02,1.814695121951219372e-03
3.622200000000000273e+02,1.804521951219511915e-03
3.631800000000000068e+02,1.794453658536585179e-03
3.641499999999999773e+02,1.784280487804878156e-03
3.651200000000000045e+02,1.774107317073170698e-03
3.660899999999999750e+02,1.763934146341463675e-03
3.670600000000000023e+02,1.753760975609756001e-03
3.680299999999999727e+02,1.743587804878048977e-03
3.690000000000000000e+02,1.733414634146341520e-03
3.699700000000000273e+02,1.723289570971563460e-03
3.709399999999999977e+02,1.713445438865727252e-03
3.719100000000000250e+02,1.703601306759890393e-03
3.728799999999999955e+02,1.693757174654054185e-03
3.738500000000000227e+02,1.683913042548217326e-03
3.748199999999999932e+02,1.674068910442381118e-03
3.757900000000000205e+02,1.664224778336544260e-03
3.767599999999999909e+02,1.654547826086956571e-03
3.777300000000000182e+02,1.647589130434782417e-03
3.786999999999999886e+02,1.640630434782608697e-03
3.796700000000000159e+02,1.633671739130434760e-03
3.806399999999999864e+02,1.626713043478261039e-03
3.816100000000000136e+02,1.619754347826086885e-03
3.825799999999999841e+02,1.612795652173913165e-03
3.835400000000000205e+02,1.605908695652173961e-03
3.845099999999999909e+02,1.598950000000000241e-03
3.854800000000000182e+02,1.591991304347826087e-03
3.864499999999999886e+02,1.585032608695652366e-03
3.874200000000000159e+02,1.578073913043478212e-03
3.883899999999999864e+02,1.571115217391304492e-03
3.893600000000000136e+02,1.564156521739130338e-03
3.903299999999999841e+02,1.557197826086956617e-03
3.913000000000000114e+02,1.550239130434782463e-03
3.922699999999999818e+02,1.543280434782608743e-03
3.932400000000000091e+02,1.536321739130434589e-03
3.942099999999999795e+02,1.529363043478261085e-03
3.951800000000000068e+02,1.522404347826086931e-03
3.961499999999999773e+02,1.515445652173913211e-03
3.971200000000000045e+02,1.508486956521739057e-03
3.980899999999999750e+02,1.501528260869565336e-03
3.990600000000000023e+02,1.494569565217391182e-03
4.000299999999999727e+02,1.487610869565217462e-03
4.010000000000000000e+02,1.480652173913043525e-03
4.019700000000000273e+02,1.473693478260869371e-03
4.029399999999999977e+02,1.466734782608695650e-03
4.039100000000000250e+02,1.459776086956521713e-03
4.048700000000000045e+02,1.452889130434782726e-03
4.058399999999999750e+02,1.445930434782609006e-03
4.068100000000000023e+02,1.438971739130434852e-03
4.077799999999999727e+02,1.432013043478261131e-03
4.087500000000000000e+02,1.425054347826086977e-03
4.097200000000000273e+02,1.418095652173912823e-03
4.106899999999999977e+02,1.411136956521739103e-03
4.116600000000000250e+02,1.404178260869564949e-03
4.126299999999999955e+02,1.397219565217391228e-03
4.136000000000000227e+02,1.390260869565217074e-03
4.145699999999999932e+02,1.383302173913043354e-03
4.155400000000000205e+02,1.376343478260869417e-03
4.165099999999999909e+02,1.369384782608695696e-03
4.174800000000000182e+02,1.362426086956521542e-03
4.184499999999999886e+02,1.355467391304347822e-03
4.194200000000000159e+02,1.348508695652173668e-03
4.203899999999999864e+02,1.341549999999999947e-03
4.213600000000000136e+02,1.335484114362640948e-03
4.223299999999999841e+02,1.329892745084276014e-03
4.233000000000000114e+02,1.324301375805910430e-03
4.242699999999999818e+02,1.318710006527545496e-03
4.252300000000000182e+02,1.313176280231431042e-03
4.261999999999999886e+02,1.307584910953066108e-03
4.271700000000000159e+02,1.301993541674700524e-03
4.281399999999999864e+02,1.296402172396335373e-03
4.291100000000000136e+02,1.290964705882352917e-03
4.300799999999999841e+02,1.285639215686274709e-03
4.310500000000000114e+02,1.280313725490196067e-03
4.320199999999999818e+02,1.274988235294117860e-03
4.329900000000000091e+02,1.269662745098039218e-03
4.339599999999999795e+02,1.264337254901961010e-03
4.349300000000000068e+02,1.259011764705882368e-03
4.358999999999999773e+02,1.253686274509804160e-03
4.368700000000000045e+02,1.248360784313725519e-03
4.378399999999999750e+02,1.243035294117647311e-03
4.388100000000000023e+02,1.237709803921568669e-03
4.397799999999999727e+02,1.232384313725490245e-03
4.407500000000000000e+02,1.227058823529411820e-03
4.417200000000000273e+02,1.221733333333333178e-03
4.426899999999999977e+02,1.216407843137254753e-03
4.436600000000000250e+02,1.211082352941176329e-03
4.446299999999999955e+02,1.205756862745097904e-03
4.456000000000000227e+02,1.200431372549019479e-03
4.465600000000000023e+02,1.195160784313725310e-03
4.475299999999999727e+02,1.189835294117647102e-03
4.485000000000000000e+02,1.184509803921568460e-03
4.494700000000000273e+02,1.179184313725490036e-03
4.504399999999999977e+02,1.173858823529411828e-03
4.514100000000000250e+02,1.168533333333333186e-03
4.523799999999999955e+02,1.163207843137254978e-03
4.533500000000000227e+02,1.157882352941176337e-03
4.543199999999999932e+02,1.152556862745098129e-03
4.552900000000000205e+02,1.147231372549019487e-03
4.562599999999999909e+02,1.141905882352941279e-03
4.572300000000000182e+02,1.136580392156862638e-03
4.581999999999999886e+02,1.131254901960784430e-03
4.591700000000000159e+02,1.125929411764705788e-03
4.601399999999999864e+02,1.120603921568627580e-03
4.611100000000000136e+02,1.115278431372548939e-03
4.620799999999999841e+02,1.109952941176470731e-03
4.630500000000000114e+02,1.104627450980392089e-03
4.640199999999999818e+02,1.099301960784313881e-03
4.649900000000000091e+02,1.093976470588235239e-03
4.659599999999999795e+02,1.088650980392157032e-03
4.669200000000000159e+02,1.083380392156862645e-03
4.678899999999999864e+02,1.078054901960784221e-03
4.688600000000000136e+02,1.072729411764705796e-03
4.698299999999999841e+02,1.067403921568627371e-03
4.708000000000000114e+02,1.062978637028824452e-03
4.717699999999999818e+02,1.058617058722863572e-03
4.727400000000000091e+02,1.054255480416902259e-03
4.737099999999999795e+02,1.049893902110941380e-03
4.746800000000000068e+02,1.045532323804980283e-03
4.756499999999999773e+02,1.041170745499019404e-03
4.766200000000000045e+02,1.036809167193058091e-03
4.775899999999999750e+02,1.032447588887097211e-03
4.785600000000000023e+02,1.028086010581136115e-03
4.795299999999999727e+02,1.024217758620689714e-03
4.805000000000000000e+02,1.020387931034482569e-03
4.814700000000000273e+02,1.016558103448275642e-03
4.824399999999999977e+02,1.012728275862068931e-03
4.834100000000000250e+02,1.008898448275862003e-03
4.843799999999999955e+02,1.005068620689655075e-03
4.853500000000000227e+02,1.001238793103448148e-03
4.863199999999999932e+02,9.974089655172414370e-04
4.872900000000000205e+02,9.935791379310342925e-04
4.882500000000000000e+02,9.897887931034482761e-04
4.892200000000000273e+02,9.859589655172413484e-04
4.901899999999999977e+02,9.821291379310344207e-04
4.911600000000000250e+02,9.782993103448274930e-04
4.921299999999999955e+02,9.744694827586206738e-04
4.931000000000000227e+02,9.706396551724137461e-04
4.940699999999999932e+02,9.668098275862069269e-04
4.950400000000000205e+02,9.629799999999998908e-04
4.960099999999999909e+02,9.591501724137931799e-04
4.969800000000000182e+02,9.553203448275861438e-04
4.979499999999999886e+02,9.514905172413793246e-04
4.989200000000000159e+02,9.476606896551723969e-04
4.998899999999999864e+02,9.438308620689655776e-04
5.008600000000000136e+02,9.400010344827585415e-04
5.018299999999999841e+02,9.361712068965517223e-04
5.028000000000000114e+02,9.323413793103447946e-04
5.037699999999999818e+02,9.285115517241379754e-04
5.047400000000000091e+02,9.246817241379309393e-04
5.057099999999999795e+02,9.208518965517242284e-04
5.066800000000000068e+02,9.170220689655171923e-04
5.076499999999999773e+02,9.131922413793103731e-04
5.086100000000000136e+02,9.094018965517240314e-04
5.095799999999999841e+02,9.055720689655173206e-04
5.105500000000000114e+02,9.017422413793102845e-04
5.115199999999999818e+02,8.979124137931034652e-04
5.124900000000000091e+02,8.940825862068965376e-04
5.134600000000000364e+02,8.902527586206895015e-04
5.144299999999999500e+02,8.864229310344828991e-04
5.153999999999999773e+02,8.825931034482759714e-04
5.163700000000000045e+02,8.787632758620689353e-04
5.173400000000000318e+02,8.749334482758618992e-04
5.183099999999999454e+02,8.711036206896554052e-04
5.192799999999999727e+02,8.672737931034483691e-04
5.202500000000000000e+02,8.634439655172413330e-04
5.212200000000000273e+02,8.596141379310344053e-04
5.221900000000000546e+02,8.557843103448273692e-04
5.231599999999999682e+02,8.519544827586207668e-04
5.241299999999999955e+02,8.481246551724138391e-04
5.251000000000000227e+02,8.444011019829392867e-04
5.260700000000000500e+02,8.409236578412066778e-04
5.270399999999999636e+02,8.374462136994743943e-04
5.280099999999999909e+02,8.339687695577416770e-04
5.289800000000000182e+02,8.304913254160089598e-04
5.299400000000000546e+02,8.270497312138818183e-04
5.309099999999999682e+02,8.235722870721495347e-04
5.318799999999999955e+02,8.200948429304168175e-04
5.328500000000000227e+02,8.166173987886842086e-04
5.338200000000000500e+02,8.131399546469514914e-04
5.347899999999999636e+02,8.098049230769231808e-04
5.357599999999999909e+02,8.069396923076923005e-04
5.367300000000000182e+02,8.040744615384614203e-04
5.377000000000000455e+02,8.012092307692306485e-04
5.386699999999999591e+02,7.983440000000000935e-04
5.396399999999999864e+02,7.954787692307692133e-04
5.406100000000000136e+02,7.926135384615384414e-04
5.415800000000000409e+02,7.897483076923075612e-04
5.425499999999999545e+02,7.868830769230770062e-04
5.435199999999999818e+02,7.840178461538462344e-04
5.444900000000000091e+02,7.811526153846153541e-04
5.454600000000000364e+02,7.782873846153844739e-04
5.464299999999999500e+02,7.754221538461540273e-04
5.473999999999999773e+02,7.725569230769231471e-04
5.483700000000000045e+02,7.696916923076922669e-04
5.493400000000000318e+02,7.668264615384613866e-04
5.502999999999999545e+02,7.639907692307693413e-04
5.512699999999999818e+02,7.611255384615384610e-04
5.522400000000000091e+02,7.582603076923076892e-04
5.532100000000000364e+02,7.553950769230768090e-04
5.541799999999999500e+02,7.525298461538462540e-04
5.551499999999999773e+02,7.496646153846153737e-04
5.561200000000000045e+02,7.467993846153846019e-04
5.570900000000000318e+02,7.439341538461537217e-04
5.580599999999999454e+02,7.410689230769231667e-04
5.590299999999999727e+02,7.382036923076923949e-04
5.600000000000000000e+02,7.353384615384615146e-04
5.609700000000000273e+02,7.324732307692306344e-04
5.619400000000000546e+02,7.296079999999997541e-04
5.629099999999999682e+02,7.267427692307693076e-04
5.638799999999999955e+02,7.238775384615384273e-04
5.648500000000000227e+02,7.210123076923075471e-04
5.658200000000000500e+02,7.181470769230767753e-04
5.667899999999999636e+02,7.152818461538462203e-04
5.677599999999999909e+02,7.124166153846153400e-04
5.687300000000000182e+02,7.095513846153845682e-04
5.697000000000000455e+02,7.066861538461536880e-04
5.706699999999999591e+02,7.038209230769231330e-04
5.716299999999999955e+02,7.009852307692307624e-04
5.726000000000000227e+02,6.981199999999998821e-04
5.735700000000000500e+02,6.952547692307691103e-04
5.745399999999999636e+02,6.923895384615385553e-04
5.755099999999999909e+02,6.895243076923076751e-04
5.764800000000000182e+02,6.866590769230769033e-04
5.774500000000000455e+02,6.837938461538460230e-04
5.784199999999999591e+02,6.809286153846154680e-04
5.793899999999999864e+02,6.780633846153845878e-04
5.803600000000000136e+02,6.751981538461538160e-04
5.813300000000000409e+02,6.723329230769229357e-04
5.822999999999999545e+02,6.694676923076923808e-04
5.832699999999999818e+02,6.666024615384616089e-04
5.842400000000000091e+02,6.637372307692307287e-04
5.852100000000000364e+02,6.608719999999998485e-04
5.861799999999999500e+02,6.580107259974851078e-04
5.871499999999999773e+02,6.552372370504251078e-04
5.881200000000000045e+02,6.524637481033651078e-04
5.890900000000000318e+02,6.496902591563049993e-04
5.900599999999999454e+02,6.469167702092453245e-04
5.910299999999999727e+02,6.441432812621853245e-04
5.919900000000000091e+02,6.413983849846825345e-04
5.929600000000000364e+02,6.386248960376225345e-04
5.939299999999999500e+02,6.358514070905628597e-04
5.948999999999999773e+02,6.330779181435027513e-04
5.958700000000000045e+02,6.303044291964427512e-04
5.968400000000000318e+02,6.275309402493827512e-04
5.978099999999999454e+02,6.254554166666667940e-04
5.987799999999999727e+02,6.235558333333333578e-04
5.997500000000000000e+02,6.216562500000000300e-04
6.007200000000000273e+02,6.197566666666665938e-04
6.016900000000000546e+02,6.178570833333332660e-04
6.026599999999999682e+02,6.159575000000000466e-04
6.036299999999999955e+02,6.140579166666667189e-04
6.046000000000000227e+02,6.121583333333332827e-04
6.055700000000000500e+02,6.102587499999999549e-04
6.065399999999999636e+02,6.083591666666667355e-04
6.075099999999999909e+02,6.064595833333334077e-04
6.084800000000000182e+02,6.045599999999999715e-04
6.094500000000000455e+02,6.026604166666666438e-04
6.104199999999999591e+02,6.007608333333334244e-04
6.113899999999999864e+02,5.988612500000000966e-04
6.123600000000000136e+02,5.969616666666666604e-04
6.133200000000000500e+02,5.950816666666665497e-04
6.142899999999999636e+02,5.931820833333334387e-04
6.152599999999999909e+02,5.912825000000000025e-04
6.162300000000000182e+02,5.893829166666666747e-04
6.172000000000000455e+02,5.874833333333332385e-04
6.181699999999999591e+02,5.855837500000001276e-04
6.191399999999999864e+02,5.836841666666666914e-04
6.201100000000000136e+02,5.817845833333333636e-04
6.210800000000000409e+02,5.798849999999999274e-04
6.220499999999999545e+02,5.779854166666667081e-04
6.230199999999999818e+02,5.760858333333333803e-04
6.239900000000000091e+02,5.741862499999999441e-04
6.249600000000000364e+02,5.722866666666666163e-04
6.259299999999999500e+02,5.703870833333333969e-04
6.268999999999999773e+02,5.684874999999999607e-04
6.278700000000000045e+02,5.665879166666666330e-04
6.288400000000000318e+02,5.646883333333331968e-04
6.298099999999999454e+02,5.627887500000000858e-04
6.307799999999999727e+02,5.608891666666666496e-04
6.317500000000000000e+02,5.589895833333333218e-04
6.327200000000000273e+02,5.570899999999998856e-04
6.336799999999999500e+02,5.552100000000001001e-04
6.346499999999999773e+02,5.533104166666666639e-04
6.356200000000000045e+02,5.514108333333333362e-04
6.365900000000000318e+02,5.495112499999999000e-04
6.375599999999999454e+02,5.476116666666667890e-04
6.385299999999999727e+02,5.457120833333333528e-04
6.395000000000000000e+02,5.438125000000000250e-04
6.404700000000000273e+02,5.419129166666665888e-04
6.414400000000000546e+02,5.400133333333331526e-04
6.424099999999999682e+02,5.381137500000000417e-04
6.433799999999999955e+02,5.362141666666666055e-04
6.443500000000000227e+02,5.343145833333332777e-04
6.453200000000000500e+02,5.324149999999998415e-04
6.462899999999999636e+02,5.305154166666667306e-04
6.472599999999999909e+02,5.286158333333332944e-04
6.482300000000000182e+02,5.267162499999999666e-04
6.492000000000000455e+02,5.248166666666665304e-04
6.501699999999999591e+02,5.229170833333334194e-04
6.511399999999999864e+02,5.210174999999999832e-04
6.521100000000000136e+02,5.191179166666666555e-04
6.530800000000000409e+02,5.172183333333332193e-04
6.540499999999999545e+02,5.153187500000001083e-04
6.550099999999999909e+02,5.134387499999999976e-04
6.559800000000000182e+02,5.115391666666666698e-04
6.569500000000000455e+02,5.096395833333332336e-04
6.579199999999999591e+02,5.077400000000001226e-04
6.588899999999999864e+02,5.058404166666666864e-04
6.598600000000000136e+02,5.039408333333333587e-04
6.608300000000000409e+02,5.020412499999999225e-04
6.617999999999999545e+02,5.001416666666668115e-04
6.627699999999999818e+02,4.982420833333333753e-04
6.637400000000000091e+02,4.963425000000000475e-04
6.647100000000000364e+02,4.944429166666666113e-04
6.656799999999999500e+02,4.925433333333335004e-04
6.666499999999999773e+02,4.906437500000000642e-04
6.676200000000000045e+02,4.891347983320027282e-04
6.685900000000000318e+02,4.877011500342379614e-04
6.695599999999999454e+02,4.862675017364734113e-04
6.705299999999999727e+02,4.848338534387086987e-04
6.715000000000000000e+02,4.834002051409439860e-04
6.724700000000000273e+02,4.819665568431792191e-04
6.734400000000000546e+02,4.805329085454145065e-04
6.744099999999999682e+02,4.790992602476499564e-04
6.753700000000000045e+02,4.776803918292436054e-04
6.763400000000000318e+02,4.762467435314788927e-04
6.773099999999999454e+02,4.748130952337143427e-04
6.782799999999999727e+02,4.733794469359495758e-04
6.792500000000000000e+02,4.719481707317072839e-04
6.802200000000000273e+02,4.705641463414633372e-04
6.811900000000000546e+02,4.691801219512194447e-04
6.821599999999999682e+02,4.677960975609756606e-04
6.831299999999999955e+02,4.664120731707317139e-04
6.841000000000000227e+02,4.650280487804877671e-04
6.850700000000000500e+02,4.636440243902438204e-04
6.860399999999999636e+02,4.622600000000000363e-04
6.870099999999999909e+02,4.608759756097560896e-04
6.879800000000000182e+02,4.594919512195121429e-04
6.889500000000000455e+02,4.581079268292682504e-04
6.899199999999999591e+02,4.567239024390244663e-04
6.908899999999999864e+02,4.553398780487805195e-04
6.918600000000000136e+02,4.539558536585365728e-04
6.928300000000000409e+02,4.525718292682926261e-04
6.937999999999999545e+02,4.511878048780488420e-04
6.947699999999999818e+02,4.498037804878048953e-04
6.957400000000000091e+02,4.484197560975609485e-04
6.967000000000000455e+02,4.470499999999999431e-04
6.976699999999999591e+02,4.456659756097561590e-04
6.986399999999999864e+02,4.442819512195122123e-04
6.996100000000000136e+02,4.428979268292682655e-04
7.005800000000000409e+02,4.415139024390243188e-04
7.015499999999999545e+02,4.401298780487805347e-04
7.025199999999999818e+02,4.387458536585366422e-04
7.034900000000000091e+02,4.373618292682926955e-04
7.044600000000000364e+02,4.359778048780487488e-04
7.054299999999999500e+02,4.345937804878049647e-04
7.063999999999999773e+02,4.332097560975610179e-04
7.073700000000000045e+02,4.318257317073170712e-04
7.083400000000000318e+02,4.304417073170731245e-04
7.093099999999999454e+02,4.290576829268293404e-04
7.102799999999999727e+02,4.276736585365853937e-04
7.112500000000000000e+02,4.262896341463414470e-04
7.122200000000000273e+02,4.249056097560975002e-04
7.131900000000000546e+02,4.235215853658535535e-04
7.141599999999999682e+02,4.221375609756097694e-04
7.151299999999999955e+02,4.207535365853658227e-04
7.161000000000000227e+02,4.193695121951218760e-04
7.170599999999999454e+02,4.179997560975610331e-04
7.180299999999999727e+02,4.166157317073170864e-04
7.190000000000000000e+02,4.152317073170731397e-04
7.199700000000000273e+02,4.138476829268291930e-04
7.209400000000000546e+02,4.124636585365852462e-04
7.219099999999999682e+02,4.110796341463415163e-04
7.228799999999999955e+02,4.096956097560975696e-04
7.238500000000000227e+02,4.083115853658536229e-04
7.248200000000000500e+02,4.069275609756096762e-04
7.257899999999999636e+02,4.055435365853658921e-04
7.267599999999999909e+02,4.041595121951219454e-04
7.277300000000000182e+02,4.027754878048779986e-04
7.287000000000000455e+02,4.013914634146340519e-04
7.296699999999999591e+02,4.000074390243903220e-04
7.306399999999999864e+02,3.986234146341463753e-04
7.316100000000000136e+02,3.972393902439024286e-04
7.325800000000000409e+02,3.958553658536584819e-04
7.335499999999999545e+02,3.944713414634146978e-04
7.345199999999999818e+02,3.930873170731707510e-04
7.354900000000000091e+02,3.917032926829268043e-04
7.364600000000000364e+02,3.903192682926828576e-04
7.374299999999999500e+02,3.889352439024390735e-04
7.383899999999999864e+02,3.875654878048780680e-04
7.393600000000000136e+02,3.861814634146341213e-04
7.403300000000000409e+02,3.847974390243901746e-04
7.412999999999999545e+02,3.834134146341463905e-04
7.422699999999999818e+02,3.820293902439024438e-04
7.432400000000000091e+02,3.806453658536584970e-04
7.442100000000000364e+02,3.792613414634145503e-04
7.451799999999999500e+02,3.779988376740863409e-04
7.461499999999999773e+02,3.768779117606138032e-04
7.471200000000000045e+02,3.757569858471412113e-04
7.480900000000000318e+02,3.746360599336686194e-04
7.490599999999999454e+02,3.735151340201961359e-04
7.500299999999999727e+02,3.723942081067235441e-04
7.510000000000000000e+02,3.712732821932509522e-04
7.519700000000000273e+02,3.701523562797784145e-04
7.529400000000000546e+02,3.690314303663058226e-04
7.539099999999999682e+02,3.679105044528333392e-04
7.548799999999999955e+02,3.667895785393607473e-04
7.558500000000000227e+02,3.656686526258881554e-04
7.568200000000000500e+02,3.645477267124155635e-04
7.577899999999999636e+02,3.634268007989431342e-04
7.587500000000000000e+02,3.623461538461537966e-04
7.597200000000000273e+02,3.613868131868131330e-04
7.606900000000000546e+02,3.604274725274724694e-04
7.616599999999999682e+02,3.594681318681318600e-04
7.626299999999999955e+02,3.585087912087911964e-04
7.636000000000000227e+02,3.575494505494504786e-04
7.645700000000000500e+02,3.565901098901098150e-04
7.655399999999999636e+02,3.556307692307692598e-04
7.665099999999999909e+02,3.546714285714285420e-04
7.674800000000000182e+02,3.537120879120878784e-04
7.684500000000000455e+02,3.527527472527471606e-04
7.694199999999999591e+02,3.517934065934066054e-04
7.703899999999999864e+02,3.508340659340659418e-04
7.713600000000000136e+02,3.498747252747252240e-04
7.723300000000000409e+02,3.489153846153845604e-04
7.732999999999999545e+02,3.479560439560440053e-04
7.742699999999999818e+02,3.469967032967032875e-04
7.752400000000000091e+02,3.460373626373626239e-04
7.762100000000000364e+02,3.450780219780219061e-04
7.771799999999999500e+02,3.441186813186813509e-04
7.781499999999999773e+02,3.431593406593406873e-04
7.791200000000000045e+02,3.421999999999999695e-04
7.800800000000000409e+02,3.412505494505493767e-04
7.810499999999999545e+02,3.402912087912088215e-04
7.820199999999999818e+02,3.393318681318681579e-04
7.829900000000000091e+02,3.383725274725274401e-04
7.839600000000000364e+02,3.374131868131867765e-04
7.849299999999999500e+02,3.364538461538461671e-04
7.858999999999999773e+02,3.354945054945055035e-04
7.868700000000000045e+02,3.345351648351647857e-04
7.878400000000000318e+02,3.335758241758241221e-04
7.888099999999999454e+02,3.326164835164835670e-04
7.897799999999999727e+02,3.316571428571428492e-04
7.907500000000000000e+02,3.306978021978021856e-04
7.917200000000000273e+02,3.297384615384615220e-04
7.926900000000000546e+02,3.287791208791208042e-04
7.936599999999999682e+02,3.278197802197802490e-04
7.946299999999999955e+02,3.268604395604395854e-04
7.956000000000000227e+02,3.259010989010988676e-04
7.965700000000000500e+02,3.249417582417582040e-04
7.975399999999999636e+02,3.239824175824175946e-04
7.985099999999999909e+02,3.230230769230769310e-04
7.994800000000000182e+02,3.220637362637362674e-04
8.004400000000000546e+02,3.211142857142856746e-04
8.014099999999999682e+02,3.201549450549451194e-04
8.023799999999999955e+02,3.191956043956044016e-04
8.033500000000000227e+02,3.182362637362637380e-04
8.043200000000000500e+02,3.172769230769230202e-04
8.052899999999999636e+02,3.163175824175824651e-04
8.062599999999999909e+02,3.153582417582417472e-04
8.072300000000000182e+02,3.143989010989010837e-04
8.082000000000000455e+02,3.134395604395603658e-04
8.091699999999999591e+02,3.124802197802198107e-04
8.101399999999999864e+02,3.115208791208791471e-04
8.111100000000000136e+02,3.105615384615384293e-04
8.120800000000000409e+02,3.096021978021977657e-04
8.130499999999999545e+02,3.086428571428571563e-04
8.140199999999999818e+02,3.076835164835164927e-04
8.149900000000000091e+02,3.067241758241758291e-04
8.159600000000000364e+02,3.057648351648351113e-04
8.169299999999999500e+02,3.048054945054945561e-04
8.178999999999999773e+02,3.038461538461538383e-04
8.188700000000000045e+02,3.028868131868131747e-04
8.198400000000000318e+02,3.019274725274724569e-04
8.208099999999999454e+02,3.009681318681319017e-04
8.217699999999999818e+02,3.000186813186813089e-04
8.227400000000000091e+02,2.990593406593406453e-04
8.237100000000000364e+02,2.980999999999999275e-04
8.246799999999999500e+02,2.971406593406593724e-04
8.256499999999999773e+02,2.961813186813187088e-04
8.266200000000000045e+02,2.952219780219779910e-04
8.275900000000000318e+02,2.942626373626373274e-04
8.285599999999999454e+02,2.933032967032967722e-04
8.295299999999999727e+02,2.923439560439560544e-04
8.305000000000000000e+02,2.913846153846153908e-04
8.314700000000000273e+02,2.904252747252746730e-04
8.324400000000000546e+02,2.895501916571122363e-04
8.334099999999999682e+02,2.887117122383452139e-04
8.343799999999999955e+02,2.878732328195781373e-04
8.353500000000000227e+02,2.870347534008110065e-04
8.363200000000000500e+02,2.861962739820438756e-04
8.372899999999999636e+02,2.853577945632768532e-04
8.382599999999999909e+02,2.845193151445097224e-04
8.392300000000000182e+02,2.836808357257426458e-04
8.402000000000000455e+02,2.828423563069755150e-04
8.411699999999999591e+02,2.820038768882084925e-04
8.421299999999999955e+02,2.811740415871606105e-04
8.431000000000000227e+02,2.803355621683934797e-04
8.440700000000000500e+02,2.794970827496263488e-04
8.450399999999999636e+02,2.786586033308593264e-04
8.460099999999999909e+02,2.778201239120922498e-04
8.469800000000000182e+02,2.769816444933251190e-04
8.479500000000000455e+02,2.762766990291261912e-04
8.489199999999999591e+02,2.756174757281553561e-04
8.498899999999999864e+02,2.749582524271844668e-04
8.508600000000000136e+02,2.742990291262135776e-04
8.518300000000000409e+02,2.736398058252426883e-04
8.527999999999999545e+02,2.729805825242718532e-04
8.537699999999999818e+02,2.723213592233009639e-04
8.547400000000000091e+02,2.716621359223300746e-04
8.557100000000000364e+02,2.710029126213591853e-04
8.566799999999999500e+02,2.703436893203884045e-04
8.576499999999999773e+02,2.696844660194174610e-04
8.586200000000000045e+02,2.690252427184465717e-04
8.595900000000000318e+02,2.683660194174756824e-04
8.605599999999999454e+02,2.677067961165049016e-04
8.615299999999999727e+02,2.670475728155340123e-04
8.625000000000000000e+02,2.663883495145630688e-04
8.634600000000000364e+02,2.657359223300970251e-04
8.644299999999999500e+02,2.650766990291262442e-04
8.653999999999999773e+02,2.644174757281553549e-04
8.663700000000000045e+02,2.637582524271844656e-04
8.673400000000000318e+02,2.630990291262135764e-04
8.683099999999999454e+02,2.624398058252427413e-04
8.692799999999999727e+02,2.617805825242718520e-04
8.702500000000000000e+02,2.611213592233009627e-04
8.712200000000000273e+02,2.604621359223300734e-04
8.721900000000000546e+02,2.598029126213591842e-04
8.731599999999999682e+02,2.591436893203883491e-04
8.741299999999999955e+02,2.584844660194174598e-04
8.751000000000000227e+02,2.578252427184465705e-04
8.760700000000000500e+02,2.571660194174756812e-04
8.770399999999999636e+02,2.565067961165048462e-04
8.780099999999999909e+02,2.558475728155339569e-04
8.789800000000000182e+02,2.551883495145630676e-04
8.799500000000000455e+02,2.545291262135921783e-04
8.809199999999999591e+02,2.538699029126213432e-04
8.818899999999999864e+02,2.532106796116504539e-04
8.828600000000000136e+02,2.525514563106795647e-04
8.838200000000000500e+02,2.518990291262135210e-04
8.847899999999999636e+02,2.512398058252427401e-04
8.857599999999999909e+02,2.505805825242718508e-04
8.867300000000000182e+02,2.499213592233009615e-04
8.877000000000000455e+02,2.492621359223300180e-04
8.886699999999999591e+02,2.486029126213592372e-04
8.896399999999999864e+02,2.479436893203883479e-04
8.906100000000000136e+02,2.472844660194174586e-04
8.915800000000000409e+02,2.466252427184465693e-04
8.925499999999999545e+02,2.459660194174757343e-04
8.935199999999999818e+02,2.453067961165048450e-04
8.944900000000000091e+02,2.446475728155339557e-04
8.954600000000000364e+02,2.439883495145630664e-04
8.964299999999999500e+02,2.433291262135922313e-04
8.973999999999999773e+02,2.426699029126213420e-04
8.983700000000000045e+02,2.420106796116504528e-04
8.993400000000000318e+02,2.413514563106795635e-04
9.003099999999999454e+02,2.406922330097087555e-04
9.012799999999999727e+02,2.400330097087378662e-04
9.022500000000000000e+02,2.393737864077669769e-04
9.032200000000000273e+02,2.387145631067960877e-04
9.041900000000000546e+02,2.380553398058251713e-04
9.051499999999999773e+02,2.374029126213592089e-04
9.061200000000000045e+02,2.367436893203883196e-04
9.070900000000000318e+02,2.360844660194174303e-04
9.080599999999999454e+02,2.354252427184466223e-04
9.090299999999999727e+02,2.347660194174757331e-04
9.100000000000000000e+02,2.341067961165048438e-04
9.109700000000000273e+02,2.334475728155339545e-04
9.119400000000000546e+02,2.327883495145630381e-04
9.129099999999999682e+02,2.321291262135922301e-04
9.138799999999999955e+02,2.314699029126213409e-04
9.148500000000000227e+02,2.308106796116504516e-04
9.158200000000000500e+02,2.301514563106795623e-04
9.167899999999999636e+02,2.294922330097087272e-04
9.177599999999999909e+02,2.288330097087378379e-04
9.187300000000000182e+02,2.281737864077669486e-04
9.197000000000000455e+02,2.275145631067960594e-04
9.206699999999999591e+02,2.268553398058252514e-04
9.216399999999999864e+02,2.261961165048543621e-04
9.226100000000000136e+02,2.255368932038834457e-04
9.235800000000000409e+02,2.248776699029125564e-04
9.245499999999999545e+02,2.242184466019417485e-04
9.255099999999999909e+02,2.235660194174757048e-04
9.264800000000000182e+02,2.229067961165048155e-04
9.274500000000000455e+02,2.222475728155339262e-04
9.284199999999999591e+02,2.215883495145631182e-04
9.293899999999999864e+02,2.207596663641958970e-04
9.303600000000000136e+02,2.197124097202388831e-04
9.313300000000000409e+02,2.186651530762818421e-04
9.322999999999999545e+02,2.176178964323249366e-04
9.332699999999999818e+02,2.165706397883679227e-04
9.342400000000000091e+02,2.155233831444108817e-04
9.352100000000000364e+02,2.144761265004538678e-04
9.361799999999999500e+02,2.134288698564969623e-04
9.371499999999999773e+02,2.123816132125399213e-04
9.381200000000000045e+02,2.113343565685829074e-04
9.390900000000000318e+02,2.102870999246258664e-04
9.400599999999999454e+02,2.092398432806689610e-04
9.410299999999999727e+02,2.081925866367119471e-04
9.420000000000000000e+02,2.071453299927549061e-04
9.429700000000000273e+02,2.060980733487978922e-04
9.439400000000000546e+02,2.050508167048408512e-04
9.449099999999999682e+02,2.040035600608839457e-04
9.458799999999999955e+02,2.029563034169269318e-04
9.468400000000000318e+02,2.002992857142855650e-04
9.478099999999999454e+02,1.966444642857144713e-04
9.487799999999999727e+02,1.929896428571429440e-04
9.497500000000000000e+02,1.893348214285714166e-04
9.507200000000000273e+02,1.856799999999998621e-04
9.516900000000000546e+02,1.820251785714283347e-04
9.526599999999999682e+02,1.783703571428572410e-04
9.536299999999999955e+02,1.747155357142857136e-04
9.546000000000000227e+02,1.710607142857141862e-04
9.555700000000000500e+02,1.674058928571426318e-04
9.565399999999999636e+02,1.637510714285715381e-04
9.575099999999999909e+02,1.600962500000000107e-04
9.584800000000000182e+02,1.564414285714284833e-04
9.594500000000000455e+02,1.527866071428569559e-04
9.604199999999999591e+02,1.491317857142858351e-04
9.613899999999999864e+02,1.454769642857143077e-04
9.623600000000000136e+02,1.418221428571427804e-04
9.633300000000000409e+02,1.381673214285712530e-04
9.642999999999999545e+02,1.345125000000001593e-04
9.652699999999999818e+02,1.308576785714286048e-04
9.662400000000000091e+02,1.272028571428570774e-04
9.672000000000000455e+02,1.235857142857141029e-04
9.681699999999999591e+02,1.199308928571429957e-04
9.691399999999999864e+02,1.162760714285714547e-04
9.701100000000000136e+02,1.126212499999999274e-04
9.710800000000000409e+02,1.089664285714284000e-04
9.720499999999999545e+02,1.053116071428573063e-04
9.730199999999999818e+02,1.016567857142857654e-04
9.739900000000000091e+02,9.800196428571423797e-05
9.749600000000000364e+02,9.434714285714269704e-05
9.759299999999999500e+02,9.069232142857160334e-05
9.768999999999999773e+02,8.703750000000007596e-05
9.778700000000000045e+02,8.338267857142854858e-05
9.788400000000000318e+02,7.972785714285702120e-05
9.798099999999999454e+02,7.607303571428590040e-05
9.807799999999999727e+02,7.241821428571437302e-05
9.817500000000000000e+02,6.877114326398732567e-05
