# Title: <92U, 238> Spectrum
# Creator: donguri
# CreationDate: 19 Jan 2006 01:08:20 JST
# Fields: energy intensity
# Units: keV 1/keV

0.5 0.0001346294
1.5 0.001208213
2.5 0.003346569
3.5 0.006540519
4.5 0.0107809
5.5 0.01605858
6.5 0.02236442
7.5 0.02968932
8.5 0.0380242
9.5 0.04735999
10.5 0.05768762
11.5 0.06899808
12.5 0.08128236
13.5 0.09453144
14.5 0.1087364
15.5 0.1238882
16.5 0.1399779
17.5 0.001031486
18.5 0.001149813
19.5 0.001274231
20.5 0.001405147
21.5 0.001541784
22.5 0.001684264
23.5 0.001832632
24.5 0.001986839
25.5 0.002146835
26.5 0.002312571
27.5 0.002483995
28.5 0.002661059
29.5 0.002843713
30.5 0.003031908
31.5 0.003225593
32.5 0.003424721
33.5 0.003629241
34.5 0.003839104
35.5 0.004054262
36.5 0.004274665
37.5 0.004500265
38.5 0.004731013
39.5 0.004966859
40.5 0.005207805
41.5 0.005453765
42.5 0.005704679
43.5 0.005960498
44.5 0.006221173
45.5 0.006486658
46.5 0.006756903
47.5 0.007031861
48.5 0.007311484
49.5 0.007595724
50.5 0.007884534
51.5 0.008177865
52.5 0.008475672
53.5 0.008777905
54.5 0.009084518
55.5 0.009395465
56.5 0.009710697
57.5 0.01003017
58.5 0.01035383
59.5 0.01068164
60.5 0.01101361
61.5 0.01134965
62.5 0.01168969
63.5 0.01203368
64.5 0.004956872
65.5 0.005099214
66.5 0.005243173
67.5 0.00538873
68.5 0.00553587
69.5 0.005684576
70.5 0.005834831
71.5 0.005986619
72.5 0.006139923
73.5 0.006294727
74.5 0.006451014
75.5 0.006608768
76.5 0.006767973
77.5 0.006928611
78.5 0.007090668
79.5 0.007254192
80.5 0.007419119
81.5 0.007585415
82.5 0.007753064
83.5 0.007922049
84.5 0.008092354
85.5 0.008263965
86.5 0.007481936
87.5 0.007636624
88.5 0.007792436
89.5 0.007949358
90.5 0.008107375
91.5 0.008266474
92.5 0.008426641
93.5 0.008587862
94.5 0.008750123
95.5 0.00891341
96.5 0.00907771
97.5 0.009243009
98.5 0.009409339
99.5 0.009576653
100.5 0.009744923
101.5 0.009914138
102.5 0.01008428
103.5 0.01025534
104.5 0.01042731
105.5 0.01060016
106.5 0.008772022
107.5 0.003832037
108.5 0.003894701
109.5 0.003957699
110.5 0.004021028
111.5 0.004084683
112.5 0.004148661
113.5 0.004212956
114.5 0.004277566
115.5 0.004342485
116.5 0.00440771
117.5 0.004473236
118.5 0.004539148
119.5 0.004605374
120.5 0.00467189
121.5 0.00473869
122.5 0.004805772
123.5 0.00487313
124.5 0.004940761
125.5 0.00500866
126.5 0.005076824
127.5 0.005145249
128.5 0.00521393
129.5 0.005282863
130.5 0.005352044
131.5 0.00542147
132.5 0.005491136
133.5 0.005561038
134.5 0.005631172
135.5 0.005701534
136.5 0.005772121
137.5 0.005842999
138.5 0.00591411
139.5 0.005985434
140.5 0.006056966
141.5 0.006128702
142.5 0.006200638
143.5 0.00627277
144.5 0.006345094
145.5 0.006417607
146.5 0.006490303
147.5 0.00656318
148.5 0.006636233
149.5 0.006709458
150.5 0.006782852
151.5 0.00685641
152.5 0.006930129
153.5 0.007004005
154.5 0.007078033
155.5 0.007152211
156.5 0.007226578
157.5 0.007301097
158.5 0.007375754
159.5 0.007450544
160.5 0.007525464
161.5 0.007600509
162.5 0.007675676
163.5 0.007750725
164.5 0.007826122
165.5 0.00790163
166.5 0.007977244
167.5 0.008052961
168.5 0.008128778
169.5 0.00820469
170.5 0.008280693
171.5 0.008356784
172.5 0.00843296
173.5 0.008509216
174.5 0.008585548
175.5 0.008661954
176.5 0.008738532
177.5 0.008815201
178.5 0.008891932
179.5 0.008968722
180.5 0.009045567
181.5 0.009122463
182.5 0.009199406
183.5 0.009276394
184.5 0.009015603
185.5 0.009090002
186.5 0.009164435
187.5 0.009238899
188.5 0.00931339
189.5 0.009387905
190.5 0.00946244
191.5 0.009536993
192.5 0.00961156
193.5 0.009686137
194.5 0.009760721
195.5 0.00983535
196.5 0.00990999
197.5 0.009984627
198.5 0.01005926
199.5 0.000840593
200.5 0.0008479819
201.5 0.0008553875
202.5 0.0008628098
203.5 0.0008702484
204.5 0.0008777034
205.5 0.0008851745
206.5 0.0008926616
207.5 0.0009001646
208.5 0.0009076833
209.5 0.0009152176
210.5 0.0009227673
211.5 0.0009303322
212.5 0.0009379123
213.5 0.0009455074
214.5 0.0009531173
215.5 0.0009608689
216.5 0.0009685527
217.5 0.0009763642
218.5 0.0009841901
219.5 0.00099203
220.5 0.0009998839
221.5 0.001007752
222.5 0.001015633
223.5 0.001023528
224.5 0.001031437
225.5 0.001039358
226.5 0.001047293
227.5 0.001055241
228.5 0.001063202
229.5 0.001071175
230.5 0.001079161
231.5 0.001087159
232.5 0.00109517
233.5 0.001103192
234.5 0.00111129
235.5 0.001119416
236.5 0.001127553
237.5 0.001135702
238.5 0.001143862
239.5 0.001152034
240.5 0.001160216
241.5 0.00116841
242.5 0.001176615
243.5 0.00118483
244.5 0.001193056
245.5 0.001201292
246.5 0.001209539
247.5 0.001217796
248.5 0.001226063
249.5 0.00123434
250.5 0.001242626
251.5 0.001250923
252.5 0.001259229
253.5 0.001267582
254.5 0.001275954
255.5 0.001284334
256.5 0.001292724
257.5 0.001292341
258.5 0.001300706
259.5 0.00130908
260.5 0.001317462
261.5 0.001325853
262.5 0.001334252
263.5 0.001342659
264.5 0.001349084
265.5 0.001357498
266.5 0.001365919
267.5 0.001374348
268.5 0.001382785
269.5 0.001391229
270.5 0.00139968
271.5 0.001408139
272.5 0.001416604
273.5 0.001425165
274.5 0.001433754
275.5 0.00144235
276.5 0.001450953
277.5 0.001459562
278.5 0.001468177
279.5 0.001476798
280.5 0.001485426
281.5 0.001494058
282.5 0.001502697
283.5 0.001511341
284.5 0.001519991
285.5 0.001528646
286.5 0.001537306
287.5 0.001545972
288.5 0.001554642
289.5 0.001563317
290.5 0.001571996
291.5 0.001580681
292.5 0.001589496
293.5 0.001598347
294.5 0.001607202
295.5 0.001616061
296.5 0.001624924
297.5 0.001633791
298.5 0.001642661
299.5 0.001651535
300.5 0.001660413
301.5 0.001669294
302.5 0.001678178
303.5 0.001687065
304.5 0.001695955
305.5 0.001704847
306.5 0.001713743
307.5 0.001722641
308.5 0.001731542
309.5 0.001740444
310.5 0.001749349
311.5 0.001758242
312.5 0.001767132
313.5 0.001776025
314.5 0.001784919
315.5 0.001793815
316.5 0.001802712
317.5 0.001811611
318.5 0.001820511
319.5 0.001829412
320.5 0.001838314
321.5 0.001847217
322.5 0.00185612
323.5 0.001865025
324.5 0.001873929
325.5 0.001882835
326.5 0.00189174
327.5 0.001900646
328.5 0.001909551
329.5 0.001918457
330.5 0.001927363
331.5 0.001933099
332.5 0.00194217
333.5 0.00195124
334.5 0.00196031
335.5 0.001969379
336.5 0.001978447
337.5 0.001987514
338.5 0.00199658
339.5 0.002005645
340.5 0.002014709
341.5 0.002023771
342.5 0.002032832
343.5 0.002041891
344.5 0.002050949
345.5 0.002060004
346.5 0.002069058
347.5 0.002078109
348.5 0.002087158
349.5 0.002096205
350.5 0.002105334
351.5 0.002114481
352.5 0.002123626
353.5 0.002132767
354.5 0.002141906
355.5 0.002151042
356.5 0.002160175
357.5 0.002169305
358.5 0.002178431
359.5 0.002187554
360.5 0.002196673
361.5 0.002205789
362.5 0.002214901
363.5 0.002224009
364.5 0.002233113
365.5 0.002242213
366.5 0.002251309
367.5 0.002260401
368.5 0.002269488
369.5 0.002278585
370.5 0.002287682
371.5 0.002296773
372.5 0.00230586
373.5 0.002314942
374.5 0.002324019
375.5 0.00233309
376.5 0.002342157
377.5 0.002351218
378.5 0.002360273
379.5 0.002369323
380.5 0.002378368
381.5 0.002387406
382.5 0.002396439
383.5 0.002405465
384.5 0.002414486
385.5 0.0024235
386.5 0.002432357
387.5 0.002441358
388.5 0.002450353
389.5 0.002459495
390.5 0.002468668
391.5 0.002477835
392.5 0.002486994
393.5 0.002496147
394.5 0.002505292
395.5 0.002514431
396.5 0.002523561
397.5 0.002532685
398.5 0.002541801
399.5 0.002550909
400.5 0.00256001
401.5 0.002569102
402.5 0.002578187
403.5 0.002587264
404.5 0.002596332
405.5 0.002605393
406.5 0.002614445
407.5 0.002623488
408.5 0.002632565
409.5 0.002641644
410.5 0.002650714
411.5 0.00265829
412.5 0.002667339
413.5 0.00267638
414.5 0.002685411
415.5 0.002693723
416.5 0.002702735
417.5 0.002711737
418.5 0.00272073
419.5 0.002729713
420.5 0.002738686
421.5 0.00274765
422.5 0.002756604
423.5 0.002765547
424.5 0.002774481
425.5 0.002783405
426.5 0.002792318
427.5 0.002801185
428.5 0.002810033
429.5 0.002818871
430.5 0.002827697
431.5 0.002836513
432.5 0.002845318
433.5 0.002854113
434.5 0.002862896
435.5 0.002871435
436.5 0.002880195
437.5 0.002888945
438.5 0.002897683
439.5 0.002906409
440.5 0.002915124
441.5 0.002923827
442.5 0.002932519
443.5 0.002941199
444.5 0.002949867
445.5 0.002957377
446.5 0.002966019
447.5 0.002974854
448.5 0.002983727
449.5 0.002992587
450.5 0.003001436
451.5 0.003010271
452.5 0.003019095
453.5 0.003027905
454.5 0.003036703
455.5 0.003045488
456.5 0.00305426
457.5 0.003063019
458.5 0.003071764
459.5 0.003080436
460.5 0.003089066
461.5 0.003097772
462.5 0.003106464
463.5 0.003115143
464.5 0.003123808
465.5 0.00313246
466.5 0.003141013
467.5 0.003149531
468.5 0.003158036
469.5 0.003166526
470.5 0.003175002
471.5 0.003183465
472.5 0.003191912
473.5 0.003200346
474.5 0.003205363
475.5 0.003213762
476.5 0.003222147
477.5 0.003230517
478.5 0.003238873
479.5 0.003247214
480.5 0.00325554
481.5 0.003263851
482.5 0.003272146
483.5 0.003280427
484.5 0.003288693
485.5 0.003296943
486.5 0.003304012
487.5 0.003312493
488.5 0.003320959
489.5 0.003283774
490.5 0.003292157
491.5 0.003300524
492.5 0.003308876
493.5 0.003317213
494.5 0.003325534
495.5 0.00333384
496.5 0.003342131
497.5 0.003350405
498.5 0.003358664
499.5 0.003366908
500.5 0.003375135
501.5 0.003383347
502.5 0.003387796
503.5 0.003395972
504.5 0.003403646
505.5 0.003411789
506.5 0.003419916
507.5 0.003428026
508.5 0.00343612
509.5 0.003444198
510.5 0.003452259
511.5 0.003460304
512.5 0.003468331
513.5 0.003476343
514.5 0.003484337
515.5 0.003492315
516.5 0.003500275
517.5 0.003508219
518.5 0.003516146
519.5 0.003524055
520.5 0.003531947
521.5 0.003539822
522.5 0.00354768
523.5 0.00355552
524.5 0.003563333
525.5 0.003571125
526.5 0.003578899
527.5 0.003586656
528.5 0.003594395
529.5 0.003602117
530.5 0.00360982
531.5 0.003617506
532.5 0.003625173
533.5 0.003632823
534.5 0.003640454
535.5 0.003648068
536.5 0.003655663
537.5 0.003663239
538.5 0.003670797
539.5 0.003678337
540.5 0.003685859
541.5 0.003693361
542.5 0.003700845
543.5 0.003686861
544.5 0.00369437
545.5 0.003701953
546.5 0.003709517
547.5 0.003717063
548.5 0.00372459
549.5 0.003732098
550.5 0.003739587
551.5 0.003747058
552.5 0.003754509
553.5 0.003751828
554.5 0.003759234
555.5 0.003766622
556.5 0.00377399
557.5 0.003781339
558.5 0.003788668
559.5 0.003795979
560.5 0.00380327
561.5 0.003810541
562.5 0.003817793
563.5 0.003825068
564.5 0.003832334
565.5 0.00383958
566.5 0.003846806
567.5 0.003854013
568.5 0.003861199
569.5 0.003868366
570.5 0.003875513
571.5 0.003882639
572.5 0.003889746
573.5 0.003892624
574.5 0.003899688
575.5 0.003906732
576.5 0.003913755
577.5 0.003914402
578.5 0.003921382
579.5 0.003928341
580.5 0.00393528
581.5 0.003942198
582.5 0.003949037
583.5 0.00395584
584.5 0.003962623
585.5 0.003969385
586.5 0.003976127
587.5 0.003982847
588.5 0.003989547
589.5 0.003996226
590.5 0.004002883
591.5 0.00400952
592.5 0.004016136
593.5 0.00402273
594.5 0.004029303
595.5 0.004035855
596.5 0.004042386
597.5 0.004048895
598.5 0.004055382
599.5 0.004061849
600.5 0.004068293
601.5 0.004074716
602.5 0.004081261
603.5 0.004087819
604.5 0.004094356
605.5 0.004100871
606.5 0.004107364
607.5 0.004113835
608.5 0.004120251
609.5 0.004126678
610.5 0.004128853
611.5 0.004135234
612.5 0.004141593
613.5 0.004147929
614.5 0.004154243
615.5 0.004160534
616.5 0.004166803
617.5 0.00417305
618.5 0.004179274
619.5 0.004185475
620.5 0.004191653
621.5 0.004197851
622.5 0.004204036
623.5 0.004210199
624.5 0.004216338
625.5 0.004222455
626.5 0.004228548
627.5 0.004234618
628.5 0.004240665
629.5 0.004246689
630.5 0.004252689
631.5 0.004258666
632.5 0.004264619
633.5 0.004270549
634.5 0.004276455
635.5 0.004282338
636.5 0.004288197
637.5 0.004294032
638.5 0.004299843
639.5 0.00430563
640.5 0.004311288
641.5 0.004315948
642.5 0.004321531
643.5 0.004327091
644.5 0.004331658
645.5 0.004337169
646.5 0.004342655
647.5 0.004348117
648.5 0.004353555
649.5 0.004358969
650.5 0.004364358
651.5 0.004369722
652.5 0.004375062
653.5 0.004380378
654.5 0.004385669
655.5 0.004390935
656.5 0.004396176
657.5 0.004401393
658.5 0.004406585
659.5 0.004411753
660.5 0.004417085
661.5 0.00442244
662.5 0.004427769
663.5 0.004433074
664.5 0.004438354
665.5 0.004443609
666.5 0.004448839
667.5 0.004452106
668.5 0.004457286
669.5 0.00446244
670.5 0.00446757
671.5 0.00315712
672.5 0.003162163
673.5 0.003167194
674.5 0.003172212
675.5 0.003177219
676.5 0.003182213
677.5 0.003187196
678.5 0.003192166
679.5 0.003197124
680.5 0.00320207
681.5 0.003207003
682.5 0.003211924
683.5 0.003216833
684.5 0.00322173
685.5 0.003226614
686.5 0.003231485
687.5 0.003236344
688.5 0.003241191
689.5 0.003246025
690.5 0.003250847
691.5 0.003255656
692.5 0.003260452
693.5 0.003265236
694.5 0.003270007
695.5 0.003274765
696.5 0.00327951
697.5 0.003284243
698.5 0.003288773
699.5 0.003293243
700.5 0.003297701
701.5 0.003302145
702.5 0.003306576
703.5 0.003310995
704.5 0.003315401
705.5 0.003319793
706.5 0.003324173
707.5 0.003328539
708.5 0.003332893
709.5 0.003337234
710.5 0.003341561
711.5 0.003345876
712.5 0.003350177
713.5 0.003354465
714.5 0.00335874
715.5 0.003363002
716.5 0.003367251
717.5 0.003371487
718.5 0.003375815
719.5 0.003380156
720.5 0.003384484
721.5 0.003388799
722.5 0.003393101
723.5 0.003397389
724.5 0.003401665
725.5 0.003405927
726.5 0.003410176
727.5 0.003412899
728.5 0.002384848
729.5 0.002389271
730.5 0.00239369
731.5 0.002398106
732.5 0.002402518
733.5 0.002406926
734.5 0.002411331
735.5 0.002415732
736.5 0.00242013
737.5 0.002424818
738.5 0.002429577
739.5 0.002434332
740.5 0.002439084
741.5 0.002443831
742.5 0.002448575
743.5 0.002453315
744.5 0.002458052
745.5 0.002462785
746.5 0.002467514
747.5 0.002472239
748.5 0.002476961
749.5 0.002481678
750.5 0.002486392
751.5 0.002491102
752.5 0.002495809
753.5 0.002500511
754.5 0.00250521
755.5 0.002509905
756.5 0.002514596
757.5 0.002518988
758.5 0.002523303
759.5 0.002527614
760.5 0.002531921
761.5 0.002536224
762.5 0.002540523
763.5 0.002544818
764.5 0.002546364
765.5 0.002550652
766.5 0.002549947
767.5 0.002554229
768.5 0.002558507
769.5 0.002562781
770.5 0.002567052
771.5 0.002571318
772.5 0.00257558
773.5 0.002579839
774.5 0.002584093
775.5 0.002588343
776.5 0.00259259
777.5 0.002596832
778.5 0.002601071
779.5 0.002605305
780.5 0.002609536
781.5 0.002613762
782.5 0.002617985
783.5 0.002622203
784.5 0.002626417
785.5 0.002630627
786.5 0.002634834
787.5 0.002639036
788.5 0.002643234
789.5 0.002647427
790.5 0.002618637
791.5 0.002622836
792.5 0.002627031
793.5 0.002631222
794.5 0.00263541
795.5 0.002639888
796.5 0.002644436
797.5 0.002648981
798.5 0.002653521
799.5 0.002658058
800.5 0.00266259
801.5 0.002667119
802.5 0.002671644
803.5 0.002676165
804.5 0.002680682
805.5 0.002685194
806.5 0.002689703
807.5 0.002694208
808.5 0.00269871
809.5 0.002703207
810.5 0.0027077
811.5 0.002712189
812.5 0.002716674
813.5 0.002721155
814.5 0.002725632
815.5 0.00272981
816.5 0.002733911
817.5 0.002738007
818.5 0.002742099
819.5 0.002746188
820.5 0.002750272
821.5 0.002754352
822.5 0.002758428
823.5 0.0027625
824.5 0.00270803
825.5 0.002712124
826.5 0.002716213
827.5 0.0027203
828.5 0.002724382
829.5 0.002728461
830.5 0.002732536
831.5 0.002736608
832.5 0.002740676
833.5 0.00274474
834.5 0.0027488
835.5 0.002752857
836.5 0.00275691
837.5 0.00276096
838.5 0.002765006
839.5 0.002769048
840.5 0.002773086
841.5 0.00277712
842.5 0.002781151
843.5 0.002785178
844.5 0.002789202
845.5 0.002793221
846.5 0.002797237
847.5 0.002801249
848.5 0.002805257
849.5 0.002808035
850.5 0.002812036
851.5 0.002816034
852.5 0.002820027
853.5 0.002823912
854.5 0.002827767
855.5 0.002831617
856.5 0.002835464
857.5 0.002839307
858.5 0.002843147
859.5 0.002846982
860.5 0.002850814
861.5 0.002854641
862.5 0.002858465
863.5 0.002862285
864.5 0.002866101
865.5 0.002869913
866.5 0.002873722
867.5 0.002877526
868.5 0.002881327
869.5 0.002885123
870.5 0.002888916
871.5 0.002892705
872.5 0.00289649
873.5 0.002900797
874.5 0.002905232
875.5 0.002909663
876.5 0.00291409
877.5 0.002918514
878.5 0.002922933
879.5 0.002927348
880.5 0.002931759
881.5 0.002936167
882.5 0.00294057
883.5 0.002944969
884.5 0.002949365
885.5 0.002953756
886.5 0.002958143
887.5 0.002962526
888.5 0.002966906
889.5 0.002971281
890.5 0.002975652
891.5 0.002980019
892.5 0.002983961
893.5 0.002987793
894.5 0.002991622
895.5 0.002995446
896.5 0.002999267
897.5 0.003003083
898.5 0.003006895
899.5 0.003010703
900.5 0.003014507
901.5 0.003018307
902.5 0.003022103
903.5 0.003025894
904.5 0.003029682
905.5 0.003033465
906.5 0.003037244
907.5 0.003041019
908.5 0.00304479
909.5 0.003048557
910.5 0.00305232
911.5 0.003055476
912.5 0.003059099
913.5 0.003062718
914.5 0.003066333
915.5 0.003069943
916.5 0.00307355
917.5 0.003077152
918.5 0.00308075
919.5 0.003084343
920.5 0.003087933
921.5 0.003091518
922.5 0.003095099
923.5 0.003098676
924.5 0.003102249
925.5 0.003105817
926.5 0.003109381
927.5 0.003112941
928.5 0.003116497
929.5 0.003120048
930.5 0.003123595
931.5 0.003127243
932.5 0.003130914
933.5 0.003134579
934.5 0.003138241
935.5 0.003141898
936.5 0.003145551
937.5 0.0031492
938.5 0.003152844
939.5 0.003156484
940.5 0.00316012
941.5 0.003163751
942.5 0.003167378
943.5 0.003171001
944.5 0.003174619
945.5 0.003178233
946.5 0.003181843
947.5 0.003185448
948.5 0.003189049
949.5 0.003192646
950.5 0.003195817
951.5 0.003198878
952.5 0.003201935
953.5 0.003204987
954.5 0.003208036
955.5 0.003211079
956.5 0.003214118
957.5 0.003217153
958.5 0.003220184
959.5 0.00322321
960.5 0.003226231
961.5 0.003229248
962.5 0.003232261
963.5 0.003235269
964.5 0.003238273
965.5 0.003241272
966.5 0.003244267
967.5 0.003247257
968.5 0.003250243
969.5 0.00325354
970.5 0.003256912
971.5 0.003260279
972.5 0.003263641
973.5 0.003267
974.5 0.003270353
975.5 0.003273702
976.5 0.003277047
977.5 0.003280387
978.5 0.003283722
979.5 0.00327765
980.5 0.003280984
981.5 0.003284315
982.5 0.00328764
983.5 0.003290961
984.5 0.003294278
985.5 0.00329759
986.5 0.003300898
987.5 0.003304201
988.5 0.003307499
989.5 0.003310899
990.5 0.00331432
991.5 0.003317736
992.5 0.003321148
993.5 0.003324555
994.5 0.003327958
995.5 0.003331356
996.5 0.00333475
997.5 0.003338139
998.5 0.003341523
999.5 0.003344903
1000.5 0.003348278
1001.5 0.003351649
1002.5 0.003354986
1003.5 0.003358347
1004.5 0.003361704
1005.5 0.00336173
1006.5 0.003365081
1007.5 0.003368427
1008.5 0.003371263
1009.5 0.003373968
1010.5 0.003376668
1011.5 0.003379364
1012.5 0.003382055
1013.5 0.003384742
1014.5 0.003387424
1015.5 0.003390101
1016.5 0.003392774
1017.5 0.003395442
1018.5 0.003398105
1019.5 0.003400764
1020.5 0.003403418
1021.5 0.003406068
1022.5 0.003408713
1023.5 0.003268777
1024.5 0.003271555
1025.5 0.003274329
1026.5 0.003277099
1027.5 0.003279865
1028.5 0.003283133
1029.5 0.003286523
1030.5 0.00328991
1031.5 0.003293293
1032.5 0.003296672
1033.5 0.003300048
1034.5 0.003303419
1035.5 0.003306787
1036.5 0.003310152
1037.5 0.003313512
1038.5 0.003316869
1039.5 0.003320221
1040.5 0.00332357
1041.5 0.003326916
1042.5 0.003330257
1043.5 0.003333595
1044.5 0.003336929
1045.5 0.003340259
1046.5 0.003343585
1047.5 0.003346486
1048.5 0.003349278
1049.5 0.003352067
1050.5 0.003354851
1051.5 0.003357632
1052.5 0.003360409
1053.5 0.003363182
1054.5 0.003365951
1055.5 0.003368716
1056.5 0.003371478
1057.5 0.003374235
1058.5 0.003376989
1059.5 0.003379739
1060.5 0.003382485
1061.5 0.003385228
1062.5 0.003387966
1063.5 0.003387653
1064.5 0.003390387
1065.5 0.003393117
1066.5 0.003395759
1067.5 0.003398376
1068.5 0.003321154
1069.5 0.003323778
1070.5 0.003326469
1071.5 0.003329156
1072.5 0.00333184
1073.5 0.003334521
1074.5 0.003337198
1075.5 0.003339872
1076.5 0.003342543
1077.5 0.00334521
1078.5 0.003347874
1079.5 0.003338767
1080.5 0.003341437
1081.5 0.003344103
1082.5 0.003346766
1083.5 0.003349426
1084.5 0.003352083
1085.5 0.003354736
1086.5 0.00335747
1087.5 0.003360221
1088.5 0.00336297
1089.5 0.003365715
1090.5 0.003368457
1091.5 0.003371195
1092.5 0.00337393
1093.5 0.003376662
1094.5 0.00337939
1095.5 0.003382115
1096.5 0.003384836
1097.5 0.003387555
1098.5 0.003390269
1099.5 0.003392981
1100.5 0.003395689
1101.5 0.003398393
1102.5 0.003401095
1103.5 0.003403793
1104.5 0.003406487
1105.5 0.003408757
1106.5 0.003410893
1107.5 0.003413051
1108.5 0.003415205
1109.5 0.003417356
1110.5 0.003419504
1111.5 0.003421648
1112.5 0.003423789
1113.5 0.003425926
1114.5 0.00342806
1115.5 0.003430191
1116.5 0.003432318
1117.5 0.003434442
1118.5 0.003436562
1119.5 0.003438679
1120.5 0.003440792
1121.5 0.003442902
1122.5 0.003445009
1123.5 0.003447112
1124.5 0.003442105
1125.5 0.003444631
1126.5 0.003447154
1127.5 0.003449673
1128.5 0.003452189
1129.5 0.003454701
1130.5 0.00345721
1131.5 0.003459715
1132.5 0.003462217
1133.5 0.003464716
1134.5 0.003467211
1135.5 0.003469703
1136.5 0.003472191
1137.5 0.003474676
1138.5 0.003477158
1139.5 0.003479636
1140.5 0.00348211
1141.5 0.003484581
1142.5 0.003487049
1143.5 0.003489513
1144.5 0.003489953
1145.5 0.003489883
1146.5 0.00348981
1147.5 0.003489733
1148.5 0.003489653
1149.5 0.00348957
1150.5 0.003489483
1151.5 0.003489393
1152.5 0.003489299
1153.5 0.003436366
1154.5 0.003436328
1155.5 0.003436288
1156.5 0.003436244
1157.5 0.003436197
1158.5 0.003436146
1159.5 0.003436093
1160.5 0.003436036
1161.5 0.003435977
1162.5 0.003435914
1163.5 0.001315669
1164.5 0.001316126
1165.5 0.00131658
1166.5 0.001317031
1167.5 0.001317479
1168.5 0.001317923
1169.5 0.001318364
1170.5 0.001318802
1171.5 0.001319237
1172.5 0.001319669
1173.5 0.001320016
1174.5 0.001320441
1175.5 0.001320863
1176.5 0.001321282
1177.5 0.001321698
1178.5 0.00132211
1179.5 0.00132252
1180.5 0.001322926
1181.5 0.001323328
1182.5 0.001323728
1183.5 0.001322655
1184.5 0.00132305
1185.5 0.001323442
1186.5 0.00132383
1187.5 0.001324215
1188.5 0.001324598
1189.5 0.001324976
1190.5 0.001325352
1191.5 0.001325724
1192.5 0.001326094
1193.5 0.00132646
1194.5 0.001326822
1195.5 0.001327182
1196.5 0.001327538
1197.5 0.001327891
1198.5 0.001328241
1199.5 0.001328587
1200.5 0.001328931
1201.5 0.001329271
1202.5 0.001329607
1203.5 0.001329941
1204.5 0.001330271
1205.5 0.001330598
1206.5 0.001330922
1207.5 0.001331242
1208.5 0.001331464
1209.5 0.001331778
1210.5 0.001332089
1211.5 0.001332396
1212.5 0.001332701
1213.5 0.001333002
1214.5 0.001333299
1215.5 0.001333594
1216.5 0.001333885
1217.5 0.001334173
1218.5 0.001334457
1219.5 0.001334739
1220.5 0.001335017
1221.5 0.001335292
1222.5 0.001335563
1223.5 0.001335831
1224.5 0.001336096
1225.5 0.001336358
1226.5 0.001324376
1227.5 0.001324645
1228.5 0.00132491
1229.5 0.001325173
1230.5 0.001325432
1231.5 0.001325688
1232.5 0.001325941
1233.5 0.00132619
1234.5 0.001326437
1235.5 0.00132668
1236.5 0.00132692
1237.5 0.001327156
1238.5 0.00132739
1239.5 0.00132762
1240.5 0.001327847
1241.5 0.00132807
1242.5 0.001328291
1243.5 0.001328508
1244.5 0.001328722
1245.5 0.001328932
1246.5 0.00132914
1247.5 0.001329344
1248.5 0.001329545
1249.5 0.001329743
1250.5 0.001329937
1251.5 0.001330128
1252.5 0.001330316
1253.5 0.001330501
1254.5 0.001330682
1255.5 0.001298588
1256.5 0.001298806
1257.5 0.001299021
1258.5 0.001299233
1259.5 0.001299442
1260.5 0.001299648
1261.5 0.00128152
1262.5 0.001281745
1263.5 0.001281966
1264.5 0.001282184
1265.5 0.001282399
1266.5 0.001282612
1267.5 0.001282821
1268.5 0.001283027
1269.5 0.001283231
1270.5 0.001283431
1271.5 0.001283628
1272.5 0.001283822
1273.5 0.001284014
1274.5 0.001284202
1275.5 0.001284387
1276.5 0.001284569
1277.5 0.001269822
1278.5 0.001270018
1279.5 0.001270212
1280.5 0.001270403
1281.5 0.00127059
1282.5 0.001270775
1283.5 0.001270957
1284.5 0.001271136
1285.5 0.001271312
1286.5 0.001271485
1287.5 0.001271655
1288.5 0.001271823
1289.5 0.001271987
1290.5 0.001272148
1291.5 0.001272307
1292.5 0.001272462
1293.5 0.001272615
1294.5 0.001272764
1295.5 0.001272911
1296.5 0.001273054
1297.5 0.001273195
1298.5 0.001273333
1299.5 0.001273468
1300.5 0.0012736
1301.5 0.001273728
1302.5 0.001273854
1303.5 0.001273977
1304.5 0.001274098
1305.5 0.001274215
1306.5 0.001274329
1307.5 0.00127444
1308.5 0.001274548
1309.5 0.001274654
1310.5 0.001274756
1311.5 0.001274855
1312.5 0.001274952
1313.5 0.001275045
1314.5 0.001275136
1315.5 0.001275223
1316.5 0.001275308
1317.5 0.00127539
1318.5 0.001275468
1319.5 0.001275544
1320.5 0.001275617
1321.5 0.001275687
1322.5 0.001275754
1323.5 0.001275818
1324.5 0.001275879
1325.5 0.001275937
1326.5 0.001275992
1327.5 0.001276044
1328.5 0.001276093
1329.5 0.001276139
1330.5 0.001276182
1331.5 0.001276222
1332.5 0.00127626
1333.5 0.001276294
1334.5 0.001276325
1335.5 0.001276353
1336.5 0.001276379
1337.5 0.001276401
1338.5 0.001276421
1339.5 0.001276437
1340.5 0.001276451
1341.5 0.001276461
1342.5 0.001276469
1343.5 0.001276473
1344.5 0.001276475
1345.5 0.001276474
1346.5 0.001276469
1347.5 0.001276462
1348.5 0.001276452
1349.5 0.001276438
1350.5 0.001276422
1351.5 0.001276403
1352.5 0.001276381
1353.5 0.001276356
1354.5 0.001276327
1355.5 0.001276296
1356.5 0.001276262
1357.5 0.001276225
1358.5 0.001276185
1359.5 0.001276142
1360.5 0.001276096
1361.5 0.001276047
1362.5 0.001275995
1363.5 0.00127594
1364.5 0.001275882
1365.5 0.001275821
1366.5 0.001275757
1367.5 0.00127569
1368.5 0.00127562
1369.5 0.001275548
1370.5 0.001275472
1371.5 0.001275393
1372.5 0.001275311
1373.5 0.001275226
1374.5 0.001275138
1375.5 0.001275048
1376.5 0.001274954
1377.5 0.001274857
1378.5 0.001274757
1379.5 0.001274651
1380.5 0.001274545
1381.5 0.001274436
1382.5 0.00125924
1383.5 0.001259147
1384.5 0.001259052
1385.5 0.001258954
1386.5 0.001258853
1387.5 0.001258749
1388.5 0.001258642
1389.5 0.001258532
1390.5 0.001258419
1391.5 0.001258304
1392.5 0.001258185
1393.5 0.001258064
1394.5 0.001257939
1395.5 0.001257812
1396.5 0.001257681
1397.5 0.001257548
1398.5 0.001257412
1399.5 0.001257273
1400.5 0.001257131
1401.5 0.001256986
1402.5 0.001256838
1403.5 0.001256687
1404.5 0.001256533
1405.5 0.001256377
1406.5 0.001256217
1407.5 0.001256054
1408.5 0.001255889
1409.5 0.001255721
1410.5 0.001255549
1411.5 0.001255375
1412.5 0.001255198
1413.5 0.001255018
1414.5 0.001254835
1415.5 0.001254649
1416.5 0.00125446
1417.5 0.001254268
1418.5 0.001254073
1419.5 0.001253876
1420.5 0.001253675
1421.5 0.001253472
1422.5 0.001253265
1423.5 0.001253056
1424.5 0.001252844
1425.5 0.001178201
1426.5 0.001178097
1427.5 0.00117799
1428.5 0.001177881
1429.5 0.001177769
1430.5 0.001177654
1431.5 0.001177537
1432.5 0.001177417
1433.5 0.001177295
1434.5 0.00117717
1435.5 0.001177042
1436.5 0.001176912
1437.5 0.001176779
1438.5 0.001176643
1439.5 0.001176505
1440.5 0.001176365
1441.5 0.001176221
1442.5 0.001176075
1443.5 0.001175927
1444.5 0.001175776
1445.5 0.001175622
1446.5 0.001175466
1447.5 0.001175306
1448.5 0.001175145
1449.5 0.001174981
1450.5 0.001174814
1451.5 0.001174644
1452.5 0.001174472
1453.5 0.001174297
1454.5 0.00117412
1455.5 0.00117394
1456.5 0.001173757
1457.5 0.001173572
1458.5 0.001173384
1459.5 0.001173193
1460.5 0.001173
1461.5 0.001166482
1462.5 0.001166292
1463.5 0.0011661
1464.5 0.001165905
1465.5 0.001165707
1466.5 0.001165507
1467.5 0.001165305
1468.5 0.001165099
1469.5 0.001164891
1470.5 0.00116468
1471.5 0.001164467
1472.5 0.001164251
1473.5 0.001164033
1474.5 0.001163811
1475.5 0.001163588
1476.5 0.001163361
1477.5 0.001163132
1478.5 0.0011629
1479.5 0.001162666
1480.5 0.001162429
1481.5 0.001162189
1482.5 0.001161947
1483.5 0.001161702
1484.5 0.001161454
1485.5 0.001161204
1486.5 0.001160951
1487.5 0.001160695
1488.5 0.001160437
1489.5 0.001160176
1490.5 0.001159913
1491.5 0.001159646
1492.5 0.001159377
1493.5 0.001159106
1494.5 0.001158832
1495.5 0.001158555
1496.5 0.001158276
1497.5 0.001157994
1498.5 0.001157709
1499.5 0.001157422
1500.5 0.001157132
1501.5 0.001156839
1502.5 0.001156544
1503.5 0.001156246
1504.5 0.001155945
1505.5 0.001155642
1506.5 0.001155336
1507.5 0.001155028
1508.5 0.001016416
1509.5 0.001016324
1510.5 0.001016231
1511.5 0.001016135
1512.5 0.001016037
1513.5 0.001015937
1514.5 0.001015835
1515.5 0.001015731
1516.5 0.001015625
1517.5 0.001015517
1518.5 0.001015406
1519.5 0.001015294
1520.5 0.001015179
1521.5 0.001015062
1522.5 0.001014943
1523.5 0.001014823
1524.5 0.0010147
1525.5 0.001014574
1526.5 0.001014447
1527.5 0.001014318
1528.5 0.001014186
1529.5 0.001012294
1530.5 0.001012162
1531.5 0.001012027
1532.5 0.00101189
1533.5 0.001011751
1534.5 0.00101161
1535.5 0.001011467
1536.5 0.001011322
1537.5 0.001011174
1538.5 0.001011025
1539.5 0.001010874
1540.5 0.00101072
1541.5 0.001010565
1542.5 0.0008725118
1543.5 0.0008725771
1544.5 0.0008726408
1545.5 0.0008727029
1546.5 0.0008727635
1547.5 0.0008728226
1548.5 0.0008728801
1549.5 0.000872936
1550.5 0.0008729904
1551.5 0.0008730433
1552.5 0.0008730946
1553.5 0.0008731443
1554.5 0.0008731925
1555.5 0.0008732392
1556.5 0.0008732843
1557.5 0.0008733278
1558.5 0.0008733698
1559.5 0.0008734102
1560.5 0.0008734491
1561.5 0.0008734864
1562.5 0.0008735221
1563.5 0.0008735563
1564.5 0.000873589
1565.5 0.00087362
1566.5 0.0008736496
1567.5 0.0008736775
1568.5 0.0008737039
1569.5 0.0008737288
1570.5 0.000873752
1571.5 0.0008737737
1572.5 0.0008737939
1573.5 0.0008738125
1574.5 0.0008738295
1575.5 0.000873845
1576.5 0.0008738589
1577.5 0.0008738712
1578.5 0.0008738819
1579.5 0.0008738911
1580.5 0.0008738988
1581.5 0.0008739048
1582.5 0.0008739093
1583.5 0.0008739123
1584.5 0.0008739136
1585.5 0.0008739134
1586.5 0.0008739116
1587.5 0.0008739083
1588.5 0.0008739034
1589.5 0.0008738969
1590.5 0.0008738888
1591.5 0.0008738792
1592.5 0.000873868
1593.5 0.0008738552
1594.5 0.0008738408
1595.5 0.0008738249
1596.5 0.0008738074
1597.5 0.0008737884
1598.5 0.0008737677
1599.5 0.0008737455
1600.5 0.0008737217
1601.5 0.0008736963
1602.5 0.0008736694
1603.5 0.0008736409
1604.5 0.0008736003
1605.5 0.0008735687
1606.5 0.0008735354
1607.5 0.0008735006
1608.5 0.0008734643
1609.5 0.0008734263
1610.5 0.0008733868
1611.5 0.0008686722
1612.5 0.0008686375
1613.5 0.0008686011
1614.5 0.0008685632
1615.5 0.0008685237
1616.5 0.0008684827
1617.5 0.0008684401
1618.5 0.0008683959
1619.5 0.0008683502
1620.5 0.0008683029
1621.5 0.000868254
1622.5 0.0008682036
1623.5 0.0008681516
1624.5 0.000868098
1625.5 0.0008680429
1626.5 0.0008679862
1627.5 0.000867928
1628.5 0.0008678681
1629.5 0.0008678068
1630.5 0.0008677438
1631.5 0.0008676793
1632.5 0.0008676132
1633.5 0.0008675455
1634.5 0.0008674763
1635.5 0.0008674055
1636.5 0.0008673331
1637.5 0.0008672592
1638.5 0.0008671836
1639.5 0.0008671066
1640.5 0.0008670279
1641.5 0.0008669477
1642.5 0.0008668659
1643.5 0.0008667825
1644.5 0.0008666976
1645.5 0.000866611
1646.5 0.0008665229
1647.5 0.0008664333
1648.5 0.0008663421
1649.5 0.0008662492
1650.5 0.0008661549
1651.5 0.0008660589
1652.5 0.0008659614
1653.5 0.0008658623
1654.5 0.0008657616
1655.5 0.0008656593
1656.5 0.0008655555
1657.5 0.0008654501
1658.5 0.0008653431
1659.5 0.0008652345
1660.5 0.0008651244
1661.5 0.0008650127
1662.5 0.0008648994
1663.5 0.0008647845
1664.5 0.000864668
1665.5 0.00086455
1666.5 0.0008644304
1667.5 0.0008643092
1668.5 0.0008641864
1669.5 0.0008640621
1670.5 0.0008639362
1671.5 0.0008638086
1672.5 0.0008636795
1673.5 0.0008635489
1674.5 0.0008634166
1675.5 0.0008632828
1676.5 0.0008631474
1677.5 0.0008630104
1678.5 0.0008628718
1679.5 0.0008627316
1680.5 0.0008625899
1681.5 0.0008624466
1682.5 0.0008623016
1683.5 0.0008621551
1684.5 0.0008620071
1685.5 0.0008618574
1686.5 0.0008617062
1687.5 0.0008615533
1688.5 0.0008613989
1689.5 0.0008612429
1690.5 0.0008610853
1691.5 0.0008609261
1692.5 0.0008607654
1693.5 0.000860603
1694.5 0.0008604391
1695.5 0.0008602736
1696.5 0.0008601065
1697.5 0.0008599378
1698.5 0.0008597675
1699.5 0.0008595956
1700.5 0.0008594222
1701.5 0.0008592472
1702.5 0.0008590705
1703.5 0.0008588923
1704.5 0.0008587125
1705.5 0.0008585311
1706.5 0.0008583482
1707.5 0.0008581636
1708.5 0.0008579775
1709.5 0.0008577897
1710.5 0.0008576004
1711.5 0.0008574095
1712.5 0.000857217
1713.5 0.000857023
1714.5 0.0008568273
1715.5 0.0008566301
1716.5 0.0008564313
1717.5 0.0008562308
1718.5 0.0008560288
1719.5 0.0008558253
1720.5 0.0008556201
1721.5 0.0008554134
1722.5 0.000855205
1723.5 0.0008549951
1724.5 0.0008547836
1725.5 0.0008545706
1726.5 0.0008543559
1727.5 0.0008541397
1728.5 0.0008539219
1729.5 0.0008340309
1730.5 0.0008338448
1731.5 0.0008336573
1732.5 0.0008334682
1733.5 0.0008332776
1734.5 0.0008330854
1735.5 0.0008328918
1736.5 0.0008326966
1737.5 0.0008324999
1738.5 0.0008323017
1739.5 0.000832102
1740.5 0.0008319007
1741.5 0.000831698
1742.5 0.0008314937
1743.5 0.0008312879
1744.5 0.0008310806
1745.5 0.0008308717
1746.5 0.0008306614
1747.5 0.0008304495
1748.5 0.0008302361
1749.5 0.0008300212
1750.5 0.0008298047
1751.5 0.0008295868
1752.5 0.0008293673
1753.5 0.0008291463
1754.5 0.0008289238
1755.5 0.0008286998
1756.5 0.0008284743
1757.5 0.0008282472
1758.5 0.0008280186
1759.5 0.0008277885
1760.5 0.0008275569
1761.5 0.0008273238
1762.5 0.0008270891
1763.5 0.000826853
1764.5 0.0008266153
1765.5 0.0008263761
1766.5 0.0008261354
1767.5 0.0008258931
1768.5 0.0008256494
1769.5 0.0008254041
1770.5 0.0008251573
1771.5 0.000824909
1772.5 0.0008246592
1773.5 0.0008244079
1774.5 0.000824155
1775.5 0.0008239007
1776.5 0.0008236448
1777.5 0.0008233874
1778.5 0.0008231285
1779.5 0.0008228681
1780.5 0.0008226061
1781.5 0.0008223427
1782.5 0.0008220777
1783.5 0.0008218112
1784.5 0.0008215432
1785.5 0.0008212737
1786.5 0.0008210027
1787.5 0.0008207301
1788.5 0.000820456
1789.5 0.0008201805
1790.5 0.0008199034
1791.5 0.0008196248
1792.5 0.0008193447
1793.5 0.000819063
1794.5 0.0008187799
1795.5 0.0008184952
1796.5 0.000818209
1797.5 0.0008179213
1798.5 0.0008176321
1799.5 0.0008173414
1800.5 0.0008170492
1801.5 0.0008167555
1802.5 0.0008164602
1803.5 0.0008161634
1804.5 0.0008158652
1805.5 0.0008155654
1806.5 0.0008152641
1807.5 0.0008149612
1808.5 0.0008146569
1809.5 0.0008143511
1810.5 0.0008140437
1811.5 0.0008137349
1812.5 0.0008134245
1813.5 0.0008131126
1814.5 0.0008127992
1815.5 0.0008124843
1816.5 0.0008121678
1817.5 0.0008118499
1818.5 0.0008115304
1819.5 0.0008112095
1820.5 0.000810887
1821.5 0.000810563
1822.5 0.0008102375
1823.5 0.0008099105
1824.5 0.000809582
1825.5 0.000809252
1826.5 0.0008089204
1827.5 0.0008085874
1828.5 0.0008082528
1829.5 0.0008079167
1830.5 0.0008075792
1831.5 0.0008072401
1832.5 0.0008068994
1833.5 0.0008065573
1834.5 0.0008062137
1835.5 0.0008058686
1836.5 0.0008055219
1837.5 0.0008051737
1838.5 0.0008048241
1839.5 0.0008044729
1840.5 0.0008041202
1841.5 0.000803766
1842.5 0.0008034103
1843.5 0.0008030531
1844.5 0.0008026943
1845.5 0.0008023341
1846.5 0.0008019724
1847.5 0.0008016091
1848.5 0.0008012443
1849.5 0.0008008781
1850.5 0.0008005103
1851.5 0.000800141
1852.5 0.0007997702
1853.5 0.0007993979
1854.5 0.000799024
1855.5 0.0007986487
1856.5 0.0007982719
1857.5 0.0007929547
1858.5 0.000792584
1859.5 0.0007921842
1860.5 0.0007918106
1861.5 0.0007914355
1862.5 0.0007910589
1863.5 0.0007906808
1864.5 0.0007903012
1865.5 0.0007899201
1866.5 0.0007895375
1867.5 0.0007891534
1868.5 0.0007887679
1869.5 0.0007883808
1870.5 0.0007879923
1871.5 0.0007876023
1872.5 0.0007872108
1873.5 0.0007868178
1874.5 0.0007864233
1875.5 0.0007860273
1876.5 0.0007856298
1877.5 0.0007852309
1878.5 0.0007848305
1879.5 0.0007844286
1880.5 0.0007840252
1881.5 0.0007836203
1882.5 0.000783214
1883.5 0.0007828062
1884.5 0.0007823969
1885.5 0.0007819861
1886.5 0.0007815738
1887.5 0.0007811601
1888.5 0.0007807449
1889.5 0.0007803282
1890.5 0.0007799101
1891.5 0.0007794905
1892.5 0.0007790694
1893.5 0.0007786469
1894.5 0.0007388614
1895.5 0.0007385096
1896.5 0.0007381565
1897.5 0.0007378019
1898.5 0.0007374461
1899.5 0.0007370888
1900.5 0.0007367302
1901.5 0.0007363702
1902.5 0.0007360089
1903.5 0.0007356462
1904.5 0.0007352822
1905.5 0.0007349168
1906.5 0.00073455
1907.5 0.0007341819
1908.5 0.0007338125
1909.5 0.0007334416
1910.5 0.0007330695
1911.5 0.0007326959
1912.5 0.000732321
1913.5 0.0007319448
1914.5 0.0007315672
1915.5 0.0007311883
1916.5 0.000730808
1917.5 0.0007304263
1918.5 0.0007300433
1919.5 0.000729659
1920.5 0.0007292733
1921.5 0.0007288862
1922.5 0.0007284978
1923.5 0.0007281081
1924.5 0.000727717
1925.5 0.0007273245
1926.5 0.0007269307
1927.5 0.0007265356
1928.5 0.0007261391
1929.5 0.0007257413
1930.5 0.0007253421
1931.5 0.0007249416
1932.5 0.0007245397
1933.5 0.0007241365
1934.5 0.000723732
1935.5 0.0007233261
1936.5 0.0007229189
1937.5 0.0007225103
1938.5 0.0007221004
1939.5 0.0007216892
1940.5 0.0007212766
1941.5 0.0007208627
1942.5 0.0007204474
1943.5 0.0007200308
1944.5 0.0007196129
1945.5 0.0007191936
1946.5 0.000718773
1947.5 0.0007183511
1948.5 0.0007179278
1949.5 0.0007175032
1950.5 0.0007170773
1951.5 0.00071665
1952.5 0.0007162215
1953.5 0.0007157915
1954.5 0.0007153603
1955.5 0.0007149277
1956.5 0.0007144938
1957.5 0.0007140586
1958.5 0.000713622
1959.5 0.0007131842
1960.5 0.0007127449
1961.5 0.0007123044
1962.5 0.0007118626
1963.5 0.0007114194
1964.5 0.0007109749
1965.5 0.0007105291
1966.5 0.0007100819
1967.5 0.0007096335
1968.5 0.0007091837
1969.5 0.0007087326
1970.5 0.0007082802
1971.5 0.0007078265
1972.5 0.0007073714
1973.5 0.0007069151
1974.5 0.0007064574
1975.5 0.0007059984
1976.5 0.0007055381
1977.5 0.0007050765
1978.5 0.0007046136
1979.5 0.0007041494
1980.5 0.0007036839
1981.5 0.000703217
1982.5 0.0007027489
1983.5 0.0007022794
1984.5 0.0007018086
1985.5 0.0007013366
1986.5 0.0007008632
1987.5 0.0007003885
1988.5 0.0006999125
1989.5 0.0006994353
1990.5 0.0006989567
1991.5 0.0006984768
1992.5 0.0006979956
1993.5 0.0006975131
1994.5 0.0006970294
1995.5 0.0006965443
1996.5 0.0006960579
1997.5 0.0006955703
1998.5 0.0006950813
1999.5 0.0006945911
2000.5 0.0006940995
2001.5 0.0006936067
2002.5 0.0006931126
2003.5 0.0006926172
2004.5 0.0006921205
2005.5 0.0006916225
2006.5 0.0006911232
2007.5 0.0006906227
2008.5 0.0006901208
2009.5 0.0006896177
2010.5 0.0006891133
2011.5 0.0006886076
2012.5 0.0006881006
2013.5 0.0006875924
2014.5 0.0006870829
2015.5 0.0006865721
2016.5 0.00068606
2017.5 0.0006855466
2018.5 0.000685032
2019.5 0.0006845161
2020.5 0.0006839989
2021.5 0.0006834805
2022.5 0.0006829608
2023.5 0.0006824398
2024.5 0.0006819077
2025.5 0.0006813841
2026.5 0.0006808594
2027.5 0.0006803333
2028.5 0.000679806
2029.5 0.0006792775
2030.5 0.0006787476
2031.5 0.0006782165
2032.5 0.0006776842
2033.5 0.0006771506
2034.5 0.0006766157
2035.5 0.0006760796
2036.5 0.0006755422
2037.5 0.0006750035
2038.5 0.0006744637
2039.5 0.0006739225
2040.5 0.0006733801
2041.5 0.0006728365
2042.5 0.0006722916
2043.5 0.0006717454
2044.5 0.000671198
2045.5 0.0006706494
2046.5 0.0006700995
2047.5 0.0006695483
2048.5 0.000668996
2049.5 0.0006684423
2050.5 0.0006678875
2051.5 0.0006673314
2052.5 0.000666774
2053.5 0.0006662155
2054.5 0.0006656556
2055.5 0.0006650946
2056.5 0.0006645323
2057.5 0.0006639688
2058.5 0.000663404
2059.5 0.0006628381
2060.5 0.0006622708
2061.5 0.0006617024
2062.5 0.0006611327
2063.5 0.0006605618
2064.5 0.0006599897
2065.5 0.0006594164
2066.5 0.0006588418
2067.5 0.000658266
2068.5 0.000657689
2069.5 0.0006571107
2070.5 0.0006565313
2071.5 0.0006559506
2072.5 0.0006553687
2073.5 0.0006547856
2074.5 0.0006542013
2075.5 0.0006536158
2076.5 0.000653029
2077.5 0.0006524411
2078.5 0.0006518519
2079.5 0.0006512615
2080.5 0.00065067
2081.5 0.0006500772
2082.5 0.0006494832
2083.5 0.000648888
2084.5 0.0006482916
2085.5 0.000647694
2086.5 0.0006470952
2087.5 0.0006464952
2088.5 0.000645894
2089.5 0.0006452916
2090.5 0.000644688
2091.5 0.0006440832
2092.5 0.0006434773
2093.5 0.0006428701
2094.5 0.0006422617
2095.5 0.0006416522
2096.5 0.0006410414
2097.5 0.0006404295
2098.5 0.0006398164
2099.5 0.0006392021
2100.5 0.0006385866
2101.5 0.0006379699
2102.5 0.0006373521
2103.5 0.0006367331
2104.5 0.0006361129
2105.5 0.0006354915
2106.5 0.0006348689
2107.5 0.0006342452
2108.5 0.0006336202
2109.5 0.0006329941
2110.5 0.0006323669
2111.5 0.0006317384
2112.5 0.0006311088
2113.5 0.0006304781
2114.5 0.0006298461
2115.5 0.000629213
2116.5 0.0006285787
2117.5 0.0006279433
2118.5 0.0006273067
2119.5 0.0006266689
2120.5 0.00062603
2121.5 0.0006253899
2122.5 0.0006247486
2123.5 0.0006241062
2124.5 0.0006234626
2125.5 0.0006228179
2126.5 0.000622172
2127.5 0.000621525
2128.5 0.0006208768
2129.5 0.0006202274
2130.5 0.0006195769
2131.5 0.0006189253
2132.5 0.0006182725
2133.5 0.0006176185
2134.5 0.0006169635
2135.5 0.0006163072
2136.5 0.0006156498
2137.5 0.0006149913
2138.5 0.0006143316
2139.5 0.0006136708
2140.5 0.0006130088
2141.5 0.0006123457
2142.5 0.0006116815
2143.5 0.0006110161
2144.5 0.0006103496
2145.5 0.0006096819
2146.5 0.0006090131
2147.5 0.0006083432
2148.5 0.0006076721
2149.5 0.0006069999
2150.5 0.0006063265
2151.5 0.0006056521
2152.5 0.0006049765
2153.5 0.0006042997
2154.5 0.0006036218
2155.5 0.0006029428
2156.5 0.0006022627
2157.5 0.0006015815
2158.5 0.0006008991
2159.5 0.0006002155
2160.5 0.0005995309
2161.5 0.0005988451
2162.5 0.0005981582
2163.5 0.0005974702
2164.5 0.0005967811
2165.5 0.0005960908
2166.5 0.0005953994
2167.5 0.0005947069
2168.5 0.0005940132
2169.5 0.0005933184
2170.5 0.0005926225
2171.5 0.0005919255
2172.5 0.0005912274
2173.5 0.0005905281
2174.5 0.0005898277
2175.5 0.0005891262
2176.5 0.0005884236
2177.5 0.0005877199
2178.5 0.000587015
2179.5 0.000586309
2180.5 0.0005856019
2181.5 0.0005848937
2182.5 0.0005841844
2183.5 0.0005834739
2184.5 0.0005827623
2185.5 0.0005820496
2186.5 0.0005813358
2187.5 0.0005806208
2188.5 0.0005799048
2189.5 0.0005791876
2190.5 0.0005784693
2191.5 0.0005777499
2192.5 0.0005770293
2193.5 0.0005763077
2194.5 0.0005755849
2195.5 0.000574861
2196.5 0.000574136
2197.5 0.0005734098
2198.5 0.0005726826
2199.5 0.0005719542
2200.5 0.0005712247
2201.5 0.000570494
2202.5 0.0005697623
2203.5 0.0005690294
2204.5 0.0005682954
2205.5 0.0005675603
2206.5 0.0005668241
2207.5 0.0005660867
2208.5 0.0005653482
2209.5 0.0005646086
2210.5 0.0005638679
2211.5 0.0005631261
2212.5 0.0005623831
2213.5 0.000561639
2214.5 0.0005608938
2215.5 0.0005601474
2216.5 0.0005593999
2217.5 0.0005586513
2218.5 0.0005579016
2219.5 0.0005571508
2220.5 0.0005563988
2221.5 0.0005556457
2222.5 0.0005548915
2223.5 0.0005541362
2224.5 0.0005533797
2225.5 0.0005526221
2226.5 0.0005518634
2227.5 0.0005511036
2228.5 0.0005503426
2229.5 0.0005495806
2230.5 0.0005488174
2231.5 0.0005480531
2232.5 0.0005472877
2233.5 0.0005465212
2234.5 0.0005457535
2235.5 0.0005449848
2236.5 0.0005442149
2237.5 0.000543444
2238.5 0.0005426719
2239.5 0.0005418987
2240.5 0.0005411244
2241.5 0.0005403491
2242.5 0.0005395726
2243.5 0.0005387951
2244.5 0.0005380164
2245.5 0.0005372367
2246.5 0.0005364559
2247.5 0.0005356741
2248.5 0.0005348911
2249.5 0.0005341071
2250.5 0.000533322
2251.5 0.0005325359
2252.5 0.0005317487
2253.5 0.0005309605
2254.5 0.0005301712
2255.5 0.0005293809
2256.5 0.0005285896
2257.5 0.0005277972
2258.5 0.0005270038
2259.5 0.0005262093
2260.5 0.0005254139
2261.5 0.0005246174
2262.5 0.0005238199
2263.5 0.0005230215
2264.5 0.000522222
2265.5 0.0005214215
2266.5 0.00052062
2267.5 0.0005198176
2268.5 0.0005190141
2269.5 0.0005182096
2270.5 0.0005174042
2271.5 9.777481e-05
2272.5 9.775919e-05
2273.5 9.774347e-05
2274.5 9.772764e-05
2275.5 9.771171e-05
2276.5 9.769569e-05
2277.5 9.767956e-05
2278.5 9.766332e-05
2279.5 9.764699e-05
2280.5 9.763055e-05
2281.5 9.761401e-05
2282.5 9.759737e-05
2283.5 9.758063e-05
2284.5 9.756379e-05
2285.5 9.754684e-05
2286.5 9.752979e-05
2287.5 9.751265e-05
2288.5 9.749539e-05
2289.5 9.747804e-05
2290.5 9.746059e-05
2291.5 9.744303e-05
2292.5 9.742537e-05
2293.5 9.740761e-05
2294.5 9.738975e-05
2295.5 9.737178e-05
2296.5 9.735372e-05
2297.5 9.733555e-05
2298.5 9.731728e-05
2299.5 9.729891e-05
2300.5 9.728043e-05
2301.5 9.726186e-05
2302.5 9.724318e-05
2303.5 9.72244e-05
2304.5 9.720552e-05
2305.5 9.718653e-05
2306.5 9.716745e-05
2307.5 9.714826e-05
2308.5 9.712897e-05
2309.5 9.710958e-05
2310.5 9.709009e-05
2311.5 9.707049e-05
2312.5 9.70508e-05
2313.5 9.7031e-05
2314.5 9.70111e-05
2315.5 9.69911e-05
2316.5 9.697099e-05
2317.5 9.695079e-05
2318.5 9.693048e-05
2319.5 9.691007e-05
2320.5 9.688956e-05
2321.5 9.686895e-05
2322.5 9.684823e-05
2323.5 9.682741e-05
2324.5 9.68065e-05
2325.5 9.678548e-05
2326.5 9.676435e-05
2327.5 9.674313e-05
2328.5 9.67218e-05
2329.5 9.670038e-05
2330.5 9.667885e-05
2331.5 9.665722e-05
2332.5 9.663548e-05
2333.5 9.661365e-05
2334.5 9.659171e-05
2335.5 9.656967e-05
2336.5 9.654753e-05
2337.5 9.652529e-05
2338.5 9.650295e-05
2339.5 9.64805e-05
2340.5 9.645796e-05
2341.5 9.643531e-05
2342.5 9.641256e-05
2343.5 9.63897e-05
2344.5 9.636675e-05
2345.5 9.634369e-05
2346.5 9.632054e-05
2347.5 9.629728e-05
2348.5 9.627392e-05
2349.5 9.625046e-05
2350.5 9.622689e-05
2351.5 9.620323e-05
2352.5 9.617946e-05
2353.5 9.615559e-05
2354.5 9.613162e-05
2355.5 9.610755e-05
2356.5 9.608337e-05
2357.5 9.60591e-05
2358.5 9.603472e-05
2359.5 9.601024e-05
2360.5 9.598566e-05
2361.5 9.596098e-05
2362.5 9.59362e-05
2363.5 9.591131e-05
2364.5 9.588633e-05
2365.5 9.586124e-05
2366.5 9.583605e-05
2367.5 9.581076e-05
2368.5 9.578537e-05
2369.5 9.575987e-05
2370.5 9.573428e-05
2371.5 9.570858e-05
2372.5 9.568278e-05
2373.5 9.565688e-05
2374.5 9.563088e-05
2375.5 9.560478e-05
2376.5 9.557858e-05
2377.5 9.555227e-05
2378.5 9.552586e-05
2379.5 9.549936e-05
2380.5 9.547275e-05
2381.5 9.544604e-05
2382.5 9.541922e-05
2383.5 9.539231e-05
2384.5 9.53653e-05
2385.5 9.533818e-05
2386.5 9.531096e-05
2387.5 9.528364e-05
2388.5 9.525622e-05
2389.5 9.52287e-05
2390.5 9.520108e-05
2391.5 9.517336e-05
2392.5 9.514553e-05
2393.5 9.511761e-05
2394.5 9.508958e-05
2395.5 9.506145e-05
2396.5 9.503323e-05
2397.5 9.50049e-05
2398.5 9.497646e-05
2399.5 9.494793e-05
2400.5 9.49193e-05
2401.5 9.489056e-05
2402.5 9.486173e-05
2403.5 9.483279e-05
2404.5 9.480376e-05
2405.5 9.477462e-05
2406.5 9.474538e-05
2407.5 9.471604e-05
2408.5 9.46866e-05
2409.5 9.465705e-05
2410.5 9.462741e-05
2411.5 9.459767e-05
2412.5 9.456782e-05
2413.5 9.453788e-05
2414.5 9.450077e-05
2415.5 9.447064e-05
2416.5 9.44404e-05
2417.5 9.441007e-05
2418.5 9.437964e-05
2419.5 9.43491e-05
2420.5 9.431847e-05
2421.5 9.428773e-05
2422.5 9.425689e-05
2423.5 9.422595e-05
2424.5 9.419492e-05
2425.5 9.416378e-05
2426.5 9.413254e-05
2427.5 9.41012e-05
2428.5 9.406976e-05
2429.5 9.403822e-05
2430.5 9.400657e-05
2431.5 9.397483e-05
2432.5 9.394299e-05
2433.5 9.391105e-05
2434.5 9.3879e-05
2435.5 9.384686e-05
2436.5 9.381462e-05
2437.5 9.378227e-05
2438.5 9.374983e-05
2439.5 9.371728e-05
2440.5 9.368464e-05
2441.5 9.365189e-05
2442.5 9.361905e-05
2443.5 9.35861e-05
2444.5 9.355305e-05
2445.5 9.351991e-05
2446.5 9.348666e-05
2447.5 9.345331e-05
2448.5 9.341987e-05
2449.5 9.338632e-05
2450.5 9.335267e-05
2451.5 9.331893e-05
2452.5 9.328508e-05
2453.5 9.325113e-05
2454.5 9.321709e-05
2455.5 9.318294e-05
2456.5 9.314869e-05
2457.5 9.311435e-05
2458.5 9.30799e-05
2459.5 9.304535e-05
2460.5 9.301071e-05
2461.5 9.297596e-05
2462.5 9.294112e-05
2463.5 9.290617e-05
2464.5 9.287113e-05
2465.5 9.283598e-05
2466.5 9.280074e-05
2467.5 9.27654e-05
2468.5 9.272995e-05
2469.5 9.269441e-05
2470.5 9.265877e-05
2471.5 9.262303e-05
2472.5 9.258718e-05
2473.5 9.255124e-05
2474.5 9.25152e-05
2475.5 9.247906e-05
2476.5 9.244282e-05
2477.5 9.240649e-05
2478.5 9.237005e-05
2479.5 9.233351e-05
2480.5 9.229688e-05
2481.5 9.226014e-05
2482.5 9.222331e-05
2483.5 9.218637e-05
2484.5 9.214934e-05
2485.5 9.211221e-05
2486.5 9.207498e-05
2487.5 9.203765e-05
2488.5 9.200022e-05
2489.5 9.196269e-05
2490.5 9.192506e-05
2491.5 9.188734e-05
2492.5 9.184951e-05
2493.5 9.181159e-05
2494.5 9.177357e-05
2495.5 9.173545e-05
2496.5 9.169723e-05
2497.5 9.165891e-05
2498.5 9.162049e-05
2499.5 9.158198e-05
2500.5 9.154336e-05
2501.5 9.150465e-05
2502.5 9.146584e-05
2503.5 9.142693e-05
2504.5 9.138792e-05
2505.5 9.134881e-05
2506.5 9.13096e-05
2507.5 9.12703e-05
2508.5 9.12309e-05
2509.5 9.11914e-05
2510.5 9.11518e-05
2511.5 9.11121e-05
2512.5 9.107231e-05
2513.5 9.103241e-05
2514.5 9.099242e-05
2515.5 9.095233e-05
2516.5 9.091214e-05
2517.5 9.087186e-05
2518.5 9.083147e-05
2519.5 9.079099e-05
2520.5 9.075041e-05
2521.5 9.070973e-05
2522.5 9.066896e-05
2523.5 9.062809e-05
2524.5 9.058711e-05
2525.5 9.054605e-05
2526.5 9.050488e-05
2527.5 9.046362e-05
2528.5 9.042225e-05
2529.5 9.038079e-05
2530.5 9.033924e-05
2531.5 9.029758e-05
2532.5 9.025583e-05
2533.5 9.021398e-05
2534.5 9.017203e-05
2535.5 9.012999e-05
2536.5 9.008785e-05
2537.5 9.004561e-05
2538.5 9.000327e-05
2539.5 8.996084e-05
2540.5 8.991831e-05
2541.5 8.987568e-05
2542.5 8.983296e-05
2543.5 8.979014e-05
2544.5 8.974722e-05
2545.5 8.97042e-05
2546.5 8.966109e-05
2547.5 8.961788e-05
2548.5 8.957457e-05
2549.5 8.953117e-05
2550.5 8.948767e-05
2551.5 8.944407e-05
2552.5 8.940038e-05
2553.5 8.935659e-05
2554.5 8.93127e-05
2555.5 8.926872e-05
2556.5 8.922464e-05
2557.5 8.918046e-05
2558.5 8.913619e-05
2559.5 8.909182e-05
2560.5 8.904736e-05
2561.5 8.90028e-05
2562.5 8.895814e-05
2563.5 8.891339e-05
2564.5 8.886854e-05
2565.5 8.882359e-05
2566.5 8.877855e-05
2567.5 8.873341e-05
2568.5 8.868817e-05
2569.5 8.864284e-05
2570.5 8.859742e-05
2571.5 8.85519e-05
2572.5 8.850628e-05
2573.5 8.846057e-05
2574.5 8.841476e-05
2575.5 8.836885e-05
2576.5 8.832285e-05
2577.5 8.827676e-05
2578.5 8.823056e-05
2579.5 8.818428e-05
2580.5 8.81379e-05
2581.5 8.809142e-05
2582.5 8.804485e-05
2583.5 8.799818e-05
2584.5 8.795141e-05
2585.5 8.790455e-05
2586.5 8.78576e-05
2587.5 8.781055e-05
2588.5 8.776341e-05
2589.5 8.771617e-05
2590.5 8.766884e-05
2591.5 8.762141e-05
2592.5 8.757388e-05
2593.5 8.752627e-05
2594.5 8.747855e-05
2595.5 8.743075e-05
2596.5 8.738284e-05
2597.5 8.733485e-05
2598.5 8.728676e-05
2599.5 8.723857e-05
2600.5 8.719029e-05
2601.5 8.714191e-05
2602.5 8.709345e-05
2603.5 8.704488e-05
2604.5 8.699623e-05
2605.5 8.694747e-05
2606.5 8.689863e-05
2607.5 8.684969e-05
2608.5 8.680065e-05
2609.5 8.675153e-05
2610.5 8.670231e-05
2611.5 8.665299e-05
2612.5 8.660358e-05
2613.5 8.655408e-05
2614.5 8.650448e-05
2615.5 8.645479e-05
2616.5 8.640501e-05
2617.5 8.635513e-05
2618.5 8.630516e-05
2619.5 8.62551e-05
2620.5 8.620494e-05
2621.5 8.615469e-05
2622.5 8.610434e-05
2623.5 8.605391e-05
2624.5 8.600338e-05
2625.5 8.595275e-05
2626.5 8.590204e-05
2627.5 8.585123e-05
2628.5 8.580032e-05
2629.5 8.574933e-05
2630.5 8.569824e-05
2631.5 8.564706e-05
2632.5 8.559579e-05
2633.5 8.554442e-05
2634.5 8.549296e-05
2635.5 8.544141e-05
2636.5 8.538977e-05
2637.5 8.533803e-05
2638.5 8.52862e-05
2639.5 8.523428e-05
2640.5 8.518227e-05
2641.5 8.513017e-05
2642.5 8.507797e-05
2643.5 8.502568e-05
2644.5 8.49733e-05
2645.5 8.492083e-05
2646.5 8.486826e-05
2647.5 8.481561e-05
2648.5 8.476286e-05
2649.5 8.471002e-05
2650.5 8.465709e-05
2651.5 8.460407e-05
2652.5 8.455095e-05
2653.5 8.449775e-05
2654.5 8.444445e-05
2655.5 8.439106e-05
2656.5 8.433758e-05
2657.5 8.428401e-05
2658.5 8.423035e-05
2659.5 8.41766e-05
2660.5 8.412275e-05
2661.5 8.406882e-05
2662.5 8.401479e-05
2663.5 8.396068e-05
2664.5 8.390647e-05
2665.5 8.385217e-05
2666.5 8.379779e-05
2667.5 8.374331e-05
2668.5 8.368874e-05
2669.5 8.363408e-05
2670.5 8.357933e-05
2671.5 8.352449e-05
2672.5 8.346956e-05
2673.5 8.341454e-05
2674.5 8.335943e-05
2675.5 8.330423e-05
2676.5 8.324894e-05
2677.5 8.319356e-05
2678.5 8.313809e-05
2679.5 8.308253e-05
2680.5 8.302688e-05
2681.5 8.297115e-05
2682.5 8.291532e-05
2683.5 8.28594e-05
2684.5 8.280339e-05
2685.5 8.27473e-05
2686.5 8.269111e-05
2687.5 8.263484e-05
2688.5 8.257848e-05
2689.5 8.252202e-05
2690.5 8.246548e-05
2691.5 8.240885e-05
2692.5 8.235213e-05
2693.5 8.229532e-05
2694.5 8.223843e-05
2695.5 8.218144e-05
2696.5 8.212437e-05
2697.5 8.206721e-05
2698.5 8.200996e-05
2699.5 8.195262e-05
2700.5 8.189519e-05
2701.5 8.183768e-05
2702.5 8.178008e-05
2703.5 8.172238e-05
2704.5 8.166461e-05
2705.5 8.160674e-05
2706.5 8.154879e-05
2707.5 8.149074e-05
2708.5 8.143261e-05
2709.5 8.13744e-05
2710.5 8.131609e-05
2711.5 8.12577e-05
2712.5 8.119922e-05
2713.5 8.114065e-05
2714.5 8.1082e-05
2715.5 8.102326e-05
2716.5 8.096443e-05
2717.5 8.090552e-05
2718.5 8.084651e-05
2719.5 8.078743e-05
2720.5 8.072825e-05
2721.5 8.066899e-05
2722.5 8.060964e-05
2723.5 8.055021e-05
2724.5 8.049069e-05
2725.5 8.043108e-05
2726.5 8.037138e-05
2727.5 8.03116e-05
2728.5 8.025174e-05
2729.5 8.019179e-05
2730.5 8.013175e-05
2731.5 8.007163e-05
2732.5 8.001142e-05
2733.5 7.995112e-05
2734.5 7.989074e-05
2735.5 7.983027e-05
2736.5 7.976972e-05
2737.5 7.970909e-05
2738.5 7.964836e-05
2739.5 7.958756e-05
2740.5 7.952666e-05
2741.5 7.946569e-05
2742.5 7.940462e-05
2743.5 7.934348e-05
2744.5 7.928225e-05
2745.5 7.922093e-05
2746.5 7.915953e-05
2747.5 7.909804e-05
2748.5 7.903647e-05
2749.5 7.897482e-05
2750.5 7.891308e-05
2751.5 7.885126e-05
2752.5 7.878935e-05
2753.5 7.872736e-05
2754.5 7.866528e-05
2755.5 7.860313e-05
2756.5 7.854088e-05
2757.5 7.847856e-05
2758.5 7.841615e-05
2759.5 7.835365e-05
2760.5 7.829108e-05
2761.5 7.822842e-05
2762.5 7.816568e-05
2763.5 7.810285e-05
2764.5 7.803994e-05
2765.5 7.797695e-05
2766.5 7.791387e-05
2767.5 7.785072e-05
2768.5 7.778748e-05
2769.5 7.772415e-05
2770.5 7.766075e-05
2771.5 7.759726e-05
2772.5 7.753369e-05
2773.5 7.747004e-05
2774.5 7.74063e-05
2775.5 7.734249e-05
2776.5 7.727859e-05
2777.5 7.721461e-05
2778.5 7.715055e-05
2779.5 7.70864e-05
2780.5 7.702218e-05
2781.5 7.695787e-05
2782.5 7.689348e-05
2783.5 7.682901e-05
2784.5 7.676446e-05
2785.5 7.669983e-05
2786.5 7.663512e-05
2787.5 7.657032e-05
2788.5 7.650545e-05
2789.5 7.644049e-05
2790.5 7.637546e-05
2791.5 7.631034e-05
2792.5 7.624515e-05
2793.5 7.617987e-05
2794.5 7.611451e-05
2795.5 7.604907e-05
2796.5 7.598356e-05
2797.5 7.591796e-05
2798.5 7.585228e-05
2799.5 7.578652e-05
2800.5 7.572069e-05
2801.5 7.565477e-05
2802.5 7.558878e-05
2803.5 7.55227e-05
2804.5 7.545655e-05
2805.5 7.539031e-05
2806.5 7.5324e-05
2807.5 7.525761e-05
2808.5 7.519114e-05
2809.5 7.512459e-05
2810.5 7.505796e-05
2811.5 7.499126e-05
2812.5 7.492447e-05
2813.5 7.485761e-05
2814.5 7.479067e-05
2815.5 7.472365e-05
2816.5 7.465655e-05
2817.5 7.458937e-05
2818.5 7.452212e-05
2819.5 7.445479e-05
2820.5 7.438738e-05
2821.5 7.43199e-05
2822.5 7.425233e-05
2823.5 7.418469e-05
2824.5 7.411697e-05
2825.5 7.404918e-05
2826.5 7.398131e-05
2827.5 7.391336e-05
2828.5 7.384533e-05
2829.5 7.377723e-05
2830.5 7.370905e-05
2831.5 7.364079e-05
2832.5 7.357246e-05
2833.5 7.350405e-05
2834.5 7.343557e-05
2835.5 7.336701e-05
2836.5 7.329837e-05
2837.5 7.322966e-05
2838.5 7.316088e-05
2839.5 7.309201e-05
2840.5 7.302307e-05
2841.5 7.295406e-05
2842.5 7.288497e-05
2843.5 7.281581e-05
2844.5 7.274657e-05
2845.5 7.267725e-05
2846.5 7.260786e-05
2847.5 7.25384e-05
2848.5 7.246886e-05
2849.5 7.239925e-05
2850.5 7.232956e-05
2851.5 7.22598e-05
2852.5 7.218996e-05
2853.5 7.212006e-05
2854.5 7.205007e-05
2855.5 7.198001e-05
2856.5 7.190988e-05
2857.5 7.183968e-05
2858.5 7.17694e-05
2859.5 7.169905e-05
2860.5 7.162863e-05
2861.5 7.155813e-05
2862.5 7.148756e-05
2863.5 7.141692e-05
2864.5 7.13462e-05
2865.5 7.127541e-05
2866.5 7.120455e-05
2867.5 7.113362e-05
2868.5 7.106261e-05
2869.5 7.099153e-05
2870.5 7.092038e-05
2871.5 7.084916e-05
2872.5 7.077787e-05
2873.5 7.07065e-05
2874.5 7.063507e-05
2875.5 7.056356e-05
2876.5 7.049198e-05
2877.5 7.042033e-05
2878.5 7.034861e-05
2879.5 7.027681e-05
2880.5 7.020495e-05
2881.5 7.013302e-05
2882.5 7.006101e-05
2883.5 6.998894e-05
2884.5 6.991679e-05
2885.5 6.984458e-05
2886.5 6.977229e-05
2887.5 6.969994e-05
2888.5 6.962751e-05
2889.5 6.955502e-05
2890.5 6.948245e-05
2891.5 6.940982e-05
2892.5 6.933712e-05
2893.5 6.926434e-05
2894.5 6.91915e-05
2895.5 6.911859e-05
2896.5 6.904561e-05
2897.5 6.897256e-05
2898.5 6.889945e-05
2899.5 6.882626e-05
2900.5 6.875301e-05
2901.5 6.867969e-05
2902.5 6.86063e-05
2903.5 6.853284e-05
2904.5 6.845932e-05
2905.5 6.838573e-05
2906.5 6.831207e-05
2907.5 6.823834e-05
2908.5 6.816455e-05
2909.5 6.809069e-05
2910.5 6.801676e-05
2911.5 6.794276e-05
2912.5 6.78687e-05
2913.5 6.779457e-05
2914.5 6.772038e-05
2915.5 6.764612e-05
2916.5 6.757179e-05
2917.5 6.74974e-05
2918.5 6.742294e-05
2919.5 6.734841e-05
2920.5 6.727382e-05
2921.5 6.719917e-05
2922.5 6.712445e-05
2923.5 6.704966e-05
2924.5 6.697481e-05
2925.5 6.68999e-05
2926.5 6.682491e-05
2927.5 6.674987e-05
2928.5 6.667476e-05
2929.5 6.659959e-05
2930.5 6.652435e-05
2931.5 6.644904e-05
2932.5 6.637368e-05
2933.5 6.629825e-05
2934.5 6.622275e-05
2935.5 6.61472e-05
2936.5 6.607158e-05
2937.5 6.599589e-05
2938.5 6.592015e-05
2939.5 6.584434e-05
2940.5 6.576846e-05
2941.5 6.569253e-05
2942.5 6.561653e-05
2943.5 6.554047e-05
2944.5 6.546435e-05
2945.5 6.538817e-05
2946.5 6.531192e-05
2947.5 6.523561e-05
2948.5 6.515924e-05
2949.5 6.508281e-05
2950.5 6.500632e-05
2951.5 6.492977e-05
2952.5 6.485315e-05
2953.5 6.477648e-05
2954.5 6.469974e-05
2955.5 6.462295e-05
2956.5 6.454609e-05
2957.5 6.446917e-05
2958.5 6.43922e-05
2959.5 6.431516e-05
2960.5 6.423806e-05
2961.5 6.416091e-05
2962.5 6.408369e-05
2963.5 6.400642e-05
2964.5 6.392908e-05
2965.5 6.385169e-05
2966.5 6.377424e-05
2967.5 6.369673e-05
2968.5 6.361916e-05
2969.5 6.354153e-05
2970.5 6.346384e-05
2971.5 6.33861e-05
2972.5 6.33083e-05
2973.5 6.323044e-05
2974.5 6.315252e-05
2975.5 6.307455e-05
2976.5 6.299651e-05
2977.5 6.291843e-05
2978.5 6.284028e-05
2979.5 6.276208e-05
2980.5 6.268382e-05
2981.5 6.26055e-05
2982.5 6.252713e-05
2983.5 6.24487e-05
2984.5 6.237022e-05
2985.5 6.229167e-05
2986.5 6.221308e-05
2987.5 6.213443e-05
2988.5 6.205572e-05
2989.5 6.197696e-05
2990.5 6.189814e-05
2991.5 6.181927e-05
2992.5 6.174034e-05
2993.5 6.166136e-05
2994.5 6.158233e-05
2995.5 6.150324e-05
2996.5 6.142409e-05
2997.5 6.13449e-05
2998.5 6.126564e-05
2999.5 6.118634e-05
3000.5 6.110698e-05
3001.5 6.102757e-05
3002.5 6.094811e-05
3003.5 6.086859e-05
3004.5 6.078902e-05
3005.5 6.07094e-05
3006.5 6.062972e-05
3007.5 6.055e-05
3008.5 6.047022e-05
3009.5 6.039039e-05
3010.5 6.031051e-05
3011.5 6.023057e-05
3012.5 6.015059e-05
3013.5 6.007055e-05
3014.5 5.999046e-05
3015.5 5.991033e-05
3016.5 5.983014e-05
3017.5 5.97499e-05
3018.5 5.966961e-05
3019.5 5.958927e-05
3020.5 5.950888e-05
3021.5 5.942845e-05
3022.5 5.934796e-05
3023.5 5.926742e-05
3024.5 5.918683e-05
3025.5 5.91062e-05
3026.5 5.902551e-05
3027.5 5.894478e-05
3028.5 5.8864e-05
3029.5 5.878317e-05
3030.5 5.870229e-05
3031.5 5.862137e-05
3032.5 5.854039e-05
3033.5 5.845937e-05
3034.5 5.83783e-05
3035.5 5.829719e-05
3036.5 5.821603e-05
3037.5 5.813482e-05
3038.5 5.805356e-05
3039.5 5.797226e-05
3040.5 5.789091e-05
3041.5 5.780952e-05
3042.5 5.772808e-05
3043.5 5.764659e-05
3044.5 5.756506e-05
3045.5 5.748348e-05
3046.5 5.740186e-05
3047.5 5.732019e-05
3048.5 5.723848e-05
3049.5 5.715672e-05
3050.5 5.707492e-05
3051.5 5.699308e-05
3052.5 5.691119e-05
3053.5 5.682926e-05
3054.5 5.674728e-05
3055.5 5.666526e-05
3056.5 5.65832e-05
3057.5 5.650109e-05
3058.5 5.641894e-05
3059.5 5.633675e-05
3060.5 5.625452e-05
3061.5 5.617224e-05
3062.5 5.608992e-05
3063.5 5.600756e-05
3064.5 5.592516e-05
3065.5 5.584272e-05
3066.5 5.576023e-05
3067.5 5.567771e-05
3068.5 5.559514e-05
3069.5 5.551253e-05
3070.5 5.542988e-05
3071.5 5.53472e-05
3072.5 5.526447e-05
3073.5 5.51817e-05
3074.5 5.509889e-05
3075.5 5.501604e-05
3076.5 5.493315e-05
3077.5 5.485023e-05
3078.5 5.476726e-05
3079.5 5.468426e-05
3080.5 5.460121e-05
3081.5 5.451813e-05
3082.5 5.443501e-05
3083.5 5.435186e-05
3084.5 5.426866e-05
3085.5 5.418543e-05
3086.5 5.410216e-05
3087.5 5.401885e-05
3088.5 5.39355e-05
3089.5 5.385212e-05
3090.5 5.376871e-05
3091.5 5.368525e-05
3092.5 5.360176e-05
3093.5 5.351823e-05
3094.5 5.343467e-05
3095.5 5.335107e-05
3096.5 5.326744e-05
3097.5 5.318377e-05
3098.5 5.310007e-05
3099.5 5.301633e-05
3100.5 5.293255e-05
3101.5 5.284874e-05
3102.5 5.27649e-05
3103.5 5.268103e-05
3104.5 5.259712e-05
3105.5 5.251317e-05
3106.5 5.242919e-05
3107.5 5.234518e-05
3108.5 5.226114e-05
3109.5 5.217706e-05
3110.5 5.209295e-05
3111.5 5.200881e-05
3112.5 5.192464e-05
3113.5 5.184043e-05
3114.5 5.175619e-05
3115.5 5.167192e-05
3116.5 5.158762e-05
3117.5 5.150329e-05
3118.5 5.141892e-05
3119.5 5.133453e-05
3120.5 5.12501e-05
3121.5 5.116564e-05
3122.5 5.108116e-05
3123.5 5.099664e-05
3124.5 5.091209e-05
3125.5 5.082751e-05
3126.5 5.074291e-05
3127.5 5.065827e-05
3128.5 5.05736e-05
3129.5 5.048891e-05
3130.5 5.040418e-05
3131.5 5.031943e-05
3132.5 5.023465e-05
3133.5 5.014984e-05
3134.5 5.0065e-05
3135.5 4.998014e-05
3136.5 4.989524e-05
3137.5 4.981032e-05
3138.5 4.972537e-05
3139.5 4.964039e-05
3140.5 4.955539e-05
3141.5 4.947036e-05
3142.5 4.93853e-05
3143.5 4.930021e-05
3144.5 4.92151e-05
3145.5 4.912996e-05
3146.5 4.90448e-05
3147.5 4.895961e-05
3148.5 4.887439e-05
3149.5 4.878915e-05
3150.5 4.870388e-05
3151.5 4.861859e-05
3152.5 4.853327e-05
3153.5 4.844792e-05
3154.5 4.836256e-05
3155.5 4.827716e-05
3156.5 4.819174e-05
3157.5 4.81063e-05
3158.5 4.802083e-05
3159.5 4.793534e-05
3160.5 4.784982e-05
3161.5 4.776428e-05
3162.5 4.767871e-05
3163.5 4.759312e-05
3164.5 4.750751e-05
3165.5 4.742187e-05
3166.5 4.733621e-05
3167.5 4.725053e-05
3168.5 4.716482e-05
3169.5 4.707909e-05
3170.5 4.699333e-05
3171.5 4.690755e-05
3172.5 4.682175e-05
3173.5 4.673593e-05
3174.5 4.665008e-05
3175.5 4.656421e-05
3176.5 4.647832e-05
3177.5 4.63924e-05
3178.5 4.630646e-05
3179.5 4.62205e-05
3180.5 4.613452e-05
3181.5 4.604851e-05
3182.5 4.596248e-05
3183.5 4.587643e-05
3184.5 4.579035e-05
3185.5 4.570425e-05
3186.5 4.561813e-05
3187.5 4.553199e-05
3188.5 4.544583e-05
3189.5 4.535964e-05
3190.5 4.527343e-05
3191.5 4.51872e-05
3192.5 4.510094e-05
3193.5 4.501466e-05
3194.5 4.492836e-05
3195.5 4.484204e-05
3196.5 4.475569e-05
3197.5 4.466932e-05
3198.5 4.458293e-05
3199.5 4.449651e-05
3200.5 4.441008e-05
3201.5 4.432361e-05
3202.5 4.423713e-05
3203.5 4.415062e-05
3204.5 4.406409e-05
3205.5 4.397753e-05
3206.5 4.389095e-05
3207.5 4.380435e-05
3208.5 4.371772e-05
3209.5 4.363107e-05
3210.5 4.354439e-05
3211.5 4.345769e-05
3212.5 4.337097e-05
3213.5 4.328422e-05
3214.5 4.319744e-05
3215.5 4.311064e-05
3216.5 4.302382e-05
3217.5 4.293697e-05
3218.5 4.285009e-05
3219.5 4.276319e-05
3220.5 4.267626e-05
3221.5 4.25893e-05
3222.5 4.250232e-05
3223.5 4.241531e-05
3224.5 4.232828e-05
3225.5 4.224122e-05
3226.5 4.215413e-05
3227.5 4.206701e-05
3228.5 4.197986e-05
3229.5 4.189269e-05
3230.5 4.180549e-05
3231.5 4.171826e-05
3232.5 4.1631e-05
3233.5 4.154372e-05
3234.5 4.14564e-05
3235.5 4.136906e-05
3236.5 4.128169e-05
3237.5 4.119428e-05
3238.5 4.110685e-05
3239.5 4.101939e-05
3240.5 4.093191e-05
3241.5 4.084439e-05
3242.5 4.075684e-05
3243.5 4.066926e-05
3244.5 4.058166e-05
3245.5 4.049403e-05
3246.5 4.040636e-05
3247.5 4.031867e-05
3248.5 4.023095e-05
3249.5 4.014321e-05
3250.5 4.005543e-05
3251.5 3.996763e-05
3252.5 3.987981e-05
3253.5 3.979195e-05
3254.5 3.970407e-05
3255.5 3.961617e-05
3256.5 3.952824e-05
3257.5 3.944028e-05
3258.5 3.935231e-05
3259.5 3.926431e-05
3260.5 3.917629e-05
3261.5 3.908824e-05
3262.5 3.900018e-05
3263.5 3.891209e-05
3264.5 3.882398e-05
3265.5 3.873586e-05
3266.5 3.864771e-05
3267.5 3.855955e-05
3268.5 3.847137e-05
3269.5 3.838317e-05
3270.5 3.829495e-05
3271.5 3.820672e-05
3272.5 3.298366e-08
3273.5 3.296886e-08
3274.5 3.295404e-08
3275.5 3.29392e-08
3276.5 3.292434e-08
3277.5 3.290945e-08
3278.5 3.289454e-08
3279.5 3.287961e-08
3280.5 3.286466e-08
3281.5 3.284968e-08
3282.5 3.283468e-08
3283.5 3.281966e-08
3284.5 3.280462e-08
3285.5 3.278955e-08
3286.5 3.277446e-08
3287.5 3.275935e-08
3288.5 3.274422e-08
3289.5 3.272906e-08
3290.5 3.271389e-08
3291.5 3.269869e-08
3292.5 3.268346e-08
3293.5 3.266822e-08
3294.5 3.265295e-08
3295.5 3.263767e-08
3296.5 3.262236e-08
3297.5 3.260702e-08
3298.5 3.259167e-08
3299.5 3.257629e-08
3300.5 3.256089e-08
3301.5 3.254547e-08
3302.5 3.253003e-08
3303.5 3.251456e-08
3304.5 3.249907e-08
3305.5 3.248356e-08
3306.5 3.246803e-08
3307.5 3.245248e-08
3308.5 3.24369e-08
3309.5 3.24213e-08
3310.5 3.240568e-08
3311.5 3.239004e-08
3312.5 3.237438e-08
3313.5 3.235869e-08
3314.5 3.234298e-08
3315.5 3.232725e-08
3316.5 3.23115e-08
3317.5 3.229572e-08
3318.5 3.227993e-08
3319.5 3.226411e-08
3320.5 3.224827e-08
3321.5 3.223241e-08
3322.5 3.221652e-08
3323.5 3.220062e-08
3324.5 3.218469e-08
3325.5 3.216874e-08
3326.5 3.215277e-08
3327.5 3.213678e-08
3328.5 3.212076e-08
3329.5 3.210472e-08
3330.5 3.208867e-08
3331.5 3.207259e-08
3332.5 3.205648e-08
3333.5 3.204036e-08
3334.5 3.202421e-08
3335.5 3.200805e-08
3336.5 3.199186e-08
3337.5 3.197565e-08
3338.5 3.195941e-08
3339.5 3.194316e-08
3340.5 3.192688e-08
3341.5 3.191058e-08
3342.5 3.189427e-08
3343.5 3.187792e-08
3344.5 3.186156e-08
3345.5 3.184518e-08
3346.5 3.182877e-08
3347.5 3.181234e-08
3348.5 3.179589e-08
3349.5 3.177942e-08
3350.5 3.176293e-08
3351.5 3.174642e-08
3352.5 3.172988e-08
3353.5 3.171332e-08
3354.5 3.169675e-08
3355.5 3.168015e-08
3356.5 3.166352e-08
3357.5 3.164688e-08
3358.5 3.163022e-08
3359.5 3.161353e-08
3360.5 3.159682e-08
3361.5 3.15801e-08
3362.5 3.156335e-08
3363.5 3.154657e-08
3364.5 3.152978e-08
3365.5 3.151297e-08
3366.5 3.149613e-08
3367.5 3.147927e-08
3368.5 3.14624e-08
3369.5 3.14455e-08
3370.5 3.142857e-08
3371.5 3.141163e-08
3372.5 3.139467e-08
3373.5 3.137768e-08
3374.5 3.136068e-08
3375.5 3.134365e-08
3376.5 3.13266e-08
3377.5 3.130953e-08
3378.5 3.129244e-08
3379.5 3.127533e-08
3380.5 3.12582e-08
3381.5 3.124104e-08
3382.5 3.122386e-08
3383.5 3.120667e-08
3384.5 3.118945e-08
3385.5 3.117221e-08
3386.5 3.115495e-08
3387.5 3.113767e-08
3388.5 3.112037e-08
3389.5 3.110304e-08
3390.5 3.10857e-08
3391.5 3.106833e-08
3392.5 3.105095e-08
3393.5 3.103354e-08
3394.5 3.101611e-08
3395.5 3.099866e-08
3396.5 3.098119e-08
3397.5 3.09637e-08
3398.5 3.094619e-08
3399.5 3.092866e-08
3400.5 3.09111e-08
3401.5 3.089353e-08
3402.5 3.087593e-08
3403.5 3.085831e-08
3404.5 3.084068e-08
3405.5 3.082302e-08
3406.5 3.080534e-08
3407.5 3.078764e-08
3408.5 3.076992e-08
3409.5 3.075218e-08
3410.5 3.073441e-08
3411.5 3.071663e-08
3412.5 3.069883e-08
3413.5 3.0681e-08
3414.5 3.066316e-08
3415.5 3.064529e-08
3416.5 3.062741e-08
3417.5 3.06095e-08
3418.5 3.059157e-08
3419.5 3.057362e-08
3420.5 3.055565e-08
3421.5 3.053766e-08
3422.5 3.051965e-08
3423.5 3.050162e-08
3424.5 3.048357e-08
3425.5 3.04655e-08
3426.5 3.044741e-08
3427.5 3.042929e-08
3428.5 3.041116e-08
3429.5 3.039301e-08
3430.5 3.037483e-08
3431.5 3.035664e-08
3432.5 3.033842e-08
3433.5 3.032019e-08
3434.5 3.030193e-08
3435.5 3.028365e-08
3436.5 3.026536e-08
3437.5 3.024704e-08
3438.5 3.02287e-08
3439.5 3.021035e-08
3440.5 3.019197e-08
3441.5 3.017357e-08
3442.5 3.015515e-08
3443.5 3.013671e-08
3444.5 3.011825e-08
3445.5 3.009977e-08
3446.5 3.008127e-08
3447.5 3.006275e-08
3448.5 3.004421e-08
3449.5 3.002565e-08
3450.5 3.000707e-08
3451.5 2.998847e-08
3452.5 2.996985e-08
3453.5 2.995121e-08
3454.5 2.993255e-08
3455.5 2.991387e-08
3456.5 2.989517e-08
3457.5 2.987645e-08
3458.5 2.985771e-08
3459.5 2.983895e-08
3460.5 2.982017e-08
3461.5 2.980136e-08
3462.5 2.978254e-08
3463.5 2.97637e-08
3464.5 2.974484e-08
3465.5 2.972596e-08
3466.5 2.970706e-08
3467.5 2.968814e-08
3468.5 2.96692e-08
3469.5 2.965024e-08
3470.5 2.963126e-08
3471.5 2.961226e-08
3472.5 2.959324e-08
3473.5 2.95742e-08
3474.5 2.955514e-08
3475.5 2.953606e-08
3476.5 2.951696e-08
3477.5 2.949785e-08
3478.5 2.947871e-08
3479.5 2.945955e-08
3480.5 2.944037e-08
3481.5 2.942118e-08
3482.5 2.940196e-08
3483.5 2.938272e-08
3484.5 2.936347e-08
3485.5 2.934419e-08
3486.5 2.93249e-08
3487.5 2.930558e-08
3488.5 2.928625e-08
3489.5 2.92669e-08
3490.5 2.924752e-08
3491.5 2.922813e-08
3492.5 2.920872e-08
3493.5 2.918929e-08
3494.5 2.916984e-08
3495.5 2.915037e-08
3496.5 2.913088e-08
3497.5 2.911137e-08
3498.5 2.909184e-08
3499.5 2.907229e-08
3500.5 2.905273e-08
3501.5 2.903314e-08
3502.5 2.901353e-08
3503.5 2.899391e-08
3504.5 2.897427e-08
3505.5 2.89546e-08
3506.5 2.893492e-08
3507.5 2.891522e-08
3508.5 2.88955e-08
3509.5 2.887576e-08
3510.5 2.8856e-08
3511.5 2.883622e-08
3512.5 2.881642e-08
3513.5 2.879661e-08
3514.5 2.877677e-08
3515.5 2.875692e-08
3516.5 2.873704e-08
3517.5 2.871715e-08
3518.5 2.869724e-08
3519.5 2.867731e-08
3520.5 2.865736e-08
3521.5 2.863739e-08
3522.5 2.86174e-08
3523.5 2.85974e-08
3524.5 2.857737e-08
3525.5 2.855733e-08
3526.5 2.853727e-08
3527.5 2.851719e-08
3528.5 2.849709e-08
3529.5 2.847697e-08
3530.5 2.845683e-08
3531.5 2.843667e-08
3532.5 2.84165e-08
3533.5 2.83963e-08
3534.5 2.837609e-08
3535.5 2.835586e-08
3536.5 2.833561e-08
3537.5 2.831534e-08
3538.5 2.829505e-08
3539.5 2.827475e-08
3540.5 2.825442e-08
3541.5 2.823408e-08
3542.5 2.821372e-08
3543.5 2.819334e-08
3544.5 2.817294e-08
3545.5 2.815252e-08
3546.5 2.813209e-08
3547.5 2.811163e-08
3548.5 2.809116e-08
3549.5 2.807067e-08
3550.5 2.805016e-08
3551.5 2.802963e-08
3552.5 2.800909e-08
3553.5 2.798852e-08
3554.5 2.796794e-08
3555.5 2.794734e-08
3556.5 2.792672e-08
3557.5 2.790608e-08
3558.5 2.788543e-08
3559.5 2.786475e-08
3560.5 2.784406e-08
3561.5 2.782335e-08
3562.5 2.780262e-08
3563.5 2.778188e-08
3564.5 2.776111e-08
3565.5 2.774033e-08
3566.5 2.771953e-08
3567.5 2.769871e-08
3568.5 2.767788e-08
3569.5 2.765702e-08
3570.5 2.763615e-08
3571.5 2.761526e-08
3572.5 2.759435e-08
3573.5 2.757342e-08
3574.5 2.755248e-08
3575.5 2.753152e-08
3576.5 2.751054e-08
3577.5 2.748954e-08
3578.5 2.746852e-08
3579.5 2.744749e-08
3580.5 2.742644e-08
3581.5 2.740537e-08
3582.5 2.738428e-08
3583.5 2.736318e-08
3584.5 2.734206e-08
3585.5 2.732092e-08
3586.5 2.729976e-08
3587.5 2.727858e-08
3588.5 2.725739e-08
3589.5 2.723618e-08
3590.5 2.721495e-08
3591.5 2.719371e-08
3592.5 2.717244e-08
3593.5 2.715116e-08
3594.5 2.712987e-08
3595.5 2.710855e-08
3596.5 2.708722e-08
3597.5 2.706587e-08
3598.5 2.70445e-08
3599.5 2.702312e-08
3600.5 2.700171e-08
3601.5 2.698029e-08
3602.5 2.695886e-08
3603.5 2.69374e-08
3604.5 2.691593e-08
3605.5 2.689444e-08
3606.5 2.687294e-08
3607.5 2.685141e-08
3608.5 2.682987e-08
3609.5 2.680832e-08
3610.5 2.678674e-08
3611.5 2.676515e-08
3612.5 2.674354e-08
3613.5 2.672192e-08
3614.5 2.670027e-08
3615.5 2.667861e-08
3616.5 2.665694e-08
3617.5 2.663524e-08
3618.5 2.661353e-08
3619.5 2.65918e-08
3620.5 2.657006e-08
3621.5 2.65483e-08
3622.5 2.652652e-08
3623.5 2.650473e-08
3624.5 2.648291e-08
3625.5 2.646108e-08
3626.5 2.643924e-08
3627.5 2.641738e-08
3628.5 2.63955e-08
3629.5 2.63736e-08
3630.5 2.635169e-08
3631.5 2.632976e-08
3632.5 2.630782e-08
3633.5 2.628585e-08
3634.5 2.626387e-08
3635.5 2.624188e-08
3636.5 2.621987e-08
3637.5 2.619784e-08
3638.5 2.617579e-08
3639.5 2.615373e-08
3640.5 2.613166e-08
3641.5 2.610956e-08
3642.5 2.608745e-08
3643.5 2.606532e-08
3644.5 2.604318e-08
3645.5 2.602102e-08
3646.5 2.599884e-08
3647.5 2.597665e-08
3648.5 2.595444e-08
3649.5 2.593222e-08
3650.5 2.590998e-08
3651.5 2.588772e-08
3652.5 2.586545e-08
3653.5 2.584316e-08
3654.5 2.582085e-08
3655.5 2.579853e-08
3656.5 2.577619e-08
3657.5 2.575384e-08
3658.5 2.573147e-08
3659.5 2.570908e-08
3660.5 2.568668e-08
3661.5 2.566427e-08
3662.5 2.564183e-08
3663.5 2.561938e-08
3664.5 2.559692e-08
3665.5 2.557444e-08
3666.5 2.555194e-08
3667.5 2.552943e-08
3668.5 2.55069e-08
3669.5 2.548435e-08
3670.5 2.546179e-08
3671.5 2.543922e-08
3672.5 2.541663e-08
3673.5 2.539402e-08
3674.5 2.53714e-08
3675.5 2.534876e-08
3676.5 2.532611e-08
3677.5 2.530344e-08
3678.5 2.528075e-08
3679.5 2.525805e-08
3680.5 2.523534e-08
3681.5 2.521261e-08
3682.5 2.518986e-08
3683.5 2.51671e-08
3684.5 2.514432e-08
3685.5 2.512153e-08
3686.5 2.509872e-08
3687.5 2.50759e-08
3688.5 2.505306e-08
3689.5 2.503021e-08
3690.5 2.500734e-08
3691.5 2.498445e-08
3692.5 2.496155e-08
3693.5 2.493864e-08
3694.5 2.491571e-08
3695.5 2.489277e-08
3696.5 2.486981e-08
3697.5 2.484683e-08
3698.5 2.482384e-08
3699.5 2.480084e-08
3700.5 2.477782e-08
3701.5 2.475478e-08
3702.5 2.473173e-08
3703.5 2.470867e-08
3704.5 2.468559e-08
3705.5 2.46625e-08
3706.5 2.463939e-08
3707.5 2.461627e-08
3708.5 2.459313e-08
3709.5 2.456998e-08
3710.5 2.454681e-08
3711.5 2.452363e-08
3712.5 2.450043e-08
3713.5 2.447722e-08
3714.5 2.445399e-08
3715.5 2.443075e-08
3716.5 2.44075e-08
3717.5 2.438423e-08
3718.5 2.436094e-08
3719.5 2.433765e-08
3720.5 2.431433e-08
3721.5 2.429101e-08
3722.5 2.426767e-08
3723.5 2.424431e-08
3724.5 2.422094e-08
3725.5 2.419756e-08
3726.5 2.417416e-08
3727.5 2.415074e-08
3728.5 2.412732e-08
3729.5 2.410388e-08
3730.5 2.408042e-08
3731.5 2.405695e-08
3732.5 2.403347e-08
3733.5 2.400997e-08
3734.5 2.398646e-08
3735.5 2.396294e-08
3736.5 2.39394e-08
3737.5 2.391584e-08
3738.5 2.389228e-08
3739.5 2.38687e-08
3740.5 2.38451e-08
3741.5 2.382149e-08
3742.5 2.379787e-08
3743.5 2.377423e-08
3744.5 2.375058e-08
3745.5 2.372692e-08
3746.5 2.370324e-08
3747.5 2.367955e-08
3748.5 2.365585e-08
3749.5 2.363213e-08
3750.5 2.36084e-08
3751.5 2.358465e-08
3752.5 2.35609e-08
3753.5 2.353712e-08
3754.5 2.351334e-08
3755.5 2.348954e-08
3756.5 2.346573e-08
3757.5 2.34419e-08
3758.5 2.341806e-08
3759.5 2.339421e-08
3760.5 2.337035e-08
3761.5 2.334647e-08
3762.5 2.332258e-08
3763.5 2.329867e-08
3764.5 2.327475e-08
3765.5 2.325082e-08
3766.5 2.322688e-08
3767.5 2.320292e-08
3768.5 2.317895e-08
3769.5 2.315497e-08
3770.5 2.313097e-08
3771.5 2.310696e-08
3772.5 2.308294e-08
3773.5 2.30589e-08
3774.5 2.303486e-08
3775.5 2.30108e-08
3776.5 2.298672e-08
3777.5 2.296264e-08
3778.5 2.293854e-08
3779.5 2.291443e-08
3780.5 2.28903e-08
3781.5 2.286617e-08
3782.5 2.284202e-08
3783.5 2.281786e-08
3784.5 2.279368e-08
3785.5 2.276949e-08
3786.5 2.27453e-08
3787.5 2.272108e-08
3788.5 2.269686e-08
3789.5 2.267262e-08
3790.5 2.264837e-08
3791.5 2.262411e-08
3792.5 2.259984e-08
3793.5 2.257555e-08
3794.5 2.255126e-08
3795.5 2.252695e-08
3796.5 2.250263e-08
3797.5 2.247829e-08
3798.5 2.245395e-08
3799.5 2.242959e-08
3800.5 2.240522e-08
3801.5 2.238083e-08
3802.5 2.235644e-08
3803.5 2.233203e-08
3804.5 2.230762e-08
3805.5 2.228319e-08
3806.5 2.225875e-08
3807.5 2.223429e-08
3808.5 2.220983e-08
3809.5 2.218535e-08
3810.5 2.216086e-08
3811.5 2.213636e-08
3812.5 2.211185e-08
3813.5 2.208733e-08
3814.5 2.206279e-08
3815.5 2.203825e-08
3816.5 2.201369e-08
3817.5 2.198912e-08
3818.5 2.196454e-08
3819.5 2.193995e-08
3820.5 2.191534e-08
3821.5 2.189073e-08
3822.5 2.18661e-08
3823.5 2.184147e-08
3824.5 2.181682e-08
3825.5 2.179216e-08
3826.5 2.176749e-08
3827.5 2.17428e-08
3828.5 2.171811e-08
3829.5 2.169341e-08
3830.5 2.166869e-08
3831.5 2.164397e-08
3832.5 2.161923e-08
3833.5 2.159448e-08
3834.5 2.156972e-08
3835.5 2.154495e-08
3836.5 2.152017e-08
3837.5 2.149538e-08
3838.5 2.147058e-08
3839.5 2.144577e-08
3840.5 2.142095e-08
3841.5 2.139611e-08
3842.5 2.137127e-08
3843.5 2.134641e-08
3844.5 2.132155e-08
3845.5 2.129667e-08
3846.5 2.127179e-08
3847.5 2.124689e-08
3848.5 2.122198e-08
3849.5 2.119706e-08
3850.5 2.117214e-08
3851.5 2.11472e-08
3852.5 2.112225e-08
3853.5 2.109729e-08
3854.5 2.107232e-08
3855.5 2.104735e-08
3856.5 2.102236e-08
3857.5 2.099736e-08
3858.5 2.097235e-08
3859.5 2.094733e-08
3860.5 2.09223e-08
3861.5 2.089726e-08
3862.5 2.087222e-08
3863.5 2.084716e-08
3864.5 2.082209e-08
3865.5 2.079701e-08
3866.5 2.077192e-08
3867.5 2.074683e-08
3868.5 2.072172e-08
3869.5 2.06966e-08
3870.5 2.067148e-08
3871.5 2.064634e-08
3872.5 2.06212e-08
3873.5 2.059604e-08
3874.5 2.057088e-08
3875.5 2.054571e-08
3876.5 2.052052e-08
3877.5 2.049533e-08
3878.5 2.047013e-08
3879.5 2.044492e-08
3880.5 2.04197e-08
3881.5 2.039447e-08
3882.5 2.036923e-08
3883.5 2.034399e-08
3884.5 2.031873e-08
3885.5 2.029347e-08
3886.5 2.026819e-08
3887.5 2.024291e-08
3888.5 2.021762e-08
3889.5 2.019232e-08
3890.5 2.016701e-08
3891.5 2.014169e-08
3892.5 2.011637e-08
3893.5 2.009103e-08
3894.5 2.006569e-08
3895.5 2.004033e-08
3896.5 2.001497e-08
3897.5 1.99896e-08
3898.5 1.996422e-08
3899.5 1.993884e-08
3900.5 1.991344e-08
3901.5 1.988804e-08
3902.5 1.986263e-08
3903.5 1.983721e-08
3904.5 1.981178e-08
3905.5 1.978634e-08
3906.5 1.97609e-08
3907.5 1.973545e-08
3908.5 1.970999e-08
3909.5 1.968452e-08
3910.5 1.965904e-08
3911.5 1.963356e-08
3912.5 1.960806e-08
3913.5 1.958256e-08
3914.5 1.955705e-08
3915.5 1.953154e-08
3916.5 1.950601e-08
3917.5 1.948048e-08
3918.5 1.945494e-08
3919.5 1.94294e-08
3920.5 1.940384e-08
3921.5 1.937828e-08
3922.5 1.935271e-08
3923.5 1.932713e-08
3924.5 1.930155e-08
3925.5 1.927596e-08
3926.5 1.925036e-08
3927.5 1.922475e-08
3928.5 1.919914e-08
3929.5 1.917352e-08
3930.5 1.914789e-08
3931.5 1.912225e-08
3932.5 1.909661e-08
3933.5 1.907096e-08
3934.5 1.904531e-08
3935.5 1.901964e-08
3936.5 1.899397e-08
3937.5 1.89683e-08
3938.5 1.894261e-08
3939.5 1.891692e-08
3940.5 1.889123e-08
3941.5 1.886552e-08
3942.5 1.883981e-08
3943.5 1.881409e-08
3944.5 1.878837e-08
3945.5 1.876264e-08
3946.5 1.87369e-08
3947.5 1.871116e-08
3948.5 1.868541e-08
3949.5 1.865966e-08
3950.5 1.863389e-08
3951.5 1.860813e-08
3952.5 1.858235e-08
3953.5 1.855657e-08
3954.5 1.853078e-08
3955.5 1.850499e-08
3956.5 1.847919e-08
3957.5 1.845339e-08
3958.5 1.842758e-08
3959.5 1.840176e-08
3960.5 1.837594e-08
3961.5 1.835011e-08
3962.5 1.832427e-08
3963.5 1.829844e-08
3964.5 1.827259e-08
3965.5 1.824674e-08
3966.5 1.822088e-08
3967.5 1.819502e-08
3968.5 1.816915e-08
3969.5 1.814328e-08
3970.5 1.81174e-08
3971.5 1.809152e-08
3972.5 1.806563e-08
3973.5 1.803973e-08
3974.5 1.801384e-08
3975.5 1.798793e-08
3976.5 1.796202e-08
3977.5 1.793611e-08
3978.5 1.791019e-08
3979.5 1.788426e-08
3980.5 1.785833e-08
3981.5 1.78324e-08
3982.5 1.780646e-08
3983.5 1.778051e-08
3984.5 1.775457e-08
3985.5 1.772861e-08
3986.5 1.770265e-08
3987.5 1.767669e-08
3988.5 1.765072e-08
3989.5 1.762475e-08
3990.5 1.759878e-08
3991.5 1.75728e-08
3992.5 1.754681e-08
3993.5 1.752082e-08
3994.5 1.749483e-08
3995.5 1.746883e-08
3996.5 1.744283e-08
3997.5 1.741682e-08
3998.5 1.739081e-08
3999.5 1.73648e-08
4000.5 1.733878e-08
4001.5 1.731276e-08
4002.5 1.728673e-08
4003.5 1.726071e-08
4004.5 1.723467e-08
4005.5 1.720864e-08
4006.5 1.718259e-08
4007.5 1.715655e-08
4008.5 1.71305e-08
4009.5 1.710445e-08
4010.5 1.70784e-08
4011.5 1.705234e-08
4012.5 1.702628e-08
4013.5 1.700021e-08
4014.5 1.697414e-08
4015.5 1.694807e-08
4016.5 1.6922e-08
4017.5 1.689592e-08
4018.5 1.686984e-08
4019.5 1.684376e-08
4020.5 1.681767e-08
4021.5 1.679158e-08
4022.5 1.676549e-08
4023.5 1.673939e-08
4024.5 1.67133e-08
4025.5 1.66872e-08
4026.5 1.666109e-08
4027.5 1.663499e-08
4028.5 1.660888e-08
4029.5 1.658277e-08
4030.5 1.655665e-08
4031.5 1.653054e-08
4032.5 1.650442e-08
4033.5 1.64783e-08
4034.5 1.645218e-08
4035.5 1.642605e-08
4036.5 1.639992e-08
4037.5 1.637379e-08
4038.5 1.634766e-08
4039.5 1.632153e-08
4040.5 1.629539e-08
4041.5 1.626926e-08
4042.5 1.624312e-08
4043.5 1.621698e-08
4044.5 1.619083e-08
4045.5 1.616469e-08
4046.5 1.613854e-08
4047.5 1.611239e-08
4048.5 1.608625e-08
4049.5 1.606009e-08
4050.5 1.603394e-08
4051.5 1.600779e-08
4052.5 1.598163e-08
4053.5 1.595548e-08
4054.5 1.592932e-08
4055.5 1.590316e-08
4056.5 1.5877e-08
4057.5 1.585084e-08
4058.5 1.582468e-08
4059.5 1.579851e-08
4060.5 1.577235e-08
4061.5 1.574618e-08
4062.5 1.572002e-08
4063.5 1.569385e-08
4064.5 1.566768e-08
4065.5 1.564152e-08
4066.5 1.561535e-08
4067.5 1.558918e-08
4068.5 1.556301e-08
4069.5 1.553684e-08
4070.5 1.551066e-08
4071.5 1.548449e-08
4072.5 1.545832e-08
4073.5 1.543215e-08
4074.5 1.540597e-08
4075.5 1.53798e-08
4076.5 1.535363e-08
4077.5 1.532745e-08
4078.5 1.530128e-08
4079.5 1.527511e-08
4080.5 1.524893e-08
4081.5 1.522276e-08
4082.5 1.519658e-08
4083.5 1.517041e-08
4084.5 1.514424e-08
4085.5 1.511806e-08
4086.5 1.509189e-08
4087.5 1.506572e-08
4088.5 1.503954e-08
4089.5 1.501337e-08
4090.5 1.49872e-08
4091.5 1.496103e-08
4092.5 1.493486e-08
4093.5 1.490869e-08
4094.5 1.488252e-08
4095.5 1.485635e-08
4096.5 1.483018e-08
4097.5 1.480401e-08
4098.5 1.477784e-08
4099.5 1.475167e-08
4100.5 1.472551e-08
4101.5 1.469934e-08
4102.5 1.467318e-08
4103.5 1.464701e-08
4104.5 1.462085e-08
4105.5 1.459469e-08
4106.5 1.456852e-08
4107.5 1.454236e-08
4108.5 1.45162e-08
4109.5 1.449005e-08
4110.5 1.446389e-08
4111.5 1.443773e-08
4112.5 1.441158e-08
4113.5 1.438542e-08
4114.5 1.435927e-08
4115.5 1.433312e-08
4116.5 1.430697e-08
4117.5 1.428082e-08
4118.5 1.425467e-08
4119.5 1.422852e-08
4120.5 1.420237e-08
4121.5 1.417623e-08
4122.5 1.415009e-08
4123.5 1.412394e-08
4124.5 1.40978e-08
4125.5 1.407166e-08
4126.5 1.404552e-08
4127.5 1.401939e-08
4128.5 1.399325e-08
4129.5 1.396711e-08
4130.5 1.394098e-08
4131.5 1.391485e-08
4132.5 1.388872e-08
4133.5 1.386259e-08
4134.5 1.383646e-08
4135.5 1.381033e-08
4136.5 1.378421e-08
4137.5 1.375808e-08
4138.5 1.373196e-08
4139.5 1.370584e-08
4140.5 1.367971e-08
4141.5 1.365359e-08
4142.5 1.362748e-08
4143.5 1.360136e-08
4144.5 1.357524e-08
4145.5 1.354913e-08
4146.5 1.352301e-08
4147.5 1.34969e-08
4148.5 1.347079e-08
4149.5 1.344468e-08
4150.5 1.341857e-08
4151.5 1.339246e-08
4152.5 1.336635e-08
4153.5 1.334024e-08
4154.5 1.331413e-08
4155.5 1.328803e-08
4156.5 1.326192e-08
4157.5 1.323582e-08
4158.5 1.320971e-08
4159.5 1.318361e-08
4160.5 1.315751e-08
4161.5 1.313141e-08
4162.5 1.31053e-08
4163.5 1.30792e-08
4164.5 1.30531e-08
4165.5 1.3027e-08
4166.5 1.30009e-08
4167.5 1.29748e-08
4168.5 1.294871e-08
4169.5 1.292261e-08
4170.5 1.289651e-08
4171.5 1.287041e-08
4172.5 1.284431e-08
4173.5 1.281822e-08
4174.5 1.279212e-08
4175.5 1.276602e-08
4176.5 1.273993e-08
4177.5 1.271383e-08
4178.5 1.268773e-08
4179.5 1.266164e-08
4180.5 1.263554e-08
4181.5 1.260945e-08
4182.5 1.258335e-08
4183.5 1.255726e-08
4184.5 1.253117e-08
4185.5 1.250507e-08
4186.5 1.247898e-08
4187.5 1.245289e-08
4188.5 1.24268e-08
4189.5 1.240071e-08
4190.5 1.237462e-08
4191.5 1.234854e-08
4192.5 1.232245e-08
4193.5 1.229637e-08
4194.5 1.227029e-08
4195.5 1.224421e-08
4196.5 1.221813e-08
4197.5 1.219206e-08
4198.5 1.216598e-08
4199.5 1.213991e-08
4200.5 1.211384e-08
4201.5 1.208778e-08
4202.5 1.206171e-08
4203.5 1.203565e-08
4204.5 1.20096e-08
4205.5 5.157621e-09
4206.5 5.148553e-09
4207.5 5.139486e-09
4208.5 5.130419e-09
4209.5 5.121352e-09
4210.5 5.112286e-09
4211.5 5.10322e-09
4212.5 5.094155e-09
4213.5 5.085091e-09
4214.5 5.076026e-09
4215.5 5.066963e-09
4216.5 5.0579e-09
4217.5 5.048837e-09
4218.5 5.039775e-09
4219.5 5.030714e-09
4220.5 5.021653e-09
4221.5 5.012593e-09
4222.5 5.003534e-09
4223.5 4.994475e-09
4224.5 4.985417e-09
4225.5 4.97636e-09
4226.5 4.967303e-09
4227.5 4.958248e-09
4228.5 4.949193e-09
4229.5 4.940138e-09
4230.5 4.931085e-09
4231.5 4.922032e-09
4232.5 4.912981e-09
4233.5 4.90393e-09
4234.5 4.89488e-09
4235.5 4.885831e-09
4236.5 4.876782e-09
4237.5 4.867735e-09
4238.5 4.858689e-09
4239.5 4.849643e-09
4240.5 4.840599e-09
4241.5 4.831556e-09
4242.5 4.822513e-09
4243.5 4.813472e-09
4244.5 4.804432e-09
4245.5 4.795393e-09
4246.5 4.786355e-09
4247.5 4.777318e-09
4248.5 4.768282e-09
4249.5 4.759247e-09
4250.5 4.750213e-09
4251.5 4.741181e-09
4252.5 4.73215e-09
4253.5 4.72312e-09
4254.5 4.714091e-09
4255.5 4.705063e-09
4256.5 4.696037e-09
4257.5 4.687012e-09
4258.5 4.677988e-09
4259.5 4.668966e-09
4260.5 4.659945e-09
4261.5 4.650925e-09
4262.5 4.641906e-09
4263.5 4.632889e-09
4264.5 4.623873e-09
4265.5 4.614859e-09
4266.5 4.605846e-09
4267.5 4.596834e-09
4268.5 4.587824e-09
4269.5 4.578816e-09
4270.5 4.569808e-09
4271.5 4.560802e-09
4272.5 4.551798e-09
4273.5 4.542795e-09
4274.5 4.533794e-09
4275.5 4.524794e-09
4276.5 4.515795e-09
4277.5 4.506798e-09
4278.5 4.497803e-09
4279.5 4.488809e-09
4280.5 4.479817e-09
4281.5 4.470826e-09
4282.5 4.461837e-09
4283.5 4.45285e-09
4284.5 4.443864e-09
4285.5 4.434879e-09
4286.5 4.425897e-09
4287.5 4.416915e-09
4288.5 4.407936e-09
4289.5 4.398958e-09
4290.5 4.389982e-09
4291.5 4.381007e-09
4292.5 4.372034e-09
4293.5 4.363062e-09
4294.5 4.354093e-09
4295.5 4.345125e-09
4296.5 4.336158e-09
4297.5 4.327193e-09
4298.5 4.31823e-09
4299.5 4.309268e-09
4300.5 4.300308e-09
4301.5 4.29135e-09
4302.5 4.282393e-09
4303.5 4.273438e-09
4304.5 4.264485e-09
4305.5 4.255533e-09
4306.5 4.246583e-09
4307.5 4.237634e-09
4308.5 4.228688e-09
4309.5 4.219742e-09
4310.5 4.210798e-09
4311.5 4.201856e-09
4312.5 4.192916e-09
4313.5 4.183977e-09
4314.5 4.175039e-09
4315.5 4.166103e-09
4316.5 4.157169e-09
4317.5 4.148236e-09
4318.5 4.139305e-09
4319.5 4.130375e-09
4320.5 4.121447e-09
4321.5 4.11252e-09
4322.5 4.103594e-09
4323.5 4.09467e-09
4324.5 4.085748e-09
4325.5 4.076826e-09
4326.5 4.067906e-09
4327.5 4.058988e-09
4328.5 4.05007e-09
4329.5 4.041155e-09
4330.5 4.03224e-09
4331.5 4.023326e-09
4332.5 4.014414e-09
4333.5 4.005503e-09
4334.5 3.996593e-09
4335.5 3.987684e-09
4336.5 3.978777e-09
4337.5 3.96987e-09
4338.5 3.960965e-09
4339.5 3.95206e-09
4340.5 3.943157e-09
4341.5 3.934254e-09
4342.5 3.925353e-09
4343.5 3.916452e-09
4344.5 3.907552e-09
4345.5 3.898653e-09
4346.5 3.889755e-09
4347.5 3.880858e-09
4348.5 3.871961e-09
4349.5 3.863066e-09
4350.5 3.85417e-09
4351.5 3.845276e-09
4352.5 3.836382e-09
4353.5 3.82749e-09
4354.5 3.818597e-09
4355.5 3.809706e-09
4356.5 3.800814e-09
4357.5 3.791924e-09
4358.5 3.783034e-09
4359.5 3.774145e-09
4360.5 3.765257e-09
4361.5 3.756369e-09
4362.5 3.747482e-09
4363.5 3.738595e-09
4364.5 3.729709e-09
4365.5 3.720824e-09
4366.5 3.711939e-09
4367.5 3.703056e-09
4368.5 3.694173e-09
4369.5 3.685291e-09
4370.5 3.67641e-09
4371.5 3.66753e-09
4372.5 3.658651e-09
4373.5 3.649773e-09
4374.5 3.640896e-09
4375.5 3.63202e-09
4376.5 3.623146e-09
4377.5 3.614273e-09
4378.5 3.605401e-09
4379.5 3.596531e-09
4380.5 3.587662e-09
4381.5 3.578795e-09
4382.5 3.569929e-09
4383.5 3.561065e-09
4384.5 3.552202e-09
4385.5 3.543341e-09
4386.5 0
4387.5 0
4388.5 0
4389.5 0
4390.5 0
4391.5 0
4392.5 0
4393.5 0
4394.5 0
4395.5 0
4396.5 0
4397.5 0
4398.5 0
4399.5 0
4400.5 0
4401.5 0
4402.5 0
4403.5 0
4404.5 0
4405.5 0
4406.5 0
4407.5 0
4408.5 0
4409.5 0
4410.5 0
4411.5 0
4412.5 0
4413.5 0
4414.5 0
4415.5 0
4416.5 0
4417.5 0
4418.5 0
4419.5 0
4420.5 0
4421.5 0
4422.5 0
4423.5 0
4424.5 0
4425.5 0
4426.5 0
4427.5 0
4428.5 0
4429.5 0
4430.5 0
4431.5 0
4432.5 0
4433.5 0
4434.5 0
4435.5 0
4436.5 0
4437.5 0
4438.5 0
4439.5 0
4440.5 0
4441.5 0
4442.5 0
4443.5 0
4444.5 0
4445.5 0
4446.5 0
4447.5 0
4448.5 0
4449.5 0
4450.5 0
4451.5 0
4452.5 0
4453.5 0
4454.5 0
4455.5 0
4456.5 0
4457.5 0
4458.5 0
4459.5 0
4460.5 0
4461.5 0
4462.5 0
4463.5 0
4464.5 0
4465.5 0
4466.5 0
4467.5 0
4468.5 0
4469.5 0
4470.5 0
4471.5 0
4472.5 0
4473.5 0
4474.5 0
4475.5 0
4476.5 0
4477.5 0
4478.5 0
4479.5 0
4480.5 0
4481.5 0
4482.5 0
4483.5 0
4484.5 0
4485.5 0
4486.5 0
4487.5 0
4488.5 0
4489.5 0
4490.5 0
4491.5 0
4492.5 0
4493.5 0
4494.5 0
4495.5 0
4496.5 0
4497.5 0
4498.5 0
4499.5 0
4500.5 0
