# Title: <19K, 40> Spectrum
# Creator: donguri
# CreationDate: 19 Jan 2006 01:10:01 JST
# Fields: energy intensity
# Units: keV 1/keV

0.5 2.706734e-08
1.5 1.453709e-07
2.5 4.297768e-07
3.5 7.141828e-07
4.5 9.985887e-07
5.5 1.282995e-06
6.5 1.567401e-06
7.5 1.851807e-06
8.5 2.136212e-06
9.5 2.420618e-06
10.5 2.705024e-06
11.5 3.161621e-06
12.5 3.866006e-06
13.5 4.57039e-06
14.5 5.274775e-06
15.5 5.979159e-06
16.5 6.683543e-06
17.5 7.387928e-06
18.5 8.092312e-06
19.5 8.796697e-06
20.5 9.501081e-06
21.5 1.035359e-05
22.5 1.141925e-05
23.5 1.248492e-05
24.5 1.355058e-05
25.5 1.461624e-05
26.5 1.568191e-05
27.5 1.674757e-05
28.5 1.781323e-05
29.5 1.887889e-05
30.5 1.994456e-05
31.5 2.113667e-05
32.5 2.251073e-05
33.5 2.38848e-05
34.5 2.525887e-05
35.5 2.663293e-05
36.5 2.8007e-05
37.5 2.938107e-05
38.5 3.075513e-05
39.5 3.21292e-05
40.5 3.350327e-05
41.5 3.498433e-05
42.5 3.661935e-05
43.5 3.825438e-05
44.5 3.988941e-05
45.5 4.152444e-05
46.5 4.315947e-05
47.5 4.479449e-05
48.5 4.642952e-05
49.5 4.806455e-05
50.5 4.969958e-05
51.5 5.142417e-05
52.5 5.327764e-05
53.5 5.51311e-05
54.5 5.698457e-05
55.5 5.883804e-05
56.5 6.069151e-05
57.5 6.254498e-05
58.5 6.439845e-05
59.5 6.625192e-05
60.5 6.810539e-05
61.5 7.003286e-05
62.5 7.206683e-05
63.5 7.41008e-05
64.5 7.613477e-05
65.5 7.816874e-05
66.5 8.020271e-05
67.5 8.223668e-05
68.5 8.427065e-05
69.5 8.630462e-05
70.5 8.833859e-05
71.5 9.043272e-05
72.5 9.261341e-05
73.5 9.47941e-05
74.5 9.697479e-05
75.5 9.915548e-05
76.5 0.0001013362
77.5 0.0001035169
78.5 0.0001056975
79.5 0.0001078782
80.5 0.0001100589
81.5 0.0001122874
82.5 0.0001145847
83.5 0.0001168821
84.5 0.0001191794
85.5 0.0001214767
86.5 0.000123774
87.5 0.0001260713
88.5 0.0001283686
89.5 0.0001306659
90.5 0.0001329632
91.5 0.0001352975
92.5 0.000137685
93.5 0.0001400726
94.5 0.0001424601
95.5 0.0001448476
96.5 0.0001472351
97.5 0.0001496226
98.5 0.0001520101
99.5 0.0001543976
100.5 0.0001567851
101.5 0.0001592
102.5 0.0001616542
103.5 0.0001641084
104.5 0.0001665626
105.5 0.0001690168
106.5 0.000171471
107.5 0.0001739253
108.5 0.0001763795
109.5 0.0001788337
110.5 0.0001812879
111.5 0.0001837611
112.5 0.0001862617
113.5 0.0001887624
114.5 0.000191263
115.5 0.0001937636
116.5 0.0001962642
117.5 0.0001987648
118.5 0.0002012654
119.5 0.000203766
120.5 0.0002062666
121.5 0.0002087788
122.5 0.0002113076
123.5 0.0002138364
124.5 0.0002163653
125.5 0.0002188941
126.5 0.0002214229
127.5 0.0002239517
128.5 0.0002264805
129.5 0.0002290093
130.5 0.0002315381
131.5 0.0002340722
132.5 0.0002366138
133.5 0.0002391554
134.5 0.000241697
135.5 0.0002442386
136.5 0.0002467802
137.5 0.0002493219
138.5 0.0002518635
139.5 0.0002544051
140.5 0.0002569467
141.5 0.000259488
142.5 0.0002620289
143.5 0.0002645698
144.5 0.0002671108
145.5 0.0002696517
146.5 0.0002721926
147.5 0.0002747335
148.5 0.0002772744
149.5 0.0002798153
150.5 0.0002823562
151.5 0.0002848921
152.5 0.0002874209
153.5 0.0002899496
154.5 0.0002924783
155.5 0.000295007
156.5 0.0002975357
157.5 0.0003000644
158.5 0.0003025931
159.5 0.0003051218
160.5 0.0003076506
161.5 0.0003101702
162.5 0.0003126768
163.5 0.0003151834
164.5 0.00031769
165.5 0.0003201967
166.5 0.0003227033
167.5 0.0003252099
168.5 0.0003277165
169.5 0.0003302231
170.5 0.0003327297
171.5 0.0003352238
172.5 0.0003376999
173.5 0.000340176
174.5 0.0003426522
175.5 0.0003451283
176.5 0.0003476044
177.5 0.0003500805
178.5 0.0003525566
179.5 0.0003550327
180.5 0.0003575088
181.5 0.0003599696
182.5 0.0003624083
183.5 0.000364847
184.5 0.0003672857
185.5 0.0003697245
186.5 0.0003721632
187.5 0.0003746019
188.5 0.0003770406
189.5 0.0003794793
190.5 0.000381918
191.5 0.0003843391
192.5 0.0003867347
193.5 0.0003891303
194.5 0.0003915259
195.5 0.0003939215
196.5 0.0003963171
197.5 0.0003987127
198.5 0.0004011083
199.5 0.0004035039
200.5 0.0004058996
201.5 0.0004082755
202.5 0.0004106232
203.5 0.0004129709
204.5 0.0004153187
205.5 0.0004176664
206.5 0.0004200141
207.5 0.0004223618
208.5 0.0004247095
209.5 0.0004270572
210.5 0.0004294049
211.5 0.0004317315
212.5 0.0004340277
213.5 0.0004363239
214.5 0.0004386202
215.5 0.0004409164
216.5 0.0004432126
217.5 0.0004455088
218.5 0.000447805
219.5 0.0004501012
220.5 0.0004523974
221.5 0.0004546712
222.5 0.0004569129
223.5 0.0004591545
224.5 0.0004613961
225.5 0.0004636377
226.5 0.0004658793
227.5 0.0004681209
228.5 0.0004703625
229.5 0.0004726041
230.5 0.0004748457
231.5 0.0004770641
232.5 0.0004792489
233.5 0.0004814337
234.5 0.0004836185
235.5 0.0004858033
236.5 0.0004879881
237.5 0.0004901729
238.5 0.0004923577
239.5 0.0004945426
240.5 0.0004967274
241.5 0.0004988883
242.5 0.0005010149
243.5 0.0005031415
244.5 0.0005052681
245.5 0.0005073948
246.5 0.0005095214
247.5 0.000511648
248.5 0.0005137746
249.5 0.0005159012
250.5 0.0005180278
251.5 0.0005201301
252.5 0.0005221973
253.5 0.0005242645
254.5 0.0005263317
255.5 0.0005283989
256.5 0.0005304661
257.5 0.0005325333
258.5 0.0005346005
259.5 0.0005366677
260.5 0.000538735
261.5 0.0005407776
262.5 0.0005427849
263.5 0.0005447922
264.5 0.0005467995
265.5 0.0005488068
266.5 0.0005508142
267.5 0.0005528215
268.5 0.0005548288
269.5 0.0005568361
270.5 0.0005588434
271.5 0.0005608261
272.5 0.0005627733
273.5 0.0005647205
274.5 0.0005666677
275.5 0.0005686149
276.5 0.0005705621
277.5 0.0005725093
278.5 0.0005744565
279.5 0.0005764037
280.5 0.0005783509
281.5 0.0005802735
282.5 0.0005821606
283.5 0.0005840477
284.5 0.0005859348
285.5 0.0005878219
286.5 0.0005897091
287.5 0.0005915962
288.5 0.0005934833
289.5 0.0005953704
290.5 0.0005972575
291.5 0.0005991202
292.5 0.0006009477
293.5 0.0006027752
294.5 0.0006046027
295.5 0.0006064302
296.5 0.0006082577
297.5 0.0006100852
298.5 0.0006119127
299.5 0.0006137402
300.5 0.0006155677
301.5 0.000617371
302.5 0.0006191394
303.5 0.0006209078
304.5 0.0006226762
305.5 0.0006244447
306.5 0.0006262131
307.5 0.0006279815
308.5 0.0006297499
309.5 0.0006315183
310.5 0.0006332867
311.5 0.0006350313
312.5 0.0006367416
313.5 0.0006384519
314.5 0.0006401622
315.5 0.0006418725
316.5 0.0006435828
317.5 0.0006452931
318.5 0.0006470034
319.5 0.0006487138
320.5 0.0006504241
321.5 0.0006521108
322.5 0.0006537637
323.5 0.0006554167
324.5 0.0006570696
325.5 0.0006587225
326.5 0.0006603754
327.5 0.0006620283
328.5 0.0006636812
329.5 0.0006653341
330.5 0.000666987
331.5 0.0006686168
332.5 0.0006702134
333.5 0.00067181
334.5 0.0006734067
335.5 0.0006750033
336.5 0.0006765999
337.5 0.0006781965
338.5 0.0006797931
339.5 0.0006813897
340.5 0.0006829863
341.5 0.0006845603
342.5 0.0006861018
343.5 0.0006876433
344.5 0.0006891848
345.5 0.0006907263
346.5 0.0006922679
347.5 0.0006938094
348.5 0.0006953509
349.5 0.0006968924
350.5 0.0006984339
351.5 0.0006999532
352.5 0.0007014406
353.5 0.000702928
354.5 0.0007044154
355.5 0.0007059028
356.5 0.0007073902
357.5 0.0007088777
358.5 0.0007103651
359.5 0.0007118525
360.5 0.0007133399
361.5 0.0007148056
362.5 0.00071624
363.5 0.0007176744
364.5 0.0007191088
365.5 0.0007205432
366.5 0.0007219776
367.5 0.000723412
368.5 0.0007248464
369.5 0.0007262808
370.5 0.0007277152
371.5 0.0007291285
372.5 0.0007305113
373.5 0.0007318941
374.5 0.0007332769
375.5 0.0007346597
376.5 0.0007360425
377.5 0.0007374253
378.5 0.0007388081
379.5 0.0007401909
380.5 0.0007415737
381.5 0.0007429358
382.5 0.000744268
383.5 0.0007456002
384.5 0.0007469324
385.5 0.0007482646
386.5 0.0007495968
387.5 0.000750929
388.5 0.0007522612
389.5 0.0007535934
390.5 0.0007549256
391.5 0.0007562376
392.5 0.0007575203
393.5 0.000758803
394.5 0.0007600857
395.5 0.0007613684
396.5 0.0007626511
397.5 0.0007639338
398.5 0.0007652165
399.5 0.0007664992
400.5 0.0007677819
401.5 0.0007690449
402.5 0.0007702794
403.5 0.0007715139
404.5 0.0007727484
405.5 0.0007739829
406.5 0.0007752174
407.5 0.0007764519
408.5 0.0007776864
409.5 0.0007789209
410.5 0.0007801554
411.5 0.0007813705
412.5 0.0007825576
413.5 0.0007837447
414.5 0.0007849318
415.5 0.0007861189
416.5 0.000787306
417.5 0.0007884931
418.5 0.0007896802
419.5 0.0007908673
420.5 0.0007920544
421.5 0.0007932226
422.5 0.0007943635
423.5 0.0007955044
424.5 0.0007966453
425.5 0.0007977862
426.5 0.0007989271
427.5 0.000800068
428.5 0.0008012089
429.5 0.0008023498
430.5 0.0008034907
431.5 0.0008046131
432.5 0.0008057087
433.5 0.0008068043
434.5 0.0008078999
435.5 0.0008089955
436.5 0.0008100911
437.5 0.0008111867
438.5 0.0008122823
439.5 0.0008133779
440.5 0.0008144735
441.5 0.0008155509
442.5 0.0008166021
443.5 0.0008176533
444.5 0.0008187045
445.5 0.0008197557
446.5 0.000820807
447.5 0.0008218582
448.5 0.0008229094
449.5 0.0008239606
450.5 0.0008250118
451.5 0.0008260451
452.5 0.0008270527
453.5 0.0008280603
454.5 0.0008290679
455.5 0.0008300755
456.5 0.0008310831
457.5 0.0008320907
458.5 0.0008330983
459.5 0.0008341059
460.5 0.0008351135
461.5 0.0008361036
462.5 0.0008370685
463.5 0.0008380335
464.5 0.0008389984
465.5 0.0008399633
466.5 0.0008409282
467.5 0.0008418931
468.5 0.000842858
469.5 0.0008438229
470.5 0.0008447878
471.5 0.0008457354
472.5 0.0008466582
473.5 0.000847581
474.5 0.0008485038
475.5 0.0008494266
476.5 0.0008503495
477.5 0.0008512723
478.5 0.0008521951
479.5 0.0008531179
480.5 0.0008540407
481.5 0.0008549465
482.5 0.0008558279
483.5 0.0008567093
484.5 0.0008575907
485.5 0.0008584721
486.5 0.0008593535
487.5 0.0008602349
488.5 0.0008611163
489.5 0.0008619977
490.5 0.0008628791
491.5 0.0008637438
492.5 0.0008645844
493.5 0.000865425
494.5 0.0008662656
495.5 0.0008671062
496.5 0.0008679468
497.5 0.0008687874
498.5 0.000869628
499.5 0.0008704686
500.5 0.0008713092
501.5 0.0008721334
502.5 0.0008729339
503.5 0.0008737344
504.5 0.0008745349
505.5 0.0008753354
506.5 0.0008761359
507.5 0.0008769364
508.5 0.0008777369
509.5 0.0008785374
510.5 0.0008793379
511.5 0.0008801221
512.5 0.0008808828
513.5 0.0008816435
514.5 0.0008824042
515.5 0.0008831649
516.5 0.0008839257
517.5 0.0008846864
518.5 0.0008854471
519.5 0.0008862078
520.5 0.0008869685
521.5 0.0008877131
522.5 0.0008884346
523.5 0.0008891561
524.5 0.0008898776
525.5 0.0008905991
526.5 0.0008913206
527.5 0.0008920421
528.5 0.0008927636
529.5 0.0008934851
530.5 0.0008942066
531.5 0.0008949122
532.5 0.0008955948
533.5 0.0008962774
534.5 0.00089696
535.5 0.0008976426
536.5 0.0008983252
537.5 0.0008990078
538.5 0.0008996904
539.5 0.000900373
540.5 0.0009010556
541.5 0.0009017224
542.5 0.0009023665
543.5 0.0009030106
544.5 0.0009036547
545.5 0.0009042988
546.5 0.0009049429
547.5 0.0009055871
548.5 0.0009062312
549.5 0.0009068753
550.5 0.0009075194
551.5 0.0009081478
552.5 0.0009087538
553.5 0.0009093598
554.5 0.0009099659
555.5 0.0009105719
556.5 0.0009111779
557.5 0.0009117839
558.5 0.0009123899
559.5 0.0009129959
560.5 0.0009136019
561.5 0.0009141923
562.5 0.0009147604
563.5 0.0009153285
564.5 0.0009158966
565.5 0.0009164647
566.5 0.0009170328
567.5 0.0009176009
568.5 0.0009181691
569.5 0.0009187372
570.5 0.0009193053
571.5 0.000919858
572.5 0.0009203886
573.5 0.0009209192
574.5 0.0009214498
575.5 0.0009219804
576.5 0.000922511
577.5 0.0009230416
578.5 0.0009235722
579.5 0.0009241028
580.5 0.0009246334
581.5 0.0009251486
582.5 0.0009256417
583.5 0.0009261348
584.5 0.0009266279
585.5 0.000927121
586.5 0.0009276141
587.5 0.0009281072
588.5 0.0009286004
589.5 0.0009290935
590.5 0.0009295866
591.5 0.0009300644
592.5 0.0009305203
593.5 0.0009309762
594.5 0.0009314321
595.5 0.000931888
596.5 0.0009323439
597.5 0.0009327998
598.5 0.0009332557
599.5 0.0009337116
600.5 0.0009341675
601.5 0.0009346083
602.5 0.0009350273
603.5 0.0009354463
604.5 0.0009358653
605.5 0.0009362843
606.5 0.0009367033
607.5 0.0009371223
608.5 0.0009375413
609.5 0.0009379603
610.5 0.0009383793
611.5 0.0009387832
612.5 0.0009391653
613.5 0.0009395474
614.5 0.0009399295
615.5 0.0009403116
616.5 0.0009406937
617.5 0.0009410758
618.5 0.0009414579
619.5 0.00094184
620.5 0.0009422221
621.5 0.0009425892
622.5 0.0009429346
623.5 0.00094328
624.5 0.0009436254
625.5 0.0009439708
626.5 0.0009443162
627.5 0.0009446616
628.5 0.000945007
629.5 0.0009453524
630.5 0.0009456978
631.5 0.0009460282
632.5 0.000946337
633.5 0.0009466458
634.5 0.0009469546
635.5 0.0009472634
636.5 0.0009475722
637.5 0.000947881
638.5 0.0009481898
639.5 0.0009484986
640.5 0.0009488074
641.5 0.0009491013
642.5 0.0009493737
643.5 0.0009496461
644.5 0.0009499185
645.5 0.0009501909
646.5 0.0009504633
647.5 0.0009507357
648.5 0.0009510081
649.5 0.0009512805
650.5 0.0009515529
651.5 0.0009518104
652.5 0.0009520465
653.5 0.0009522826
654.5 0.0009525187
655.5 0.0009527548
656.5 0.0009529909
657.5 0.000953227
658.5 0.0009534631
659.5 0.0009536992
660.5 0.0009539353
661.5 0.0009541565
662.5 0.0009543563
663.5 0.0009545561
664.5 0.0009547559
665.5 0.0009549557
666.5 0.0009551555
667.5 0.0009553553
668.5 0.0009555551
669.5 0.0009557549
670.5 0.0009559547
671.5 0.0009561397
672.5 0.0009563033
673.5 0.0009564669
674.5 0.0009566305
675.5 0.0009567941
676.5 0.0009569577
677.5 0.0009571213
678.5 0.0009572849
679.5 0.0009574485
680.5 0.0009576121
681.5 0.0009577609
682.5 0.0009578885
683.5 0.0009580161
684.5 0.0009581437
685.5 0.0009582713
686.5 0.0009583989
687.5 0.0009585265
688.5 0.0009586541
689.5 0.0009587817
690.5 0.0009589093
691.5 0.0009590221
692.5 0.0009591136
693.5 0.0009592051
694.5 0.0009592966
695.5 0.0009593881
696.5 0.0009594796
697.5 0.0009595711
698.5 0.0009596626
699.5 0.0009597541
700.5 0.0009598456
701.5 0.0009599225
702.5 0.0009599782
703.5 0.0009600339
704.5 0.0009600896
705.5 0.0009601453
706.5 0.000960201
707.5 0.0009602567
708.5 0.0009603124
709.5 0.0009603681
710.5 0.0009604238
711.5 0.0009604648
712.5 0.0009604846
713.5 0.0009605044
714.5 0.0009605242
715.5 0.000960544
716.5 0.0009605638
717.5 0.0009605836
718.5 0.0009606034
719.5 0.0009606232
720.5 0.000960643
721.5 0.0009606481
722.5 0.0009606321
723.5 0.0009606161
724.5 0.0009606001
725.5 0.0009605841
726.5 0.0009605681
727.5 0.0009605521
728.5 0.0009605361
729.5 0.0009605201
730.5 0.0009605041
731.5 0.0009604735
732.5 0.0009604219
733.5 0.0009603703
734.5 0.0009603187
735.5 0.0009602671
736.5 0.0009602155
737.5 0.0009601639
738.5 0.0009601123
739.5 0.0009600607
740.5 0.0009600091
741.5 0.0009599429
742.5 0.0009598557
743.5 0.0009597685
744.5 0.0009596813
745.5 0.0009595941
746.5 0.0009595069
747.5 0.0009594197
748.5 0.0009593325
749.5 0.0009592453
750.5 0.0009591581
751.5 0.0009590563
752.5 0.0009589336
753.5 0.0009588109
754.5 0.0009586882
755.5 0.0009585655
756.5 0.0009584428
757.5 0.0009583201
758.5 0.0009581974
759.5 0.0009580747
760.5 0.000957952
761.5 0.0009578148
762.5 0.0009576566
763.5 0.0009574984
764.5 0.0009573402
765.5 0.000957182
766.5 0.0009570238
767.5 0.0009568656
768.5 0.0009567074
769.5 0.0009565492
770.5 0.000956391
771.5 0.0009562182
772.5 0.0009560246
773.5 0.000955831
774.5 0.0009556374
775.5 0.0009554438
776.5 0.0009552502
777.5 0.0009550566
778.5 0.000954863
779.5 0.0009546694
780.5 0.0009544758
781.5 0.0009542678
782.5 0.000954039
783.5 0.0009538102
784.5 0.0009535814
785.5 0.0009533526
786.5 0.0009531238
787.5 0.000952895
788.5 0.0009526662
789.5 0.0009524374
790.5 0.0009522086
791.5 0.0009519654
792.5 0.0009517014
793.5 0.0009514374
794.5 0.0009511733
795.5 0.0009509093
796.5 0.0009506453
797.5 0.0009503813
798.5 0.0009501173
799.5 0.0009498533
800.5 0.0009495893
801.5 0.0009493109
802.5 0.0009490117
803.5 0.0009487125
804.5 0.0009484133
805.5 0.0009481141
806.5 0.0009478149
807.5 0.0009475157
808.5 0.0009472165
809.5 0.0009469173
810.5 0.0009466181
811.5 0.0009463046
812.5 0.0009459706
813.5 0.0009456366
814.5 0.0009453026
815.5 0.0009449686
816.5 0.0009446346
817.5 0.0009443006
818.5 0.0009439666
819.5 0.0009436326
820.5 0.0009432986
821.5 0.0009429503
822.5 0.0009425813
823.5 0.0009422123
824.5 0.0009418433
825.5 0.0009414743
826.5 0.0009411053
827.5 0.0009407362
828.5 0.0009403672
829.5 0.0009399982
830.5 0.0009396292
831.5 0.0009392459
832.5 0.000938842
833.5 0.0009384381
834.5 0.0009380342
835.5 0.0009376303
836.5 0.0009372264
837.5 0.0009368225
838.5 0.0009364186
839.5 0.0009360147
840.5 0.0009356108
841.5 0.0009351927
842.5 0.0009347542
843.5 0.0009343157
844.5 0.0009338772
845.5 0.0009334387
846.5 0.0009330002
847.5 0.0009325617
848.5 0.0009321232
849.5 0.0009316847
850.5 0.0009312462
851.5 0.0009307935
852.5 0.0009303204
853.5 0.0009298473
854.5 0.0009293742
855.5 0.0009289011
856.5 0.000928428
857.5 0.0009279549
858.5 0.0009274818
859.5 0.0009270087
860.5 0.0009265356
861.5 0.0009260484
862.5 0.0009255409
863.5 0.0009250334
864.5 0.0009245259
865.5 0.0009240184
866.5 0.0009235109
867.5 0.0009230034
868.5 0.0009224959
869.5 0.0009219884
870.5 0.0009214809
871.5 0.0009209592
872.5 0.0009204172
873.5 0.0009198752
874.5 0.0009193332
875.5 0.0009187912
876.5 0.0009182492
877.5 0.0009177072
878.5 0.0009171652
879.5 0.0009166232
880.5 0.0009160812
881.5 0.0009155252
882.5 0.000914949
883.5 0.0009143728
884.5 0.0009137966
885.5 0.0009132204
886.5 0.0009126442
887.5 0.000912068
888.5 0.0009114918
889.5 0.0009109156
890.5 0.0009103394
891.5 0.0009097491
892.5 0.0009091387
893.5 0.0009085283
894.5 0.0009079179
895.5 0.0009073075
896.5 0.0009066971
897.5 0.0009060867
898.5 0.0009054763
899.5 0.0009048659
900.5 0.0009042555
901.5 0.0009036312
902.5 0.0009029869
903.5 0.0009023426
904.5 0.0009016983
905.5 0.000901054
906.5 0.0009004097
907.5 0.0008997654
908.5 0.0008991211
909.5 0.0008984768
910.5 0.0008978325
911.5 0.0008971743
912.5 0.0008964961
913.5 0.0008958179
914.5 0.0008951397
915.5 0.0008944615
916.5 0.0008937833
917.5 0.000893105
918.5 0.0008924268
919.5 0.0008917486
920.5 0.0008910704
921.5 0.0008903784
922.5 0.0008896665
923.5 0.0008889546
924.5 0.0008882427
925.5 0.0008875308
926.5 0.0008868189
927.5 0.000886107
928.5 0.0008853951
929.5 0.0008846832
930.5 0.0008839713
931.5 0.0008832456
932.5 0.0008825001
933.5 0.0008817546
934.5 0.0008810091
935.5 0.0008802636
936.5 0.0008795181
937.5 0.0008787726
938.5 0.0008780271
939.5 0.0008772816
940.5 0.0008765361
941.5 0.0008757769
942.5 0.000874998
943.5 0.0008742191
944.5 0.0008734402
945.5 0.0008726613
946.5 0.0008718824
947.5 0.0008711035
948.5 0.0008703246
949.5 0.0008695456
950.5 0.0008687667
951.5 0.0008679741
952.5 0.0008671618
953.5 0.0008663495
954.5 0.0008655372
955.5 0.0008647249
956.5 0.0008639126
957.5 0.0008631003
958.5 0.000862288
959.5 0.0008614757
960.5 0.0008606634
961.5 0.0008598376
962.5 0.0008589923
963.5 0.000858147
964.5 0.0008573017
965.5 0.0008564564
966.5 0.0008556111
967.5 0.0008547658
968.5 0.0008539204
969.5 0.0008530751
970.5 0.0008522298
971.5 0.000851371
972.5 0.0008504927
973.5 0.0008496144
974.5 0.0008487361
975.5 0.0008478578
976.5 0.0008469795
977.5 0.0008461012
978.5 0.0008452229
979.5 0.0008443446
980.5 0.0008434663
981.5 0.0008425745
982.5 0.0008416634
983.5 0.0008407523
984.5 0.0008398412
985.5 0.0008389301
986.5 0.000838019
987.5 0.0008371079
988.5 0.0008361968
989.5 0.0008352857
990.5 0.0008343746
991.5 0.0008334501
992.5 0.0008325064
993.5 0.0008315627
994.5 0.000830619
995.5 0.0008296753
996.5 0.0008287316
997.5 0.0008277879
998.5 0.0008268442
999.5 0.0008259005
1000.5 0.0008249568
1001.5 0.0008239998
1002.5 0.0008230237
1003.5 0.0008220476
1004.5 0.0008210715
1005.5 0.0008200954
1006.5 0.0008191193
1007.5 0.0008181431
1008.5 0.000817167
1009.5 0.0008161909
1010.5 0.0008152148
1011.5 0.0008142255
1012.5 0.0008132172
1013.5 0.0008122089
1014.5 0.0008112006
1015.5 0.0008101923
1016.5 0.000809184
1017.5 0.0008081757
1018.5 0.0008071674
1019.5 0.0008061591
1020.5 0.0008051508
1021.5 0.0008041293
1022.5 0.0008030889
1023.5 0.0008020485
1024.5 0.0008010081
1025.5 0.0007999677
1026.5 0.0007989273
1027.5 0.0007978869
1028.5 0.0007968465
1029.5 0.0007958061
1030.5 0.0007947657
1031.5 0.0007937122
1032.5 0.0007926399
1033.5 0.0007915676
1034.5 0.0007904953
1035.5 0.000789423
1036.5 0.0007883507
1037.5 0.0007872784
1038.5 0.0007862061
1039.5 0.0007851337
1040.5 0.0007840614
1041.5 0.0007829761
1042.5 0.0007818721
1043.5 0.0007807681
1044.5 0.0007796641
1045.5 0.0007785601
1046.5 0.0007774561
1047.5 0.0007763521
1048.5 0.0007752481
1049.5 0.0007741441
1050.5 0.0007730401
1051.5 0.0007719232
1052.5 0.0007707877
1053.5 0.0007696522
1054.5 0.0007685167
1055.5 0.0007673811
1056.5 0.0007662456
1057.5 0.0007651101
1058.5 0.0007639746
1059.5 0.0007628391
1060.5 0.0007617036
1061.5 0.0007605552
1062.5 0.0007593883
1063.5 0.0007582214
1064.5 0.0007570545
1065.5 0.0007558876
1066.5 0.0007547207
1067.5 0.0007535538
1068.5 0.0007523869
1069.5 0.00075122
1070.5 0.0007500531
1071.5 0.0007488734
1072.5 0.0007476753
1073.5 0.0007464772
1074.5 0.0007452791
1075.5 0.000744081
1076.5 0.0007428829
1077.5 0.0007416848
1078.5 0.0007404867
1079.5 0.0007392885
1080.5 0.0007380904
1081.5 0.0007368796
1082.5 0.0007356504
1083.5 0.0007344212
1084.5 0.000733192
1085.5 0.0007319628
1086.5 0.0007307336
1087.5 0.0007295043
1088.5 0.0007282751
1089.5 0.0007270459
1090.5 0.0007258167
1091.5 0.0007245748
1092.5 0.0007233146
1093.5 0.0007220544
1094.5 0.0007207942
1095.5 0.000719534
1096.5 0.0007182738
1097.5 0.0007170136
1098.5 0.0007157534
1099.5 0.0007144932
1100.5 0.000713233
1101.5 0.00071196
1102.5 0.0007106688
1103.5 0.0007093776
1104.5 0.0007080864
1105.5 0.0007067952
1106.5 0.000705504
1107.5 0.0007042128
1108.5 0.0007029216
1109.5 0.0007016304
1110.5 0.0007003392
1111.5 0.0006990353
1112.5 0.0006977132
1113.5 0.0006963911
1114.5 0.000695069
1115.5 0.0006937469
1116.5 0.0006924248
1117.5 0.0006911027
1118.5 0.0006897806
1119.5 0.0006884585
1120.5 0.0006871364
1121.5 0.0006858015
1122.5 0.0006844483
1123.5 0.0006830951
1124.5 0.0006817419
1125.5 0.0006803887
1126.5 0.0006790355
1127.5 0.0006776823
1128.5 0.0006763291
1129.5 0.0006749758
1130.5 0.0006736226
1131.5 0.0006722567
1132.5 0.0006708724
1133.5 0.0006694881
1134.5 0.0006681038
1135.5 0.0006667195
1136.5 0.0006653351
1137.5 0.0006639508
1138.5 0.0006625665
1139.5 0.0006611822
1140.5 0.0006597979
1141.5 0.0006584007
1142.5 0.000656985
1143.5 0.0006555693
1144.5 0.0006541536
1145.5 0.0006527379
1146.5 0.0006513222
1147.5 0.0006499065
1148.5 0.0006484908
1149.5 0.0006470751
1150.5 0.0006456594
1151.5 0.0006442307
1152.5 0.0006427833
1153.5 0.0006413359
1154.5 0.0006398885
1155.5 0.000638441
1156.5 0.0006369936
1157.5 0.0006355462
1158.5 0.0006340988
1159.5 0.0006326514
1160.5 0.000631204
1161.5 0.0006297434
1162.5 0.0006282637
1163.5 0.0006267839
1164.5 0.0006253042
1165.5 0.0006238245
1166.5 0.0006223448
1167.5 0.0006208651
1168.5 0.0006193854
1169.5 0.0006179057
1170.5 0.000616426
1171.5 0.0006149328
1172.5 0.0006134203
1173.5 0.0006119078
1174.5 0.0006103953
1175.5 0.0006088828
1176.5 0.0006073703
1177.5 0.0006058578
1178.5 0.0006043453
1179.5 0.0006028328
1180.5 0.0006013203
1181.5 0.000599794
1182.5 0.0005982477
1183.5 0.0005967015
1184.5 0.0005951553
1185.5 0.0005936091
1186.5 0.0005920629
1187.5 0.0005905167
1188.5 0.0005889705
1189.5 0.0005874243
1190.5 0.0005858781
1191.5 0.0005843176
1192.5 0.0005827366
1193.5 0.0005811556
1194.5 0.0005795746
1195.5 0.0005779936
1196.5 0.0005764126
1197.5 0.0005748316
1198.5 0.0005732506
1199.5 0.0005716695
1200.5 0.0005700885
1201.5 0.0005684928
1202.5 0.0005668758
1203.5 0.0005652588
1204.5 0.0005636417
1205.5 0.0005620247
1206.5 0.0005604077
1207.5 0.0005587907
1208.5 0.0005571737
1209.5 0.0005555567
1210.5 0.0005539397
1211.5 0.0005523072
1212.5 0.0005506525
1213.5 0.0005489978
1214.5 0.0005473431
1215.5 0.0005456884
1216.5 0.0005440337
1217.5 0.000542379
1218.5 0.0005407243
1219.5 0.0005390696
1220.5 0.0005374149
1221.5 0.000535744
1222.5 0.00053405
1223.5 0.000532356
1224.5 0.000530662
1225.5 0.000528968
1226.5 0.000527274
1227.5 0.00052558
1228.5 0.000523886
1229.5 0.000522192
1230.5 0.000520498
1231.5 0.0005187871
1232.5 0.0005170519
1233.5 0.0005153167
1234.5 0.0005135814
1235.5 0.0005118462
1236.5 0.000510111
1237.5 0.0005083758
1238.5 0.0005066406
1239.5 0.0005049054
1240.5 0.0005031702
1241.5 0.0005014175
1242.5 0.0004996397
1243.5 0.0004978619
1244.5 0.0004960841
1245.5 0.0004943063
1246.5 0.0004925285
1247.5 0.0004907507
1248.5 0.0004889729
1249.5 0.0004871951
1250.5 0.0004854172
1251.5 0.0004836218
1252.5 0.0004818011
1253.5 0.0004799804
1254.5 0.0004781597
1255.5 0.000476339
1256.5 0.0004745183
1257.5 0.0004726976
1258.5 0.0004708769
1259.5 0.0004690562
1260.5 0.0004672355
1261.5 0.0004653988
1262.5 0.0004635391
1263.5 0.0004616794
1264.5 0.0004598196
1265.5 0.0004579599
1266.5 0.0004561002
1267.5 0.0004542405
1268.5 0.0004523808
1269.5 0.0004505211
1270.5 0.0004486614
1271.5 0.0004467919
1272.5 0.0004449083
1273.5 0.0004430247
1274.5 0.0004411411
1275.5 0.0004392574
1276.5 0.0004373738
1277.5 0.0004354902
1278.5 0.0004336066
1279.5 0.000431723
1280.5 0.0004298394
1281.5 0.0004279662
1282.5 0.0004261081
1283.5 0.00042425
1284.5 0.0004223919
1285.5 0.0004205338
1286.5 0.0004186757
1287.5 0.0004168176
1288.5 0.0004149595
1289.5 0.0004131014
1290.5 0.0004112433
1291.5 0.0004094656
1292.5 0.0004078035
1293.5 0.0004061415
1294.5 0.0004044795
1295.5 0.0004028175
1296.5 0.0004011555
1297.5 0.0003994935
1298.5 0.0003978315
1299.5 0.0003961695
1300.5 0.0003945075
1301.5 0.0003931351
1302.5 0.0003921794
1303.5 0.0003912237
1304.5 0.0003902679
1305.5 0.0003893122
1306.5 0.0003883565
1307.5 0.0003874008
1308.5 0.0003864451
1309.5 0.0003854894
1310.5 0.0003845337
1311.5 0
1312.5 0
1313.5 0
1314.5 0
1315.5 0
1316.5 0
1317.5 0
1318.5 0
1319.5 0
1320.5 0
1321.5 0
1322.5 0
1323.5 0
1324.5 0
1325.5 0
1326.5 0
1327.5 0
1328.5 0
1329.5 0
1330.5 0
1331.5 0
1332.5 0
1333.5 0
1334.5 0
1335.5 0
1336.5 0
1337.5 0
1338.5 0
1339.5 0
1340.5 0
1341.5 0
1342.5 0
1343.5 0
1344.5 0
1345.5 0
1346.5 0
1347.5 0
1348.5 0
1349.5 0
1350.5 0
1351.5 0
1352.5 0
1353.5 0
1354.5 0
1355.5 0
1356.5 0
1357.5 0
1358.5 0
1359.5 0
1360.5 0
1361.5 0
1362.5 0
1363.5 0
1364.5 0
1365.5 0
1366.5 0
1367.5 0
1368.5 0
1369.5 0
1370.5 0
1371.5 0
1372.5 0
1373.5 0
1374.5 0
1375.5 0
1376.5 0
1377.5 0
1378.5 0
1379.5 0
1380.5 0
1381.5 0
1382.5 0
1383.5 0
1384.5 0
1385.5 0
1386.5 0
1387.5 0
1388.5 0
1389.5 0
1390.5 0
1391.5 0
1392.5 0
1393.5 0
1394.5 0
1395.5 0
1396.5 0
1397.5 0
1398.5 0
1399.5 0
1400.5 0
1401.5 0
1402.5 0
1403.5 0
1404.5 0
1405.5 0
1406.5 0
1407.5 0
1408.5 0
1409.5 0
1410.5 0
1411.5 0
1412.5 0
1413.5 0
1414.5 0
1415.5 0
1416.5 0
1417.5 0
1418.5 0
1419.5 0
1420.5 0
1421.5 0
1422.5 0
1423.5 0
1424.5 0
1425.5 0
1426.5 0
1427.5 0
1428.5 0
1429.5 0
1430.5 0
1431.5 0
1432.5 0
1433.5 0
1434.5 0
1435.5 0
1436.5 0
1437.5 0
1438.5 0
1439.5 0
1440.5 0
1441.5 0
1442.5 0
1443.5 0
1444.5 0
1445.5 0
1446.5 0
1447.5 0
1448.5 0
1449.5 0
1450.5 0
1451.5 0
1452.5 0
1453.5 0
1454.5 0
1455.5 0
1456.5 0
1457.5 0
1458.5 0
1459.5 0
1460.5 0
1461.5 0
1462.5 0
1463.5 0
1464.5 0
1465.5 0
1466.5 0
1467.5 0
1468.5 0
1469.5 0
1470.5 0
1471.5 0
1472.5 0
1473.5 0
1474.5 0
1475.5 0
1476.5 0
1477.5 0
1478.5 0
1479.5 0
1480.5 0
1481.5 0
1482.5 0
1483.5 0
1484.5 0
1485.5 0
1486.5 0
1487.5 0
1488.5 0
1489.5 0
1490.5 0
1491.5 0
1492.5 0
1493.5 0
1494.5 0
1495.5 0
1496.5 0
1497.5 0
1498.5 0
1499.5 0
1500.5 0
1501.5 0
1502.5 0
1503.5 0
1504.5 0
1505.5 0
1506.5 0
1507.5 0
1508.5 0
1509.5 0
1510.5 0
1511.5 0
1512.5 0
1513.5 0
1514.5 0
1515.5 0
1516.5 0
1517.5 0
1518.5 0
1519.5 0
1520.5 0
1521.5 0
1522.5 0
1523.5 0
1524.5 0
1525.5 0
1526.5 0
1527.5 0
1528.5 0
1529.5 0
1530.5 0
1531.5 0
1532.5 0
1533.5 0
1534.5 0
1535.5 0
1536.5 0
1537.5 0
1538.5 0
1539.5 0
1540.5 0
1541.5 0
1542.5 0
1543.5 0
1544.5 0
1545.5 0
1546.5 0
1547.5 0
1548.5 0
1549.5 0
1550.5 0
1551.5 0
1552.5 0
1553.5 0
1554.5 0
1555.5 0
1556.5 0
1557.5 0
1558.5 0
1559.5 0
1560.5 0
1561.5 0
1562.5 0
1563.5 0
1564.5 0
1565.5 0
1566.5 0
1567.5 0
1568.5 0
1569.5 0
1570.5 0
1571.5 0
1572.5 0
1573.5 0
1574.5 0
1575.5 0
1576.5 0
1577.5 0
1578.5 0
1579.5 0
1580.5 0
1581.5 0
1582.5 0
1583.5 0
1584.5 0
1585.5 0
1586.5 0
1587.5 0
1588.5 0
1589.5 0
1590.5 0
1591.5 0
1592.5 0
1593.5 0
1594.5 0
1595.5 0
1596.5 0
1597.5 0
1598.5 0
1599.5 0
1600.5 0
1601.5 0
1602.5 0
1603.5 0
1604.5 0
1605.5 0
1606.5 0
1607.5 0
1608.5 0
1609.5 0
1610.5 0
1611.5 0
1612.5 0
1613.5 0
1614.5 0
1615.5 0
1616.5 0
1617.5 0
1618.5 0
1619.5 0
1620.5 0
1621.5 0
1622.5 0
1623.5 0
1624.5 0
1625.5 0
1626.5 0
1627.5 0
1628.5 0
1629.5 0
1630.5 0
1631.5 0
1632.5 0
1633.5 0
1634.5 0
1635.5 0
1636.5 0
1637.5 0
1638.5 0
1639.5 0
1640.5 0
1641.5 0
1642.5 0
1643.5 0
1644.5 0
1645.5 0
1646.5 0
1647.5 0
1648.5 0
1649.5 0
1650.5 0
1651.5 0
1652.5 0
1653.5 0
1654.5 0
1655.5 0
1656.5 0
1657.5 0
1658.5 0
1659.5 0
1660.5 0
1661.5 0
1662.5 0
1663.5 0
1664.5 0
1665.5 0
1666.5 0
1667.5 0
1668.5 0
1669.5 0
1670.5 0
1671.5 0
1672.5 0
1673.5 0
1674.5 0
1675.5 0
1676.5 0
1677.5 0
1678.5 0
1679.5 0
1680.5 0
1681.5 0
1682.5 0
1683.5 0
1684.5 0
1685.5 0
1686.5 0
1687.5 0
1688.5 0
1689.5 0
1690.5 0
1691.5 0
1692.5 0
1693.5 0
1694.5 0
1695.5 0
1696.5 0
1697.5 0
1698.5 0
1699.5 0
1700.5 0
1701.5 0
1702.5 0
1703.5 0
1704.5 0
1705.5 0
1706.5 0
1707.5 0
1708.5 0
1709.5 0
1710.5 0
1711.5 0
1712.5 0
1713.5 0
1714.5 0
1715.5 0
1716.5 0
1717.5 0
1718.5 0
1719.5 0
1720.5 0
1721.5 0
1722.5 0
1723.5 0
1724.5 0
1725.5 0
1726.5 0
1727.5 0
1728.5 0
1729.5 0
1730.5 0
1731.5 0
1732.5 0
1733.5 0
1734.5 0
1735.5 0
1736.5 0
1737.5 0
1738.5 0
1739.5 0
1740.5 0
1741.5 0
1742.5 0
1743.5 0
1744.5 0
1745.5 0
1746.5 0
1747.5 0
1748.5 0
1749.5 0
1750.5 0
1751.5 0
1752.5 0
1753.5 0
1754.5 0
1755.5 0
1756.5 0
1757.5 0
1758.5 0
1759.5 0
1760.5 0
1761.5 0
1762.5 0
1763.5 0
1764.5 0
1765.5 0
1766.5 0
1767.5 0
1768.5 0
1769.5 0
1770.5 0
1771.5 0
1772.5 0
1773.5 0
1774.5 0
1775.5 0
1776.5 0
1777.5 0
1778.5 0
1779.5 0
1780.5 0
1781.5 0
1782.5 0
1783.5 0
1784.5 0
1785.5 0
1786.5 0
1787.5 0
1788.5 0
1789.5 0
1790.5 0
1791.5 0
1792.5 0
1793.5 0
1794.5 0
1795.5 0
1796.5 0
1797.5 0
1798.5 0
1799.5 0
1800.5 0
1801.5 0
1802.5 0
1803.5 0
1804.5 0
1805.5 0
1806.5 0
1807.5 0
1808.5 0
1809.5 0
1810.5 0
1811.5 0
1812.5 0
1813.5 0
1814.5 0
1815.5 0
1816.5 0
1817.5 0
1818.5 0
1819.5 0
1820.5 0
1821.5 0
1822.5 0
1823.5 0
1824.5 0
1825.5 0
1826.5 0
1827.5 0
1828.5 0
1829.5 0
1830.5 0
1831.5 0
1832.5 0
1833.5 0
1834.5 0
1835.5 0
1836.5 0
1837.5 0
1838.5 0
1839.5 0
1840.5 0
1841.5 0
1842.5 0
1843.5 0
1844.5 0
1845.5 0
1846.5 0
1847.5 0
1848.5 0
1849.5 0
1850.5 0
1851.5 0
1852.5 0
1853.5 0
1854.5 0
1855.5 0
1856.5 0
1857.5 0
1858.5 0
1859.5 0
1860.5 0
1861.5 0
1862.5 0
1863.5 0
1864.5 0
1865.5 0
1866.5 0
1867.5 0
1868.5 0
1869.5 0
1870.5 0
1871.5 0
1872.5 0
1873.5 0
1874.5 0
1875.5 0
1876.5 0
1877.5 0
1878.5 0
1879.5 0
1880.5 0
1881.5 0
1882.5 0
1883.5 0
1884.5 0
1885.5 0
1886.5 0
1887.5 0
1888.5 0
1889.5 0
1890.5 0
1891.5 0
1892.5 0
1893.5 0
1894.5 0
1895.5 0
1896.5 0
1897.5 0
1898.5 0
1899.5 0
1900.5 0
1901.5 0
1902.5 0
1903.5 0
1904.5 0
1905.5 0
1906.5 0
1907.5 0
1908.5 0
1909.5 0
1910.5 0
1911.5 0
1912.5 0
1913.5 0
1914.5 0
1915.5 0
1916.5 0
1917.5 0
1918.5 0
1919.5 0
1920.5 0
1921.5 0
1922.5 0
1923.5 0
1924.5 0
1925.5 0
1926.5 0
1927.5 0
1928.5 0
1929.5 0
1930.5 0
1931.5 0
1932.5 0
1933.5 0
1934.5 0
1935.5 0
1936.5 0
1937.5 0
1938.5 0
1939.5 0
1940.5 0
1941.5 0
1942.5 0
1943.5 0
1944.5 0
1945.5 0
1946.5 0
1947.5 0
1948.5 0
1949.5 0
1950.5 0
1951.5 0
1952.5 0
1953.5 0
1954.5 0
1955.5 0
1956.5 0
1957.5 0
1958.5 0
1959.5 0
1960.5 0
1961.5 0
1962.5 0
1963.5 0
1964.5 0
1965.5 0
1966.5 0
1967.5 0
1968.5 0
1969.5 0
1970.5 0
1971.5 0
1972.5 0
1973.5 0
1974.5 0
1975.5 0
1976.5 0
1977.5 0
1978.5 0
1979.5 0
1980.5 0
1981.5 0
1982.5 0
1983.5 0
1984.5 0
1985.5 0
1986.5 0
1987.5 0
1988.5 0
1989.5 0
1990.5 0
1991.5 0
1992.5 0
1993.5 0
1994.5 0
1995.5 0
1996.5 0
1997.5 0
1998.5 0
1999.5 0
2000.5 0
2001.5 0
2002.5 0
2003.5 0
2004.5 0
2005.5 0
2006.5 0
2007.5 0
2008.5 0
2009.5 0
2010.5 0
2011.5 0
2012.5 0
2013.5 0
2014.5 0
2015.5 0
2016.5 0
2017.5 0
2018.5 0
2019.5 0
2020.5 0
2021.5 0
2022.5 0
2023.5 0
2024.5 0
2025.5 0
2026.5 0
2027.5 0
2028.5 0
2029.5 0
2030.5 0
2031.5 0
2032.5 0
2033.5 0
2034.5 0
2035.5 0
2036.5 0
2037.5 0
2038.5 0
2039.5 0
2040.5 0
2041.5 0
2042.5 0
2043.5 0
2044.5 0
2045.5 0
2046.5 0
2047.5 0
2048.5 0
2049.5 0
2050.5 0
2051.5 0
2052.5 0
2053.5 0
2054.5 0
2055.5 0
2056.5 0
2057.5 0
2058.5 0
2059.5 0
2060.5 0
2061.5 0
2062.5 0
2063.5 0
2064.5 0
2065.5 0
2066.5 0
2067.5 0
2068.5 0
2069.5 0
2070.5 0
2071.5 0
2072.5 0
2073.5 0
2074.5 0
2075.5 0
2076.5 0
2077.5 0
2078.5 0
2079.5 0
2080.5 0
2081.5 0
2082.5 0
2083.5 0
2084.5 0
2085.5 0
2086.5 0
2087.5 0
2088.5 0
2089.5 0
2090.5 0
2091.5 0
2092.5 0
2093.5 0
2094.5 0
2095.5 0
2096.5 0
2097.5 0
2098.5 0
2099.5 0
2100.5 0
2101.5 0
2102.5 0
2103.5 0
2104.5 0
2105.5 0
2106.5 0
2107.5 0
2108.5 0
2109.5 0
2110.5 0
2111.5 0
2112.5 0
2113.5 0
2114.5 0
2115.5 0
2116.5 0
2117.5 0
2118.5 0
2119.5 0
2120.5 0
2121.5 0
2122.5 0
2123.5 0
2124.5 0
2125.5 0
2126.5 0
2127.5 0
2128.5 0
2129.5 0
2130.5 0
2131.5 0
2132.5 0
2133.5 0
2134.5 0
2135.5 0
2136.5 0
2137.5 0
2138.5 0
2139.5 0
2140.5 0
2141.5 0
2142.5 0
2143.5 0
2144.5 0
2145.5 0
2146.5 0
2147.5 0
2148.5 0
2149.5 0
2150.5 0
2151.5 0
2152.5 0
2153.5 0
2154.5 0
2155.5 0
2156.5 0
2157.5 0
2158.5 0
2159.5 0
2160.5 0
2161.5 0
2162.5 0
2163.5 0
2164.5 0
2165.5 0
2166.5 0
2167.5 0
2168.5 0
2169.5 0
2170.5 0
2171.5 0
2172.5 0
2173.5 0
2174.5 0
2175.5 0
2176.5 0
2177.5 0
2178.5 0
2179.5 0
2180.5 0
2181.5 0
2182.5 0
2183.5 0
2184.5 0
2185.5 0
2186.5 0
2187.5 0
2188.5 0
2189.5 0
2190.5 0
2191.5 0
2192.5 0
2193.5 0
2194.5 0
2195.5 0
2196.5 0
2197.5 0
2198.5 0
2199.5 0
2200.5 0
2201.5 0
2202.5 0
2203.5 0
2204.5 0
2205.5 0
2206.5 0
2207.5 0
2208.5 0
2209.5 0
2210.5 0
2211.5 0
2212.5 0
2213.5 0
2214.5 0
2215.5 0
2216.5 0
2217.5 0
2218.5 0
2219.5 0
2220.5 0
2221.5 0
2222.5 0
2223.5 0
2224.5 0
2225.5 0
2226.5 0
2227.5 0
2228.5 0
2229.5 0
2230.5 0
2231.5 0
2232.5 0
2233.5 0
2234.5 0
2235.5 0
2236.5 0
2237.5 0
2238.5 0
2239.5 0
2240.5 0
2241.5 0
2242.5 0
2243.5 0
2244.5 0
2245.5 0
2246.5 0
2247.5 0
2248.5 0
2249.5 0
2250.5 0
2251.5 0
2252.5 0
2253.5 0
2254.5 0
2255.5 0
2256.5 0
2257.5 0
2258.5 0
2259.5 0
2260.5 0
2261.5 0
2262.5 0
2263.5 0
2264.5 0
2265.5 0
2266.5 0
2267.5 0
2268.5 0
2269.5 0
2270.5 0
2271.5 0
2272.5 0
2273.5 0
2274.5 0
2275.5 0
2276.5 0
2277.5 0
2278.5 0
2279.5 0
2280.5 0
2281.5 0
2282.5 0
2283.5 0
2284.5 0
2285.5 0
2286.5 0
2287.5 0
2288.5 0
2289.5 0
2290.5 0
2291.5 0
2292.5 0
2293.5 0
2294.5 0
2295.5 0
2296.5 0
2297.5 0
2298.5 0
2299.5 0
2300.5 0
2301.5 0
2302.5 0
2303.5 0
2304.5 0
2305.5 0
2306.5 0
2307.5 0
2308.5 0
2309.5 0
2310.5 0
2311.5 0
2312.5 0
2313.5 0
2314.5 0
2315.5 0
2316.5 0
2317.5 0
2318.5 0
2319.5 0
2320.5 0
2321.5 0
2322.5 0
2323.5 0
2324.5 0
2325.5 0
2326.5 0
2327.5 0
2328.5 0
2329.5 0
2330.5 0
2331.5 0
2332.5 0
2333.5 0
2334.5 0
2335.5 0
2336.5 0
2337.5 0
2338.5 0
2339.5 0
2340.5 0
2341.5 0
2342.5 0
2343.5 0
2344.5 0
2345.5 0
2346.5 0
2347.5 0
2348.5 0
2349.5 0
2350.5 0
2351.5 0
2352.5 0
2353.5 0
2354.5 0
2355.5 0
2356.5 0
2357.5 0
2358.5 0
2359.5 0
2360.5 0
2361.5 0
2362.5 0
2363.5 0
2364.5 0
2365.5 0
2366.5 0
2367.5 0
2368.5 0
2369.5 0
2370.5 0
2371.5 0
2372.5 0
2373.5 0
2374.5 0
2375.5 0
2376.5 0
2377.5 0
2378.5 0
2379.5 0
2380.5 0
2381.5 0
2382.5 0
2383.5 0
2384.5 0
2385.5 0
2386.5 0
2387.5 0
2388.5 0
2389.5 0
2390.5 0
2391.5 0
2392.5 0
2393.5 0
2394.5 0
2395.5 0
2396.5 0
2397.5 0
2398.5 0
2399.5 0
2400.5 0
2401.5 0
2402.5 0
2403.5 0
2404.5 0
2405.5 0
2406.5 0
2407.5 0
2408.5 0
2409.5 0
2410.5 0
2411.5 0
2412.5 0
2413.5 0
2414.5 0
2415.5 0
2416.5 0
2417.5 0
2418.5 0
2419.5 0
2420.5 0
2421.5 0
2422.5 0
2423.5 0
2424.5 0
2425.5 0
2426.5 0
2427.5 0
2428.5 0
2429.5 0
2430.5 0
2431.5 0
2432.5 0
2433.5 0
2434.5 0
2435.5 0
2436.5 0
2437.5 0
2438.5 0
2439.5 0
2440.5 0
2441.5 0
2442.5 0
2443.5 0
2444.5 0
2445.5 0
2446.5 0
2447.5 0
2448.5 0
2449.5 0
2450.5 0
2451.5 0
2452.5 0
2453.5 0
2454.5 0
2455.5 0
2456.5 0
2457.5 0
2458.5 0
2459.5 0
2460.5 0
2461.5 0
2462.5 0
2463.5 0
2464.5 0
2465.5 0
2466.5 0
2467.5 0
2468.5 0
2469.5 0
2470.5 0
2471.5 0
2472.5 0
2473.5 0
2474.5 0
2475.5 0
2476.5 0
2477.5 0
2478.5 0
2479.5 0
2480.5 0
2481.5 0
2482.5 0
2483.5 0
2484.5 0
2485.5 0
2486.5 0
2487.5 0
2488.5 0
2489.5 0
2490.5 0
2491.5 0
2492.5 0
2493.5 0
2494.5 0
2495.5 0
2496.5 0
2497.5 0
2498.5 0
2499.5 0
2500.5 0
2501.5 0
2502.5 0
2503.5 0
2504.5 0
2505.5 0
2506.5 0
2507.5 0
2508.5 0
2509.5 0
2510.5 0
2511.5 0
2512.5 0
2513.5 0
2514.5 0
2515.5 0
2516.5 0
2517.5 0
2518.5 0
2519.5 0
2520.5 0
2521.5 0
2522.5 0
2523.5 0
2524.5 0
2525.5 0
2526.5 0
2527.5 0
2528.5 0
2529.5 0
2530.5 0
2531.5 0
2532.5 0
2533.5 0
2534.5 0
2535.5 0
2536.5 0
2537.5 0
2538.5 0
2539.5 0
2540.5 0
2541.5 0
2542.5 0
2543.5 0
2544.5 0
2545.5 0
2546.5 0
2547.5 0
2548.5 0
2549.5 0
2550.5 0
2551.5 0
2552.5 0
2553.5 0
2554.5 0
2555.5 0
2556.5 0
2557.5 0
2558.5 0
2559.5 0
2560.5 0
2561.5 0
2562.5 0
2563.5 0
2564.5 0
2565.5 0
2566.5 0
2567.5 0
2568.5 0
2569.5 0
2570.5 0
2571.5 0
2572.5 0
2573.5 0
2574.5 0
2575.5 0
2576.5 0
2577.5 0
2578.5 0
2579.5 0
2580.5 0
2581.5 0
2582.5 0
2583.5 0
2584.5 0
2585.5 0
2586.5 0
2587.5 0
2588.5 0
2589.5 0
2590.5 0
2591.5 0
2592.5 0
2593.5 0
2594.5 0
2595.5 0
2596.5 0
2597.5 0
2598.5 0
2599.5 0
2600.5 0
2601.5 0
2602.5 0
2603.5 0
2604.5 0
2605.5 0
2606.5 0
2607.5 0
2608.5 0
2609.5 0
2610.5 0
2611.5 0
2612.5 0
2613.5 0
2614.5 0
2615.5 0
2616.5 0
2617.5 0
2618.5 0
2619.5 0
2620.5 0
2621.5 0
2622.5 0
2623.5 0
2624.5 0
2625.5 0
2626.5 0
2627.5 0
2628.5 0
2629.5 0
2630.5 0
2631.5 0
2632.5 0
2633.5 0
2634.5 0
2635.5 0
2636.5 0
2637.5 0
2638.5 0
2639.5 0
2640.5 0
2641.5 0
2642.5 0
2643.5 0
2644.5 0
2645.5 0
2646.5 0
2647.5 0
2648.5 0
2649.5 0
2650.5 0
2651.5 0
2652.5 0
2653.5 0
2654.5 0
2655.5 0
2656.5 0
2657.5 0
2658.5 0
2659.5 0
2660.5 0
2661.5 0
2662.5 0
2663.5 0
2664.5 0
2665.5 0
2666.5 0
2667.5 0
2668.5 0
2669.5 0
2670.5 0
2671.5 0
2672.5 0
2673.5 0
2674.5 0
2675.5 0
2676.5 0
2677.5 0
2678.5 0
2679.5 0
2680.5 0
2681.5 0
2682.5 0
2683.5 0
2684.5 0
2685.5 0
2686.5 0
2687.5 0
2688.5 0
2689.5 0
2690.5 0
2691.5 0
2692.5 0
2693.5 0
2694.5 0
2695.5 0
2696.5 0
2697.5 0
2698.5 0
2699.5 0
2700.5 0
2701.5 0
2702.5 0
2703.5 0
2704.5 0
2705.5 0
2706.5 0
2707.5 0
2708.5 0
2709.5 0
2710.5 0
2711.5 0
2712.5 0
2713.5 0
2714.5 0
2715.5 0
2716.5 0
2717.5 0
2718.5 0
2719.5 0
2720.5 0
2721.5 0
2722.5 0
2723.5 0
2724.5 0
2725.5 0
2726.5 0
2727.5 0
2728.5 0
2729.5 0
2730.5 0
2731.5 0
2732.5 0
2733.5 0
2734.5 0
2735.5 0
2736.5 0
2737.5 0
2738.5 0
2739.5 0
2740.5 0
2741.5 0
2742.5 0
2743.5 0
2744.5 0
2745.5 0
2746.5 0
2747.5 0
2748.5 0
2749.5 0
2750.5 0
2751.5 0
2752.5 0
2753.5 0
2754.5 0
2755.5 0
2756.5 0
2757.5 0
2758.5 0
2759.5 0
2760.5 0
2761.5 0
2762.5 0
2763.5 0
2764.5 0
2765.5 0
2766.5 0
2767.5 0
2768.5 0
2769.5 0
2770.5 0
2771.5 0
2772.5 0
2773.5 0
2774.5 0
2775.5 0
2776.5 0
2777.5 0
2778.5 0
2779.5 0
2780.5 0
2781.5 0
2782.5 0
2783.5 0
2784.5 0
2785.5 0
2786.5 0
2787.5 0
2788.5 0
2789.5 0
2790.5 0
2791.5 0
2792.5 0
2793.5 0
2794.5 0
2795.5 0
2796.5 0
2797.5 0
2798.5 0
2799.5 0
2800.5 0
2801.5 0
2802.5 0
2803.5 0
2804.5 0
2805.5 0
2806.5 0
2807.5 0
2808.5 0
2809.5 0
2810.5 0
2811.5 0
2812.5 0
2813.5 0
2814.5 0
2815.5 0
2816.5 0
2817.5 0
2818.5 0
2819.5 0
2820.5 0
2821.5 0
2822.5 0
2823.5 0
2824.5 0
2825.5 0
2826.5 0
2827.5 0
2828.5 0
2829.5 0
2830.5 0
2831.5 0
2832.5 0
2833.5 0
2834.5 0
2835.5 0
2836.5 0
2837.5 0
2838.5 0
2839.5 0
2840.5 0
2841.5 0
2842.5 0
2843.5 0
2844.5 0
2845.5 0
2846.5 0
2847.5 0
2848.5 0
2849.5 0
2850.5 0
2851.5 0
2852.5 0
2853.5 0
2854.5 0
2855.5 0
2856.5 0
2857.5 0
2858.5 0
2859.5 0
2860.5 0
2861.5 0
2862.5 0
2863.5 0
2864.5 0
2865.5 0
2866.5 0
2867.5 0
2868.5 0
2869.5 0
2870.5 0
2871.5 0
2872.5 0
2873.5 0
2874.5 0
2875.5 0
2876.5 0
2877.5 0
2878.5 0
2879.5 0
2880.5 0
2881.5 0
2882.5 0
2883.5 0
2884.5 0
2885.5 0
2886.5 0
2887.5 0
2888.5 0
2889.5 0
2890.5 0
2891.5 0
2892.5 0
2893.5 0
2894.5 0
2895.5 0
2896.5 0
2897.5 0
2898.5 0
2899.5 0
2900.5 0
2901.5 0
2902.5 0
2903.5 0
2904.5 0
2905.5 0
2906.5 0
2907.5 0
2908.5 0
2909.5 0
2910.5 0
2911.5 0
2912.5 0
2913.5 0
2914.5 0
2915.5 0
2916.5 0
2917.5 0
2918.5 0
2919.5 0
2920.5 0
2921.5 0
2922.5 0
2923.5 0
2924.5 0
2925.5 0
2926.5 0
2927.5 0
2928.5 0
2929.5 0
2930.5 0
2931.5 0
2932.5 0
2933.5 0
2934.5 0
2935.5 0
2936.5 0
2937.5 0
2938.5 0
2939.5 0
2940.5 0
2941.5 0
2942.5 0
2943.5 0
2944.5 0
2945.5 0
2946.5 0
2947.5 0
2948.5 0
2949.5 0
2950.5 0
2951.5 0
2952.5 0
2953.5 0
2954.5 0
2955.5 0
2956.5 0
2957.5 0
2958.5 0
2959.5 0
2960.5 0
2961.5 0
2962.5 0
2963.5 0
2964.5 0
2965.5 0
2966.5 0
2967.5 0
2968.5 0
2969.5 0
2970.5 0
2971.5 0
2972.5 0
2973.5 0
2974.5 0
2975.5 0
2976.5 0
2977.5 0
2978.5 0
2979.5 0
2980.5 0
2981.5 0
2982.5 0
2983.5 0
2984.5 0
2985.5 0
2986.5 0
2987.5 0
2988.5 0
2989.5 0
2990.5 0
2991.5 0
2992.5 0
2993.5 0
2994.5 0
2995.5 0
2996.5 0
2997.5 0
2998.5 0
2999.5 0
3000.5 0
3001.5 0
3002.5 0
3003.5 0
3004.5 0
3005.5 0
3006.5 0
3007.5 0
3008.5 0
3009.5 0
3010.5 0
3011.5 0
3012.5 0
3013.5 0
3014.5 0
3015.5 0
3016.5 0
3017.5 0
3018.5 0
3019.5 0
3020.5 0
3021.5 0
3022.5 0
3023.5 0
3024.5 0
3025.5 0
3026.5 0
3027.5 0
3028.5 0
3029.5 0
3030.5 0
3031.5 0
3032.5 0
3033.5 0
3034.5 0
3035.5 0
3036.5 0
3037.5 0
3038.5 0
3039.5 0
3040.5 0
3041.5 0
3042.5 0
3043.5 0
3044.5 0
3045.5 0
3046.5 0
3047.5 0
3048.5 0
3049.5 0
3050.5 0
3051.5 0
3052.5 0
3053.5 0
3054.5 0
3055.5 0
3056.5 0
3057.5 0
3058.5 0
3059.5 0
3060.5 0
3061.5 0
3062.5 0
3063.5 0
3064.5 0
3065.5 0
3066.5 0
3067.5 0
3068.5 0
3069.5 0
3070.5 0
3071.5 0
3072.5 0
3073.5 0
3074.5 0
3075.5 0
3076.5 0
3077.5 0
3078.5 0
3079.5 0
3080.5 0
3081.5 0
3082.5 0
3083.5 0
3084.5 0
3085.5 0
3086.5 0
3087.5 0
3088.5 0
3089.5 0
3090.5 0
3091.5 0
3092.5 0
3093.5 0
3094.5 0
3095.5 0
3096.5 0
3097.5 0
3098.5 0
3099.5 0
3100.5 0
3101.5 0
3102.5 0
3103.5 0
3104.5 0
3105.5 0
3106.5 0
3107.5 0
3108.5 0
3109.5 0
3110.5 0
3111.5 0
3112.5 0
3113.5 0
3114.5 0
3115.5 0
3116.5 0
3117.5 0
3118.5 0
3119.5 0
3120.5 0
3121.5 0
3122.5 0
3123.5 0
3124.5 0
3125.5 0
3126.5 0
3127.5 0
3128.5 0
3129.5 0
3130.5 0
3131.5 0
3132.5 0
3133.5 0
3134.5 0
3135.5 0
3136.5 0
3137.5 0
3138.5 0
3139.5 0
3140.5 0
3141.5 0
3142.5 0
3143.5 0
3144.5 0
3145.5 0
3146.5 0
3147.5 0
3148.5 0
3149.5 0
3150.5 0
3151.5 0
3152.5 0
3153.5 0
3154.5 0
3155.5 0
3156.5 0
3157.5 0
3158.5 0
3159.5 0
3160.5 0
3161.5 0
3162.5 0
3163.5 0
3164.5 0
3165.5 0
3166.5 0
3167.5 0
3168.5 0
3169.5 0
3170.5 0
3171.5 0
3172.5 0
3173.5 0
3174.5 0
3175.5 0
3176.5 0
3177.5 0
3178.5 0
3179.5 0
3180.5 0
3181.5 0
3182.5 0
3183.5 0
3184.5 0
3185.5 0
3186.5 0
3187.5 0
3188.5 0
3189.5 0
3190.5 0
3191.5 0
3192.5 0
3193.5 0
3194.5 0
3195.5 0
3196.5 0
3197.5 0
3198.5 0
3199.5 0
3200.5 0
3201.5 0
3202.5 0
3203.5 0
3204.5 0
3205.5 0
3206.5 0
3207.5 0
3208.5 0
3209.5 0
3210.5 0
3211.5 0
3212.5 0
3213.5 0
3214.5 0
3215.5 0
3216.5 0
3217.5 0
3218.5 0
3219.5 0
3220.5 0
3221.5 0
3222.5 0
3223.5 0
3224.5 0
3225.5 0
3226.5 0
3227.5 0
3228.5 0
3229.5 0
3230.5 0
3231.5 0
3232.5 0
3233.5 0
3234.5 0
3235.5 0
3236.5 0
3237.5 0
3238.5 0
3239.5 0
3240.5 0
3241.5 0
3242.5 0
3243.5 0
3244.5 0
3245.5 0
3246.5 0
3247.5 0
3248.5 0
3249.5 0
3250.5 0
3251.5 0
3252.5 0
3253.5 0
3254.5 0
3255.5 0
3256.5 0
3257.5 0
3258.5 0
3259.5 0
3260.5 0
3261.5 0
3262.5 0
3263.5 0
3264.5 0
3265.5 0
3266.5 0
3267.5 0
3268.5 0
3269.5 0
3270.5 0
3271.5 0
3272.5 0
3273.5 0
3274.5 0
3275.5 0
3276.5 0
3277.5 0
3278.5 0
3279.5 0
3280.5 0
3281.5 0
3282.5 0
3283.5 0
3284.5 0
3285.5 0
3286.5 0
3287.5 0
3288.5 0
3289.5 0
3290.5 0
3291.5 0
3292.5 0
3293.5 0
3294.5 0
3295.5 0
3296.5 0
3297.5 0
3298.5 0
3299.5 0
3300.5 0
3301.5 0
3302.5 0
3303.5 0
3304.5 0
3305.5 0
3306.5 0
3307.5 0
3308.5 0
3309.5 0
3310.5 0
3311.5 0
3312.5 0
3313.5 0
3314.5 0
3315.5 0
3316.5 0
3317.5 0
3318.5 0
3319.5 0
3320.5 0
3321.5 0
3322.5 0
3323.5 0
3324.5 0
3325.5 0
3326.5 0
3327.5 0
3328.5 0
3329.5 0
3330.5 0
3331.5 0
3332.5 0
3333.5 0
3334.5 0
3335.5 0
3336.5 0
3337.5 0
3338.5 0
3339.5 0
3340.5 0
3341.5 0
3342.5 0
3343.5 0
3344.5 0
3345.5 0
3346.5 0
3347.5 0
3348.5 0
3349.5 0
3350.5 0
3351.5 0
3352.5 0
3353.5 0
3354.5 0
3355.5 0
3356.5 0
3357.5 0
3358.5 0
3359.5 0
3360.5 0
3361.5 0
3362.5 0
3363.5 0
3364.5 0
3365.5 0
3366.5 0
3367.5 0
3368.5 0
3369.5 0
3370.5 0
3371.5 0
3372.5 0
3373.5 0
3374.5 0
3375.5 0
3376.5 0
3377.5 0
3378.5 0
3379.5 0
3380.5 0
3381.5 0
3382.5 0
3383.5 0
3384.5 0
3385.5 0
3386.5 0
3387.5 0
3388.5 0
3389.5 0
3390.5 0
3391.5 0
3392.5 0
3393.5 0
3394.5 0
3395.5 0
3396.5 0
3397.5 0
3398.5 0
3399.5 0
3400.5 0
3401.5 0
3402.5 0
3403.5 0
3404.5 0
3405.5 0
3406.5 0
3407.5 0
3408.5 0
3409.5 0
3410.5 0
3411.5 0
3412.5 0
3413.5 0
3414.5 0
3415.5 0
3416.5 0
3417.5 0
3418.5 0
3419.5 0
3420.5 0
3421.5 0
3422.5 0
3423.5 0
3424.5 0
3425.5 0
3426.5 0
3427.5 0
3428.5 0
3429.5 0
3430.5 0
3431.5 0
3432.5 0
3433.5 0
3434.5 0
3435.5 0
3436.5 0
3437.5 0
3438.5 0
3439.5 0
3440.5 0
3441.5 0
3442.5 0
3443.5 0
3444.5 0
3445.5 0
3446.5 0
3447.5 0
3448.5 0
3449.5 0
3450.5 0
3451.5 0
3452.5 0
3453.5 0
3454.5 0
3455.5 0
3456.5 0
3457.5 0
3458.5 0
3459.5 0
3460.5 0
3461.5 0
3462.5 0
3463.5 0
3464.5 0
3465.5 0
3466.5 0
3467.5 0
3468.5 0
3469.5 0
3470.5 0
3471.5 0
3472.5 0
3473.5 0
3474.5 0
3475.5 0
3476.5 0
3477.5 0
3478.5 0
3479.5 0
3480.5 0
3481.5 0
3482.5 0
3483.5 0
3484.5 0
3485.5 0
3486.5 0
3487.5 0
3488.5 0
3489.5 0
3490.5 0
3491.5 0
3492.5 0
3493.5 0
3494.5 0
3495.5 0
3496.5 0
3497.5 0
3498.5 0
3499.5 0
3500.5 0
3501.5 0
3502.5 0
3503.5 0
3504.5 0
3505.5 0
3506.5 0
3507.5 0
3508.5 0
3509.5 0
3510.5 0
3511.5 0
3512.5 0
3513.5 0
3514.5 0
3515.5 0
3516.5 0
3517.5 0
3518.5 0
3519.5 0
3520.5 0
3521.5 0
3522.5 0
3523.5 0
3524.5 0
3525.5 0
3526.5 0
3527.5 0
3528.5 0
3529.5 0
3530.5 0
3531.5 0
3532.5 0
3533.5 0
3534.5 0
3535.5 0
3536.5 0
3537.5 0
3538.5 0
3539.5 0
3540.5 0
3541.5 0
3542.5 0
3543.5 0
3544.5 0
3545.5 0
3546.5 0
3547.5 0
3548.5 0
3549.5 0
3550.5 0
3551.5 0
3552.5 0
3553.5 0
3554.5 0
3555.5 0
3556.5 0
3557.5 0
3558.5 0
3559.5 0
3560.5 0
3561.5 0
3562.5 0
3563.5 0
3564.5 0
3565.5 0
3566.5 0
3567.5 0
3568.5 0
3569.5 0
3570.5 0
3571.5 0
3572.5 0
3573.5 0
3574.5 0
3575.5 0
3576.5 0
3577.5 0
3578.5 0
3579.5 0
3580.5 0
3581.5 0
3582.5 0
3583.5 0
3584.5 0
3585.5 0
3586.5 0
3587.5 0
3588.5 0
3589.5 0
3590.5 0
3591.5 0
3592.5 0
3593.5 0
3594.5 0
3595.5 0
3596.5 0
3597.5 0
3598.5 0
3599.5 0
3600.5 0
3601.5 0
3602.5 0
3603.5 0
3604.5 0
3605.5 0
3606.5 0
3607.5 0
3608.5 0
3609.5 0
3610.5 0
3611.5 0
3612.5 0
3613.5 0
3614.5 0
3615.5 0
3616.5 0
3617.5 0
3618.5 0
3619.5 0
3620.5 0
3621.5 0
3622.5 0
3623.5 0
3624.5 0
3625.5 0
3626.5 0
3627.5 0
3628.5 0
3629.5 0
3630.5 0
3631.5 0
3632.5 0
3633.5 0
3634.5 0
3635.5 0
3636.5 0
3637.5 0
3638.5 0
3639.5 0
3640.5 0
3641.5 0
3642.5 0
3643.5 0
3644.5 0
3645.5 0
3646.5 0
3647.5 0
3648.5 0
3649.5 0
3650.5 0
3651.5 0
3652.5 0
3653.5 0
3654.5 0
3655.5 0
3656.5 0
3657.5 0
3658.5 0
3659.5 0
3660.5 0
3661.5 0
3662.5 0
3663.5 0
3664.5 0
3665.5 0
3666.5 0
3667.5 0
3668.5 0
3669.5 0
3670.5 0
3671.5 0
3672.5 0
3673.5 0
3674.5 0
3675.5 0
3676.5 0
3677.5 0
3678.5 0
3679.5 0
3680.5 0
3681.5 0
3682.5 0
3683.5 0
3684.5 0
3685.5 0
3686.5 0
3687.5 0
3688.5 0
3689.5 0
3690.5 0
3691.5 0
3692.5 0
3693.5 0
3694.5 0
3695.5 0
3696.5 0
3697.5 0
3698.5 0
3699.5 0
3700.5 0
3701.5 0
3702.5 0
3703.5 0
3704.5 0
3705.5 0
3706.5 0
3707.5 0
3708.5 0
3709.5 0
3710.5 0
3711.5 0
3712.5 0
3713.5 0
3714.5 0
3715.5 0
3716.5 0
3717.5 0
3718.5 0
3719.5 0
3720.5 0
3721.5 0
3722.5 0
3723.5 0
3724.5 0
3725.5 0
3726.5 0
3727.5 0
3728.5 0
3729.5 0
3730.5 0
3731.5 0
3732.5 0
3733.5 0
3734.5 0
3735.5 0
3736.5 0
3737.5 0
3738.5 0
3739.5 0
3740.5 0
3741.5 0
3742.5 0
3743.5 0
3744.5 0
3745.5 0
3746.5 0
3747.5 0
3748.5 0
3749.5 0
3750.5 0
3751.5 0
3752.5 0
3753.5 0
3754.5 0
3755.5 0
3756.5 0
3757.5 0
3758.5 0
3759.5 0
3760.5 0
3761.5 0
3762.5 0
3763.5 0
3764.5 0
3765.5 0
3766.5 0
3767.5 0
3768.5 0
3769.5 0
3770.5 0
3771.5 0
3772.5 0
3773.5 0
3774.5 0
3775.5 0
3776.5 0
3777.5 0
3778.5 0
3779.5 0
3780.5 0
3781.5 0
3782.5 0
3783.5 0
3784.5 0
3785.5 0
3786.5 0
3787.5 0
3788.5 0
3789.5 0
3790.5 0
3791.5 0
3792.5 0
3793.5 0
3794.5 0
3795.5 0
3796.5 0
3797.5 0
3798.5 0
3799.5 0
3800.5 0
3801.5 0
3802.5 0
3803.5 0
3804.5 0
3805.5 0
3806.5 0
3807.5 0
3808.5 0
3809.5 0
3810.5 0
3811.5 0
3812.5 0
3813.5 0
3814.5 0
3815.5 0
3816.5 0
3817.5 0
3818.5 0
3819.5 0
3820.5 0
3821.5 0
3822.5 0
3823.5 0
3824.5 0
3825.5 0
3826.5 0
3827.5 0
3828.5 0
3829.5 0
3830.5 0
3831.5 0
3832.5 0
3833.5 0
3834.5 0
3835.5 0
3836.5 0
3837.5 0
3838.5 0
3839.5 0
3840.5 0
3841.5 0
3842.5 0
3843.5 0
3844.5 0
3845.5 0
3846.5 0
3847.5 0
3848.5 0
3849.5 0
3850.5 0
3851.5 0
3852.5 0
3853.5 0
3854.5 0
3855.5 0
3856.5 0
3857.5 0
3858.5 0
3859.5 0
3860.5 0
3861.5 0
3862.5 0
3863.5 0
3864.5 0
3865.5 0
3866.5 0
3867.5 0
3868.5 0
3869.5 0
3870.5 0
3871.5 0
3872.5 0
3873.5 0
3874.5 0
3875.5 0
3876.5 0
3877.5 0
3878.5 0
3879.5 0
3880.5 0
3881.5 0
3882.5 0
3883.5 0
3884.5 0
3885.5 0
3886.5 0
3887.5 0
3888.5 0
3889.5 0
3890.5 0
3891.5 0
3892.5 0
3893.5 0
3894.5 0
3895.5 0
3896.5 0
3897.5 0
3898.5 0
3899.5 0
3900.5 0
3901.5 0
3902.5 0
3903.5 0
3904.5 0
3905.5 0
3906.5 0
3907.5 0
3908.5 0
3909.5 0
3910.5 0
3911.5 0
3912.5 0
3913.5 0
3914.5 0
3915.5 0
3916.5 0
3917.5 0
3918.5 0
3919.5 0
3920.5 0
3921.5 0
3922.5 0
3923.5 0
3924.5 0
3925.5 0
3926.5 0
3927.5 0
3928.5 0
3929.5 0
3930.5 0
3931.5 0
3932.5 0
3933.5 0
3934.5 0
3935.5 0
3936.5 0
3937.5 0
3938.5 0
3939.5 0
3940.5 0
3941.5 0
3942.5 0
3943.5 0
3944.5 0
3945.5 0
3946.5 0
3947.5 0
3948.5 0
3949.5 0
3950.5 0
3951.5 0
3952.5 0
3953.5 0
3954.5 0
3955.5 0
3956.5 0
3957.5 0
3958.5 0
3959.5 0
3960.5 0
3961.5 0
3962.5 0
3963.5 0
3964.5 0
3965.5 0
3966.5 0
3967.5 0
3968.5 0
3969.5 0
3970.5 0
3971.5 0
3972.5 0
3973.5 0
3974.5 0
3975.5 0
3976.5 0
3977.5 0
3978.5 0
3979.5 0
3980.5 0
3981.5 0
3982.5 0
3983.5 0
3984.5 0
3985.5 0
3986.5 0
3987.5 0
3988.5 0
3989.5 0
3990.5 0
3991.5 0
3992.5 0
3993.5 0
3994.5 0
3995.5 0
3996.5 0
3997.5 0
3998.5 0
3999.5 0
4000.5 0
4001.5 0
4002.5 0
4003.5 0
4004.5 0
4005.5 0
4006.5 0
4007.5 0
4008.5 0
4009.5 0
4010.5 0
4011.5 0
4012.5 0
4013.5 0
4014.5 0
4015.5 0
4016.5 0
4017.5 0
4018.5 0
4019.5 0
4020.5 0
4021.5 0
4022.5 0
4023.5 0
4024.5 0
4025.5 0
4026.5 0
4027.5 0
4028.5 0
4029.5 0
4030.5 0
4031.5 0
4032.5 0
4033.5 0
4034.5 0
4035.5 0
4036.5 0
4037.5 0
4038.5 0
4039.5 0
4040.5 0
4041.5 0
4042.5 0
4043.5 0
4044.5 0
4045.5 0
4046.5 0
4047.5 0
4048.5 0
4049.5 0
4050.5 0
4051.5 0
4052.5 0
4053.5 0
4054.5 0
4055.5 0
4056.5 0
4057.5 0
4058.5 0
4059.5 0
4060.5 0
4061.5 0
4062.5 0
4063.5 0
4064.5 0
4065.5 0
4066.5 0
4067.5 0
4068.5 0
4069.5 0
4070.5 0
4071.5 0
4072.5 0
4073.5 0
4074.5 0
4075.5 0
4076.5 0
4077.5 0
4078.5 0
4079.5 0
4080.5 0
4081.5 0
4082.5 0
4083.5 0
4084.5 0
4085.5 0
4086.5 0
4087.5 0
4088.5 0
4089.5 0
4090.5 0
4091.5 0
4092.5 0
4093.5 0
4094.5 0
4095.5 0
4096.5 0
4097.5 0
4098.5 0
4099.5 0
4100.5 0
4101.5 0
4102.5 0
4103.5 0
4104.5 0
4105.5 0
4106.5 0
4107.5 0
4108.5 0
4109.5 0
4110.5 0
4111.5 0
4112.5 0
4113.5 0
4114.5 0
4115.5 0
4116.5 0
4117.5 0
4118.5 0
4119.5 0
4120.5 0
4121.5 0
4122.5 0
4123.5 0
4124.5 0
4125.5 0
4126.5 0
4127.5 0
4128.5 0
4129.5 0
4130.5 0
4131.5 0
4132.5 0
4133.5 0
4134.5 0
4135.5 0
4136.5 0
4137.5 0
4138.5 0
4139.5 0
4140.5 0
4141.5 0
4142.5 0
4143.5 0
4144.5 0
4145.5 0
4146.5 0
4147.5 0
4148.5 0
4149.5 0
4150.5 0
4151.5 0
4152.5 0
4153.5 0
4154.5 0
4155.5 0
4156.5 0
4157.5 0
4158.5 0
4159.5 0
4160.5 0
4161.5 0
4162.5 0
4163.5 0
4164.5 0
4165.5 0
4166.5 0
4167.5 0
4168.5 0
4169.5 0
4170.5 0
4171.5 0
4172.5 0
4173.5 0
4174.5 0
4175.5 0
4176.5 0
4177.5 0
4178.5 0
4179.5 0
4180.5 0
4181.5 0
4182.5 0
4183.5 0
4184.5 0
4185.5 0
4186.5 0
4187.5 0
4188.5 0
4189.5 0
4190.5 0
4191.5 0
4192.5 0
4193.5 0
4194.5 0
4195.5 0
4196.5 0
4197.5 0
4198.5 0
4199.5 0
4200.5 0
4201.5 0
4202.5 0
4203.5 0
4204.5 0
4205.5 0
4206.5 0
4207.5 0
4208.5 0
4209.5 0
4210.5 0
4211.5 0
4212.5 0
4213.5 0
4214.5 0
4215.5 0
4216.5 0
4217.5 0
4218.5 0
4219.5 0
4220.5 0
4221.5 0
4222.5 0
4223.5 0
4224.5 0
4225.5 0
4226.5 0
4227.5 0
4228.5 0
4229.5 0
4230.5 0
4231.5 0
4232.5 0
4233.5 0
4234.5 0
4235.5 0
4236.5 0
4237.5 0
4238.5 0
4239.5 0
4240.5 0
4241.5 0
4242.5 0
4243.5 0
4244.5 0
4245.5 0
4246.5 0
4247.5 0
4248.5 0
4249.5 0
4250.5 0
4251.5 0
4252.5 0
4253.5 0
4254.5 0
4255.5 0
4256.5 0
4257.5 0
4258.5 0
4259.5 0
4260.5 0
4261.5 0
4262.5 0
4263.5 0
4264.5 0
4265.5 0
4266.5 0
4267.5 0
4268.5 0
4269.5 0
4270.5 0
4271.5 0
4272.5 0
4273.5 0
4274.5 0
4275.5 0
4276.5 0
4277.5 0
4278.5 0
4279.5 0
4280.5 0
4281.5 0
4282.5 0
4283.5 0
4284.5 0
4285.5 0
4286.5 0
4287.5 0
4288.5 0
4289.5 0
4290.5 0
4291.5 0
4292.5 0
4293.5 0
4294.5 0
4295.5 0
4296.5 0
4297.5 0
4298.5 0
4299.5 0
4300.5 0
4301.5 0
4302.5 0
4303.5 0
4304.5 0
4305.5 0
4306.5 0
4307.5 0
4308.5 0
4309.5 0
4310.5 0
4311.5 0
4312.5 0
4313.5 0
4314.5 0
4315.5 0
4316.5 0
4317.5 0
4318.5 0
4319.5 0
4320.5 0
4321.5 0
4322.5 0
4323.5 0
4324.5 0
4325.5 0
4326.5 0
4327.5 0
4328.5 0
4329.5 0
4330.5 0
4331.5 0
4332.5 0
4333.5 0
4334.5 0
4335.5 0
4336.5 0
4337.5 0
4338.5 0
4339.5 0
4340.5 0
4341.5 0
4342.5 0
4343.5 0
4344.5 0
4345.5 0
4346.5 0
4347.5 0
4348.5 0
4349.5 0
4350.5 0
4351.5 0
4352.5 0
4353.5 0
4354.5 0
4355.5 0
4356.5 0
4357.5 0
4358.5 0
4359.5 0
4360.5 0
4361.5 0
4362.5 0
4363.5 0
4364.5 0
4365.5 0
4366.5 0
4367.5 0
4368.5 0
4369.5 0
4370.5 0
4371.5 0
4372.5 0
4373.5 0
4374.5 0
4375.5 0
4376.5 0
4377.5 0
4378.5 0
4379.5 0
4380.5 0
4381.5 0
4382.5 0
4383.5 0
4384.5 0
4385.5 0
4386.5 0
4387.5 0
4388.5 0
4389.5 0
4390.5 0
4391.5 0
4392.5 0
4393.5 0
4394.5 0
4395.5 0
4396.5 0
4397.5 0
4398.5 0
4399.5 0
4400.5 0
4401.5 0
4402.5 0
4403.5 0
4404.5 0
4405.5 0
4406.5 0
4407.5 0
4408.5 0
4409.5 0
4410.5 0
4411.5 0
4412.5 0
4413.5 0
4414.5 0
4415.5 0
4416.5 0
4417.5 0
4418.5 0
4419.5 0
4420.5 0
4421.5 0
4422.5 0
4423.5 0
4424.5 0
4425.5 0
4426.5 0
4427.5 0
4428.5 0
4429.5 0
4430.5 0
4431.5 0
4432.5 0
4433.5 0
4434.5 0
4435.5 0
4436.5 0
4437.5 0
4438.5 0
4439.5 0
4440.5 0
4441.5 0
4442.5 0
4443.5 0
4444.5 0
4445.5 0
4446.5 0
4447.5 0
4448.5 0
4449.5 0
4450.5 0
4451.5 0
4452.5 0
4453.5 0
4454.5 0
4455.5 0
4456.5 0
4457.5 0
4458.5 0
4459.5 0
4460.5 0
4461.5 0
4462.5 0
4463.5 0
4464.5 0
4465.5 0
4466.5 0
4467.5 0
4468.5 0
4469.5 0
4470.5 0
4471.5 0
4472.5 0
4473.5 0
4474.5 0
4475.5 0
4476.5 0
4477.5 0
4478.5 0
4479.5 0
4480.5 0
4481.5 0
4482.5 0
4483.5 0
4484.5 0
4485.5 0
4486.5 0
4487.5 0
4488.5 0
4489.5 0
4490.5 0
4491.5 0
4492.5 0
4493.5 0
4494.5 0
4495.5 0
4496.5 0
4497.5 0
4498.5 0
4499.5 0
4500.5 0
