# Title: <90Th, 232> Spectrum
# Creator: donguri
# CreationDate: 19 Jan 2006 01:08:33 JST
# Fields: energy intensity
# Units: keV 1/keV

0.5 0.0001015316
1.5 0.0009112787
2.5 0.002524375
3.5 0.004934156
4.5 0.008133969
5.5 0.01211717
6.5 0.01687714
7.5 0.02240725
8.5 0.0287009
9.5 0.0357515
10.5 0.04355246
11.5 0.05209723
12.5 0.06137923
13.5 0.07139193
14.5 0.0821288
15.5 0.007487371
16.5 0.008461738
17.5 0.009492735
18.5 0.01057986
19.5 0.01172263
20.5 0.01292054
21.5 0.01417309
22.5 0.01547979
23.5 0.01684016
24.5 0.01825369
25.5 0.0197199
26.5 0.0212383
27.5 0.0228084
28.5 0.02442971
29.5 0.02610174
30.5 0.02782402
31.5 0.02959604
32.5 0.03141733
33.5 0.03328741
34.5 0.03520579
35.5 0.03717199
36.5 0.03918554
37.5 0.04124594
38.5 0.04335273
39.5 0.0002876657
40.5 0.0003018052
41.5 0.0003162529
42.5 0.0003310067
43.5 0.0003460644
44.5 0.000361424
45.5 0.0003770832
46.5 0.0003930399
47.5 0.000409292
48.5 0.0004258374
49.5 0.0004426739
50.5 0.0004597993
51.5 0.0004772116
52.5 0.0004949087
53.5 0.0005128884
54.5 0.0005311486
55.5 0.0005496873
56.5 0.0005685022
57.5 0.0005875914
58.5 0.0006069527
59.5 0.000626584
60.5 0.0006464832
61.5 0.0006666483
62.5 0.0006870772
63.5 0.0007077678
64.5 0.0007287179
65.5 0.0007499257
66.5 0.0007713889
67.5 0.0007931055
68.5 0.0008150735
69.5 0.0008372907
70.5 0.0008597553
71.5 0.000882465
72.5 0.0009054179
73.5 0.0009286119
74.5 0.000952045
75.5 0.0009757151
76.5 0.0009996202
77.5 0.001023758
78.5 0.001048127
79.5 0.001072725
80.5 0.00109755
81.5 0.0011226
82.5 0.001147873
83.5 0.001173367
84.5 0.001199079
85.5 0.001225009
86.5 0.001251153
87.5 0.001277511
88.5 0.001304079
89.5 0.001330856
90.5 0.00135784
91.5 0.001385029
92.5 0.001412421
93.5 0.001440015
94.5 0.001467807
95.5 0.001495796
96.5 0.001523981
97.5 0.001546832
98.5 0.001575303
99.5 0.001603962
100.5 0.001632809
101.5 0.00166184
102.5 0.001691055
103.5 0.00172045
104.5 0.001735558
105.5 0.001765073
106.5 0.001794763
107.5 0.001824624
108.5 0.001854656
109.5 0.001884857
110.5 0.001915224
111.5 0.001945756
112.5 0.001976451
113.5 0.002007306
114.5 0.002038321
115.5 0.002069494
116.5 0.002100821
117.5 0.002060704
118.5 0.002091318
119.5 0.002122078
120.5 0.002152982
121.5 0.002184029
122.5 0.002215218
123.5 0.002246545
124.5 0.00227801
125.5 0.00230961
126.5 0.002341344
127.5 0.002373211
128.5 0.002405208
129.5 0.002437334
130.5 0.002469586
131.5 0.002501964
132.5 0.002534466
133.5 0.002567089
134.5 0.002599832
135.5 0.002632694
136.5 0.002665672
137.5 0.002698765
138.5 0.002731972
139.5 0.00276529
140.5 0.002791025
141.5 0.002824474
142.5 0.002858028
143.5 0.002891687
144.5 0.00292545
145.5 0.002959313
146.5 0.002993276
147.5 0.003027337
148.5 0.003061495
149.5 0.003095747
150.5 0.003130093
151.5 0.00316453
152.5 0.003199056
153.5 0.003233671
154.5 0.003268373
155.5 0.003303159
156.5 0.003338028
157.5 0.00337298
158.5 0.002533497
159.5 0.002560143
160.5 0.002586859
161.5 0.002613643
162.5 0.002640496
163.5 0.002667416
164.5 0.002694401
165.5 0.002721451
166.5 0.002748564
167.5 0.00277574
168.5 0.002802977
169.5 0.002830275
170.5 0.002857631
171.5 0.002885046
172.5 0.002912518
173.5 0.002940046
174.5 0.002967629
175.5 0.002995266
176.5 0.003022956
177.5 0.003050697
178.5 0.003078489
179.5 0.003106331
180.5 0.003134221
181.5 0.003162159
182.5 0.00315509
183.5 0.003182834
184.5 0.003210623
185.5 0.003238455
186.5 0.003266329
187.5 0.003294245
188.5 0.003322202
189.5 0.003350197
190.5 0.003371531
191.5 0.00339955
192.5 0.003427606
193.5 0.003455698
194.5 0.003483823
195.5 0.003511982
196.5 0.003540174
197.5 0.003568396
198.5 0.003590833
199.5 0.003619073
200.5 0.003647342
201.5 0.003675637
202.5 0.00370396
203.5 0.003732307
204.5 0.003760679
205.5 0.003789075
206.5 0.003817493
207.5 0.003845933
208.5 0.003874393
209.5 0.003902873
210.5 0.003931371
211.5 0.003959887
212.5 0.00398842
213.5 0.004016969
214.5 0.004045532
215.5 0.00407411
216.5 0.0041027
217.5 0.004131302
218.5 0.004159915
219.5 0.004188539
220.5 0.00421318
221.5 0.004241795
222.5 0.004270419
223.5 0.004299048
224.5 0.004327683
225.5 0.004356322
226.5 0.004384965
227.5 0.004406104
228.5 0.004434706
229.5 0.00446331
230.5 0.004491913
231.5 0.004520515
232.5 0.004549116
233.5 0.004577713
234.5 0.004595874
235.5 0.004624404
236.5 0.004652928
237.5 0.004681446
238.5 0.004709957
239.5 0.004738459
240.5 0.004766953
241.5 0.004795437
242.5 0.004823909
243.5 0.004852371
244.5 0.004880819
245.5 0.004909254
246.5 0.004937675
247.5 0.00496608
248.5 0.004994469
249.5 0.005022841
250.5 0.005051195
251.5 0.005079531
252.5 0.005107846
253.5 0.005136141
254.5 0.005164415
255.5 0.005192666
256.5 0.005220894
257.5 0.005249098
258.5 0.005277277
259.5 0.00530543
260.5 0.005333557
261.5 0.005361655
262.5 0.005389726
263.5 0.005417766
264.5 0.005445777
265.5 0.005473757
266.5 0.005501705
267.5 0.005529619
268.5 0.005557501
269.5 0.005585347
270.5 0.005613158
271.5 0.005640933
272.5 0.005668671
273.5 0.005696371
274.5 0.005724032
275.5 0.005751653
276.5 0.005779233
277.5 0.005806772
278.5 0.005834269
279.5 0.005861722
280.5 0.005889132
281.5 0.005916496
282.5 0.005943815
283.5 0.005971087
284.5 0.005998311
285.5 0.006025487
286.5 0.006052614
287.5 0.006079691
288.5 0.006106716
289.5 0.00613369
290.5 0.006160612
291.5 0.006187479
292.5 0.006214293
293.5 0.006241051
294.5 0.006267753
295.5 0.006294398
296.5 0.006320985
297.5 0.006347514
298.5 0.006373984
299.5 0.006400393
300.5 0.00642674
301.5 0.006453026
302.5 0.00647925
303.5 0.006505409
304.5 0.006531504
305.5 0.006557534
306.5 0.006583498
307.5 0.006609395
308.5 0.006635224
309.5 0.006660985
310.5 0.006686677
311.5 0.006712299
312.5 0.00673785
313.5 0.006763329
314.5 0.006788737
315.5 0.006814071
316.5 0.006839332
317.5 0.006864518
318.5 0.006889629
319.5 0.006914665
320.5 0.006939623
321.5 0.006964505
322.5 0.006989309
323.5 0.007014034
324.5 0.007038679
325.5 0.007063245
326.5 0.007087731
327.5 0.007112135
328.5 0.007136457
329.5 0.007157254
330.5 0.007181399
331.5 0.007204732
332.5 0.007228706
333.5 0.007252595
334.5 0.007276398
335.5 0.001446333
336.5 0.001452352
337.5 0.001458368
338.5 0.00146438
339.5 0.001470388
340.5 0.001476393
341.5 0.001482394
342.5 0.00148839
343.5 0.001494382
344.5 0.001500371
345.5 0.001506354
346.5 0.001512333
347.5 0.001518308
348.5 0.001524278
349.5 0.001530243
350.5 0.001536203
351.5 0.001542159
352.5 0.001548109
353.5 0.001554054
354.5 0.001559994
355.5 0.001565928
356.5 0.001571857
357.5 0.00157778
358.5 0.001583697
359.5 0.001589609
360.5 0.001595515
361.5 0.001601414
362.5 0.001607308
363.5 0.001613196
364.5 0.001619077
365.5 0.001624952
366.5 0.00163082
367.5 0.001626387
368.5 0.001632214
369.5 0.001634841
370.5 0.001640647
371.5 0.001646446
372.5 0.001652239
373.5 0.001658024
374.5 0.001663803
375.5 0.001669574
376.5 0.001675338
377.5 0.001681095
378.5 0.001686844
379.5 0.001692585
380.5 0.001698319
381.5 0.001704045
382.5 0.001709763
383.5 0.001694763
384.5 0.001700416
385.5 0.00170606
386.5 0.001711697
387.5 0.001717326
388.5 0.001722946
389.5 0.001728559
390.5 0.001734163
391.5 0.001739758
392.5 0.001738222
393.5 0.001743784
394.5 0.001749338
395.5 0.001754883
396.5 0.001760419
397.5 0.001765946
398.5 0.001771465
399.5 0.001776974
400.5 0.001782474
401.5 0.001787965
402.5 0.001793447
403.5 0.001708977
404.5 0.001714247
405.5 0.00171951
406.5 0.001724763
407.5 0.001730009
408.5 0.001735245
409.5 0.001740473
410.5 0.001745692
411.5 0.001750902
412.5 0.001756103
413.5 0.001761296
414.5 0.001766479
415.5 0.001771653
416.5 0.001776817
417.5 0.001781972
418.5 0.001787118
419.5 0.001792254
420.5 0.001797381
421.5 0.001802498
422.5 0.001807605
423.5 0.001812703
424.5 0.00181779
425.5 0.001822868
426.5 0.001827935
427.5 0.001832993
428.5 0.00183804
429.5 0.001843077
430.5 0.001848103
431.5 0.001853119
432.5 0.001858125
433.5 0.00186312
434.5 0.001868104
435.5 0.001873078
436.5 0.00187804
437.5 0.001882992
438.5 0.001887933
439.5 0.001759084
440.5 0.001763771
441.5 0.001768449
442.5 0.001773117
443.5 0.001769663
444.5 0.001714634
445.5 0.001719159
446.5 0.001723676
447.5 0.001728183
448.5 0.001699607
449.5 0.001704045
450.5 0.001708475
451.5 0.001712896
452.5 0.001717308
453.5 0.001721711
454.5 0.001726105
455.5 0.00173049
456.5 0.001734866
457.5 0.001739233
458.5 0.00174359
459.5 0.001747939
460.5 0.001752277
461.5 0.001756607
462.5 0.001760927
463.5 0.001765237
464.5 0.001769538
465.5 0.001773829
466.5 0.00177811
467.5 0.001782382
468.5 0.001786644
469.5 0.001790896
470.5 0.001795138
471.5 0.00179937
472.5 0.001803592
473.5 0.001807804
474.5 0.001812006
475.5 0.001816198
476.5 0.001820379
477.5 0.00182455
478.5 0.001828711
479.5 0.001832861
480.5 0.001837
481.5 0.001650166
482.5 0.001654029
483.5 0.001657884
484.5 0.001626362
485.5 0.001630154
486.5 0.001633938
487.5 0.001637714
488.5 0.001641481
489.5 0.001593746
490.5 0.001597432
491.5 0.001601111
492.5 0.001604781
493.5 0.001608444
494.5 0.001612099
495.5 0.001615747
496.5 0.001619386
497.5 0.001623018
498.5 0.001626641
499.5 0.001630257
500.5 0.001633864
501.5 0.001637463
502.5 0.001641054
503.5 0.001644637
504.5 0.001648212
505.5 0.001651778
506.5 0.001655336
507.5 0.001658886
508.5 0.001662427
509.5 0.001663415
510.5 0.001666936
511.5 0.001670449
512.5 0.001673954
513.5 0.001677449
514.5 0.001680936
515.5 0.001684414
516.5 0.001687884
517.5 0.001691345
518.5 0.001694796
519.5 0.001698239
520.5 0.001700923
521.5 0.001704347
522.5 0.001707762
523.5 0.001711168
524.5 0.001714565
525.5 0.001717953
526.5 0.001721332
527.5 0.001724701
528.5 0.001728061
529.5 0.001731412
530.5 0.001734753
531.5 0.001738085
532.5 0.001741407
533.5 0.00174472
534.5 0.001748023
535.5 0.001751317
536.5 0.001754601
537.5 0.001757875
538.5 0.001761139
539.5 0.001764394
540.5 0.001767639
541.5 0.001770874
542.5 0.001774098
543.5 0.001777313
544.5 0.001780518
545.5 0.001783713
546.5 0.001786898
547.5 0.001790072
548.5 0.001793236
549.5 0.001796391
550.5 0.001799534
551.5 0.001802668
552.5 0.001805791
553.5 0.001808904
554.5 0.001812006
555.5 0.001815098
556.5 0.001818179
557.5 0.00182125
558.5 0.00182431
559.5 0.00182736
560.5 0.001830399
561.5 0.001833427
562.5 0.001836445
563.5 0.001839452
564.5 0.001842448
565.5 0.001845433
566.5 0.001848408
567.5 0.001851372
568.5 0.001854324
569.5 0.001857266
570.5 0.001860197
571.5 0.001863117
572.5 0.001866026
573.5 0.001868924
574.5 0.001434842
575.5 0.001437487
576.5 0.001440126
577.5 0.001442758
578.5 0.001445385
579.5 0.001448005
580.5 0.001450619
581.5 0.001453227
582.5 0.001455828
583.5 0.001458423
584.5 0.001461012
585.5 0.001463595
586.5 0.001466171
587.5 0.00146874
588.5 0.001464986
589.5 0.001467539
590.5 0.001470085
591.5 0.001472626
592.5 0.001475159
593.5 0.001477687
594.5 0.001480207
595.5 0.001482722
596.5 0.001205858
597.5 0.00120821
598.5 0.001210558
599.5 0.001212903
600.5 0.001215244
601.5 0.001217582
602.5 0.001219915
603.5 0.001222245
604.5 0.001224572
605.5 0.001226894
606.5 0.001229213
607.5 0.001231528
608.5 0.001233839
609.5 0.001236147
610.5 0.00123845
611.5 0.00124075
612.5 0.001243046
613.5 0.001245338
614.5 0.001247626
615.5 0.00124991
616.5 0.00125219
617.5 0.001254467
618.5 0.001256544
619.5 0.001258813
620.5 0.001261077
621.5 0.001263337
622.5 0.001265593
623.5 0.001267845
624.5 0.001270093
625.5 0.001272337
626.5 0.001274577
627.5 0.001276812
628.5 0.001279044
629.5 0.001281271
630.5 0.001283494
631.5 0.001285713
632.5 0.001287928
633.5 0.001231958
634.5 0.001234151
635.5 0.00123634
636.5 0.001238526
637.5 0.001240708
638.5 0.001242887
639.5 0.001245061
640.5 0.001247232
641.5 0.0012494
642.5 0.001251086
643.5 0.001253246
644.5 0.001255402
645.5 0.001257554
646.5 0.001259702
647.5 0.001261846
648.5 0.001263987
649.5 0.001266123
650.5 0.001268256
651.5 0.001270385
652.5 0.00127251
653.5 0.001274631
654.5 0.001276748
655.5 0.001278861
656.5 0.00128097
657.5 0.001283075
658.5 0.001285176
659.5 0.001287273
660.5 0.001289366
661.5 0.001291455
662.5 0.00129354
663.5 0.00129562
664.5 0.001297697
665.5 0.00129977
666.5 0.001301838
667.5 0.001303902
668.5 0.001305962
669.5 0.001308018
670.5 0.00131007
671.5 0.001312117
672.5 0.001314161
673.5 0.0013162
674.5 0.001318234
675.5 0.001320265
676.5 0.001322291
677.5 0.00131157
678.5 0.001313585
679.5 0.001315597
680.5 0.001317604
681.5 0.001319608
682.5 0.001321607
683.5 0.001323601
684.5 0.001325592
685.5 0.001327578
686.5 0.00132956
687.5 0.001331537
688.5 0.00133351
689.5 0.001335479
690.5 0.001337444
691.5 0.001339404
692.5 0.001341359
693.5 0.001343311
694.5 0.001345257
695.5 0.001322082
696.5 0.001324018
697.5 0.001325951
698.5 0.001327879
699.5 0.001329802
700.5 0.001331722
701.5 0.001333637
702.5 0.001335548
703.5 0.001337455
704.5 0.001339357
705.5 0.001340494
706.5 0.001342388
707.5 0.001344277
708.5 0.001346162
709.5 0.001348043
710.5 0.001349919
711.5 0.001349627
712.5 0.001351495
713.5 0.001353358
714.5 0.001355216
715.5 0.00135707
716.5 0.00135892
717.5 0.001360765
718.5 0.001362606
719.5 0.001364442
720.5 0.001366274
721.5 0.001368101
722.5 0.001369924
723.5 0.001371742
724.5 0.001373555
725.5 0.001375364
726.5 0.001377169
727.5 0.001378968
728.5 0.001380764
729.5 0.001382554
730.5 0.00138434
731.5 0.001386121
732.5 0.001387898
733.5 0.00138967
734.5 0.001391437
735.5 0.0013932
736.5 0.001394958
737.5 0.001396711
738.5 0.00139846
739.5 0.001400204
740.5 0.001401943
741.5 0.001368037
742.5 0.001369775
743.5 0.001371508
744.5 0.001373237
745.5 0.001374962
746.5 0.001376681
747.5 0.001378397
748.5 0.001380108
749.5 0.001381814
750.5 0.001383516
751.5 0.001385213
752.5 0.001386906
753.5 0.001388594
754.5 0.001390278
755.5 0.001391957
756.5 0.001393631
757.5 0.001395301
758.5 0.001396966
759.5 0.001398626
760.5 0.001400282
761.5 0.001401933
762.5 0.00140358
763.5 0.001405221
764.5 0.001406859
765.5 0.001408491
766.5 0.001410119
767.5 0.001411741
768.5 0.00141336
769.5 0.001414973
770.5 0.001416582
771.5 0.001418186
772.5 0.001419785
773.5 0.001421379
774.5 0.001422969
775.5 0.001424553
776.5 0.001426133
777.5 0.001427708
778.5 0.001429278
779.5 0.001430844
780.5 0.001432404
781.5 0.00143396
782.5 0.00143551
783.5 0.001432101
784.5 0.001433644
785.5 0.001435181
786.5 0.001436713
787.5 0.001438241
788.5 0.001439763
789.5 0.001441281
790.5 0.001442794
791.5 0.001444301
792.5 0.001445804
793.5 0.001447302
794.5 0.001448795
795.5 0.001450283
796.5 0.001451765
797.5 0.001453243
798.5 0.001454716
799.5 0.001456184
800.5 0.001457647
801.5 0.001459105
802.5 0.001460557
803.5 0.001462005
804.5 0.001463447
805.5 0.001464885
806.5 0.001466317
807.5 0.001467744
808.5 0.001469167
809.5 0.001470584
810.5 0.001471995
811.5 0.001473402
812.5 0.001474804
813.5 0.0014762
814.5 0.001477591
815.5 0.001478978
816.5 0.001480358
817.5 0.001481734
818.5 0.001483105
819.5 0.00148447
820.5 0.001484099
821.5 0.001485454
822.5 0.001486805
823.5 0.00148815
824.5 0.00148949
825.5 0.001490824
826.5 0.001492154
827.5 0.001493478
828.5 0.001494797
829.5 0.00149611
830.5 0.001497419
831.5 0.001498721
832.5 0.001500019
833.5 0.001501311
834.5 0.001502598
835.5 0.00150388
836.5 0.001505156
837.5 0.001506427
838.5 0.001507692
839.5 0.001508952
840.5 0.001510207
841.5 0.001511456
842.5 0.0015127
843.5 0.001513938
844.5 0.001515171
845.5 0.001516398
846.5 0.00151762
847.5 0.001518837
848.5 0.001520048
849.5 0.001521254
850.5 0.001522454
851.5 0.001523648
852.5 0.001524837
853.5 0.001526021
854.5 0.001527199
855.5 0.001528371
856.5 0.001529538
857.5 0.0015307
858.5 0.001531856
859.5 0.001533006
860.5 0.001534151
861.5 0.00153529
862.5 0.001536423
863.5 0.001537551
864.5 0.001538674
865.5 0.00153979
866.5 0.001540902
867.5 0.001542007
868.5 0.001543107
869.5 0.001544201
870.5 0.001545289
871.5 0.001546372
872.5 0.001547449
873.5 0.001548521
874.5 0.001549587
875.5 0.001550647
876.5 0.001550539
877.5 0.001551588
878.5 0.001552632
879.5 0.00155367
880.5 0.001554702
881.5 0.001555729
882.5 0.001556749
883.5 0.001557764
884.5 0.001558774
885.5 0.001559777
886.5 0.001560775
887.5 0.001561767
888.5 0.001562753
889.5 0.001563733
890.5 0.001564708
891.5 0.001565676
892.5 0.001566639
893.5 0.001567596
894.5 0.001568547
895.5 0.001569493
896.5 0.001570432
897.5 0.001571366
898.5 0.001572293
899.5 0.001573215
900.5 0.001558723
901.5 0.001559642
902.5 0.001560556
903.5 0.001561463
904.5 0.001562365
905.5 0.001563261
906.5 0.001564151
907.5 0.001565035
908.5 0.001565914
909.5 0.001566786
910.5 0.001567653
911.5 0.001568514
912.5 0.001569369
913.5 0.001570218
914.5 0.001571061
915.5 0.001571899
916.5 0.00157273
917.5 0.001573556
918.5 0.001574375
919.5 0.001575189
920.5 0.001575997
921.5 0.001576799
922.5 0.001577595
923.5 0.001578385
924.5 0.001579169
925.5 0.001579947
926.5 0.001580719
927.5 0.001581485
928.5 0.001582245
929.5 0.001582999
930.5 0.001583747
931.5 0.001584489
932.5 0.001585226
933.5 0.001585956
934.5 0.00158668
935.5 0.001587398
936.5 0.00158811
937.5 0.001588816
938.5 0.001589516
939.5 0.00159021
940.5 0.001590897
941.5 0.001591579
942.5 0.001592255
943.5 0.001592924
944.5 0.001593588
945.5 0.001594245
946.5 0.001594897
947.5 0.001595542
948.5 0.001596181
949.5 0.001596814
950.5 0.001597441
951.5 0.001598062
952.5 0.001594598
953.5 0.00159521
954.5 0.001595815
955.5 0.001596414
956.5 0.001597008
957.5 0.001597595
958.5 0.001598175
959.5 0.001536667
960.5 0.001537281
961.5 0.00153789
962.5 0.001538492
963.5 0.001539089
964.5 0.001539681
965.5 0.001540266
966.5 0.001540846
967.5 0.00154142
968.5 0.001541989
969.5 0.001542551
970.5 0.001543108
971.5 0.001543659
972.5 0.001544205
973.5 0.001544745
974.5 0.001449324
975.5 0.001449926
976.5 0.001450522
977.5 0.001451113
978.5 0.0014517
979.5 0.001452281
980.5 0.001452857
981.5 0.001453428
982.5 0.001453993
983.5 0.001454554
984.5 0.001455109
985.5 0.00145566
986.5 0.001456205
987.5 0.001456745
988.5 0.001457279
989.5 0.001457809
990.5 0.001458334
991.5 0.001458853
992.5 0.001459367
993.5 0.001459876
994.5 0.00146038
995.5 0.001460878
996.5 0.001461372
997.5 0.00146186
998.5 0.001462343
999.5 0.001462821
1000.5 0.001463294
1001.5 0.001463761
1002.5 0.001464223
1003.5 0.00146468
1004.5 0.001369913
1005.5 0.001370398
1006.5 0.001370919
1007.5 0.001371435
1008.5 0.001371946
1009.5 0.001372452
1010.5 0.001372955
1011.5 0.001373452
1012.5 0.001373945
1013.5 0.001374433
1014.5 0.001374917
1015.5 0.001375395
1016.5 0.00137587
1017.5 0.001376339
1018.5 0.001376804
1019.5 0.001377265
1020.5 0.001377721
1021.5 0.001378172
1022.5 0.001378618
1023.5 0.00137906
1024.5 0.001379497
1025.5 0.001379929
1026.5 0.001380357
1027.5 0.00138078
1028.5 0.001381199
1029.5 0.001381613
1030.5 0.001382022
1031.5 0.001382426
1032.5 0.001382826
1033.5 0.001383221
1034.5 0.001383611
1035.5 0.001383997
1036.5 0.001381726
1037.5 0.001382104
1038.5 0.001382478
1039.5 0.001382847
1040.5 0.00136679
1041.5 0.001367167
1042.5 0.001367539
1043.5 0.001367907
1044.5 0.00136827
1045.5 0.001368628
1046.5 0.001368982
1047.5 0.001369331
1048.5 0.001369676
1049.5 0.001370016
1050.5 0.001370351
1051.5 0.001370682
1052.5 0.001371008
1053.5 0.001371329
1054.5 0.001371422
1055.5 0.001371735
1056.5 0.001372042
1057.5 0.001372345
1058.5 0.001372644
1059.5 0.001372937
1060.5 0.001373226
1061.5 0.001373511
1062.5 0.00137379
1063.5 0.001374065
1064.5 0.001374336
1065.5 0.001374601
1066.5 0.001374862
1067.5 0.001373776
1068.5 0.001374029
1069.5 0.001374277
1070.5 0.001374521
1071.5 0.001374759
1072.5 0.001374993
1073.5 0.001375222
1074.5 0.001375447
1075.5 0.001375667
1076.5 0.001375882
1077.5 0.001376092
1078.5 0.001376298
1079.5 0.001376499
1080.5 0.001376695
1081.5 0.001373736
1082.5 0.001373926
1083.5 0.001374112
1084.5 0.001374292
1085.5 0.001374468
1086.5 0.00137464
1087.5 0.001374806
1088.5 0.001374968
1089.5 0.001375125
1090.5 0.001375277
1091.5 0.001375424
1092.5 0.001375567
1093.5 0.001375705
1094.5 0.001375838
1095.5 0.001375966
1096.5 0.00137609
1097.5 0.001376209
1098.5 0.001376323
1099.5 0.001376432
1100.5 0.001376536
1101.5 0.001376636
1102.5 0.001376731
1103.5 0.001376821
1104.5 0.001334478
1105.5 0.001334601
1106.5 0.001334719
1107.5 0.001334833
1108.5 0.001334942
1109.5 0.001335047
1110.5 0.001335147
1111.5 0.001331039
1112.5 0.001331134
1113.5 0.001331225
1114.5 0.001331311
1115.5 0.001331392
1116.5 0.001331469
1117.5 0.001331541
1118.5 0.001331609
1119.5 0.001331672
1120.5 0.001331731
1121.5 0.001331785
1122.5 0.001331834
1123.5 0.001331879
1124.5 0.001331919
1125.5 0.001331954
1126.5 0.001331985
1127.5 0.001332012
1128.5 0.001332033
1129.5 0.001332051
1130.5 0.001332063
1131.5 0.001332071
1132.5 0.001332075
1133.5 0.001332073
1134.5 0.001332068
1135.5 0.001332057
1136.5 0.001332042
1137.5 0.001332023
1138.5 0.001331998
1139.5 0.00133197
1140.5 0.001331936
1141.5 0.001331898
1142.5 0.001331856
1143.5 0.001331809
1144.5 0.001331757
1145.5 0.001331701
1146.5 0.00133164
1147.5 0.001330508
1148.5 0.00133044
1149.5 0.001330366
1150.5 0.001330288
1151.5 0.001330206
1152.5 0.001330119
1153.5 0.001330027
1154.5 0.001329931
1155.5 0.00132983
1156.5 0.001329724
1157.5 0.001329615
1158.5 0.0009224701
1159.5 0.0009227939
1160.5 0.0009231155
1161.5 0.0009234347
1162.5 0.0009237518
1163.5 0.0009240665
1164.5 0.0009243791
1165.5 0.0009246893
1166.5 0.0009249973
1167.5 0.000925303
1168.5 0.0009256065
1169.5 0.0009259077
1170.5 0.0009262066
1171.5 0.0009265033
1172.5 0.0009267977
1173.5 0.0009270898
1174.5 0.0009273797
1175.5 0.0009276673
1176.5 0.0009279526
1177.5 0.0009282356
1178.5 0.0009285164
1179.5 0.0009287948
1180.5 0.000929071
1181.5 0.0009293449
1182.5 0.0009296166
1183.5 0.0009293018
1184.5 0.0009295696
1185.5 0.000929835
1186.5 0.0009300981
1187.5 0.000930359
1188.5 0.0009306175
1189.5 0.0009308738
1190.5 0.0009311278
1191.5 0.0009313795
1192.5 0.0009316289
1193.5 0.000931876
1194.5 0.0009321208
1195.5 0.0009323633
1196.5 0.0009326035
1197.5 0.0009328414
1198.5 0.000933077
1199.5 0.0009333103
1200.5 0.0009335412
1201.5 0.0009337699
1202.5 0.0009339963
1203.5 0.0009342204
1204.5 0.0009344421
1205.5 0.0009346615
1206.5 0.0009348787
1207.5 0.0009350935
1208.5 0.0009353059
1209.5 0.0009355161
1210.5 0.0009357239
1211.5 0.0009359295
1212.5 0.0009361327
1213.5 0.0009363335
1214.5 0.0009365321
1215.5 0.0009367283
1216.5 0.0009369222
1217.5 0.0009371137
1218.5 0.000937303
1219.5 0.0009374898
1220.5 0.0009376744
1221.5 0.0009378566
1222.5 0.0009380365
1223.5 0.000938214
1224.5 0.0009383892
1225.5 0.000938562
1226.5 0.0009387325
1227.5 0.0009389007
1228.5 0.0009390665
1229.5 0.0009392299
1230.5 0.000939391
1231.5 0.0009395497
1232.5 0.0009397061
1233.5 0.0009398601
1234.5 0.0009400118
1235.5 0.0009401611
1236.5 0.000940308
1237.5 0.0009404526
1238.5 0.0009405948
1239.5 0.0009407346
1240.5 0.0009408721
1241.5 0.0009410072
1242.5 0.0009411399
1243.5 0.0009412702
1244.5 0.0009413981
1245.5 0.0009415237
1246.5 0.0009416469
1247.5 0.0009417677
1248.5 0.0009418861
1249.5 0.0009420021
1250.5 0.0009421158
1251.5 0.000942227
1252.5 0.0009423359
1253.5 0.0009398927
1254.5 0.0009399999
1255.5 0.0009401046
1256.5 0.000940207
1257.5 0.000940307
1258.5 0.0009404046
1259.5 0.0009404998
1260.5 0.0009405927
1261.5 0.0009406831
1262.5 0.0009407711
1263.5 0.0009408567
1264.5 0.00094094
1265.5 0.0009410208
1266.5 0.0009410992
1267.5 0.0009411752
1268.5 0.0009412489
1269.5 0.0009413201
1270.5 0.0009413889
1271.5 0.0009414553
1272.5 0.0009415193
1273.5 0.0009415808
1274.5 0.00094164
1275.5 0.0009416968
1276.5 0.0009417512
1277.5 0.0009418031
1278.5 0.0009418527
1279.5 0.0009418999
1280.5 0.0009419446
1281.5 0.0009419869
1282.5 0.0009420269
1283.5 0.0009420644
1284.5 0.0009420996
1285.5 0.0009421323
1286.5 0.0009421626
1287.5 0.0009421906
1288.5 0.0009422161
1289.5 0.0009422392
1290.5 0.00094226
1291.5 0.0009422783
1292.5 0.0008505244
1293.5 0.0008506679
1294.5 0.0008508095
1295.5 0.0008509491
1296.5 0.0008510867
1297.5 0.0008512224
1298.5 0.0008513562
1299.5 0.0008514879
1300.5 0.0008516178
1301.5 0.0008517456
1302.5 0.0008518716
1303.5 0.0008519955
1304.5 0.0008521175
1305.5 0.0008522375
1306.5 0.0008523556
1307.5 0.0008524717
1308.5 0.0008525858
1309.5 0.000852698
1310.5 0.0008528082
1311.5 0.0008529165
1312.5 0.0008530228
1313.5 0.0008531271
1314.5 0.0008532294
1315.5 0.0008533298
1316.5 0.0008534282
1317.5 0.0008535246
1318.5 0.0008536191
1319.5 0.0008537116
1320.5 0.0008538021
1321.5 0.0008538907
1322.5 0.0008539773
1323.5 0.0008540619
1324.5 0.0008541445
1325.5 0.0008542252
1326.5 0.0008543038
1327.5 0.0008543806
1328.5 0.0008544553
1329.5 0.000854528
1330.5 0.0008545988
1331.5 0.0008546676
1332.5 0.0008547344
1333.5 0.0008547993
1334.5 0.0008548621
1335.5 0.000854923
1336.5 0.0008549819
1337.5 0.0008550388
1338.5 0.0008550938
1339.5 0.0008551467
1340.5 0.0008551977
1341.5 0.0008552467
1342.5 0.0008552937
1343.5 0.0008553387
1344.5 0.0008553818
1345.5 0.0008554228
1346.5 0.0008554619
1347.5 0.000855499
1348.5 0.0008555341
1349.5 0.0008555672
1350.5 0.0008555983
1351.5 0.0008556274
1352.5 0.0008556546
1353.5 0.0008556797
1354.5 0.0008557029
1355.5 0.0008557241
1356.5 0.0008557432
1357.5 0.0008557604
1358.5 0.0008557757
1359.5 0.0008557889
1360.5 0.0008558001
1361.5 0.0008558093
1362.5 0.0008558166
1363.5 0.0008558218
1364.5 0.0008558251
1365.5 0.0008558263
1366.5 0.0008558256
1367.5 0.0008558229
1368.5 0.0008558182
1369.5 0.0008558115
1370.5 0.0008558028
1371.5 0.0008557921
1372.5 0.0008557794
1373.5 0.0008557647
1374.5 0.000855748
1375.5 0.0008557293
1376.5 0.0008557086
1377.5 0.000855686
1378.5 0.0008556613
1379.5 0.0008556346
1380.5 0.000855606
1381.5 0.0008555753
1382.5 0.0008555426
1383.5 0.000855508
1384.5 0.0008554713
1385.5 0.0008554327
1386.5 0.000855392
1387.5 0.0008553494
1388.5 0.0008553047
1389.5 0.0008552581
1390.5 0.0008552094
1391.5 0.0008551588
1392.5 0.0008551061
1393.5 0.0008550515
1394.5 0.0008549948
1395.5 0.0008549362
1396.5 0.0008548755
1397.5 0.0008548129
1398.5 0.0008547482
1399.5 0.0008546816
1400.5 0.0008546129
1401.5 0.0008545423
1402.5 0.0008544696
1403.5 0.000854395
1404.5 0.0008543183
1405.5 0.0008542397
1406.5 0.000854159
1407.5 0.0008540763
1408.5 0.0008539917
1409.5 0.000853905
1410.5 0.0008538163
1411.5 0.0008537257
1412.5 0.000853633
1413.5 0.0008535383
1414.5 0.0008534416
1415.5 0.0008533429
1416.5 0.0008532422
1417.5 0.0008531395
1418.5 0.0008530348
1419.5 0.0008529281
1420.5 0.0008528194
1421.5 0.0008527087
1422.5 0.000852596
1423.5 0.0008524813
1424.5 0.0008523645
1425.5 0.0008522458
1426.5 0.0008521251
1427.5 0.0008520023
1428.5 0.0008518776
1429.5 0.0008517508
1430.5 0.0008516221
1431.5 0.0008514913
1432.5 0.0008513585
1433.5 0.0008512237
1434.5 0.0008510869
1435.5 0.0008509482
1436.5 0.0008508073
1437.5 0.0008506645
1438.5 0.0008505197
1439.5 0.0008503729
1440.5 0.000850224
1441.5 0.0008500732
1442.5 0.0008499203
1443.5 0.0008497655
1444.5 0.0008496086
1445.5 0.0008494497
1446.5 0.0008492888
1447.5 0.0008491259
1448.5 0.000848961
1449.5 0.0008487941
1450.5 0.0008486251
1451.5 0.0008484542
1452.5 0.0008482812
1453.5 0.0008481062
1454.5 0.0008479292
1455.5 0.0008477502
1456.5 0.0008475692
1457.5 0.0008473861
1458.5 0.0008472011
1459.5 0.000847014
1460.5 0.0008468249
1461.5 0.0008466338
1462.5 0.0008464407
1463.5 0.0008462455
1464.5 0.0008460484
1465.5 0.0008458492
1466.5 0.000845648
1467.5 0.0008454447
1468.5 0.0008452395
1469.5 0.0008450322
1470.5 0.0008448229
1471.5 0.0008446116
1472.5 0.0008443982
1473.5 0.0008441829
1474.5 0.0008439655
1475.5 0.0008437461
1476.5 0.0008435246
1477.5 0.0008433011
1478.5 0.0008430756
1479.5 0.0008428481
1480.5 0.0008426185
1481.5 0.0008423869
1482.5 0.0008421533
1483.5 0.0008419176
1484.5 0.0008416799
1485.5 0.0008414402
1486.5 0.0008411984
1487.5 0.0008409546
1488.5 0.0008407088
1489.5 0.0008404609
1490.5 0.000840211
1491.5 0.000839959
1492.5 0.000839705
1493.5 0.000839449
1494.5 0.0008391909
1495.5 0.0008389308
1496.5 0.0008386687
1497.5 0.0008384045
1498.5 0.0008381383
1499.5 0.00083787
1500.5 0.0008375997
1501.5 0.0008373274
1502.5 0.000837053
1503.5 0.0008367766
1504.5 0.0008364981
1505.5 0.0008362177
1506.5 0.0008359351
1507.5 0.0008356506
1508.5 0.000835364
1509.5 0.0008350754
1510.5 0.0008347847
1511.5 0.0008344921
1512.5 0.0008341974
1513.5 0.0008339007
1514.5 0.0008336019
1515.5 0.0008333011
1516.5 0.0008329983
1517.5 0.0008326935
1518.5 0.0008323867
1519.5 0.0008320779
1520.5 0.000831767
1521.5 0.0008314542
1522.5 0.0008311393
1523.5 0.0008308224
1524.5 0.0008305035
1525.5 0.0008301826
1526.5 0.0007682687
1527.5 0.000733121
1528.5 0.000732953
1529.5 0.0007327834
1530.5 0.0007326122
1531.5 0.0007324393
1532.5 0.0007322648
1533.5 0.0007320887
1534.5 0.0007319109
1535.5 0.0007317315
1536.5 0.0007315505
1537.5 0.0007313678
1538.5 0.0007311835
1539.5 0.0007309976
1540.5 0.0007308101
1541.5 0.0007306209
1542.5 0.00073043
1543.5 0.0007302376
1544.5 0.0007300435
1545.5 0.0007298478
1546.5 0.0007296504
1547.5 0.0007294514
1548.5 0.0007292508
1549.5 0.0007290486
1550.5 0.0007288447
1551.5 0.0007286392
1552.5 0.0007284321
1553.5 0.0007282233
1554.5 0.0007280129
1555.5 0.0007278009
1556.5 0.0007275873
1557.5 0.000727372
1558.5 0.0007271551
1559.5 0.0007269366
1560.5 0.0007267164
1561.5 0.0007264947
1562.5 0.0007262713
1563.5 0.0007260462
1564.5 0.0007258196
1565.5 0.0007255913
1566.5 0.0007253614
1567.5 0.0007251299
1568.5 0.0007248967
1569.5 0.000724662
1570.5 0.0007244256
1571.5 0.0007241876
1572.5 0.0007239479
1573.5 0.0007237067
1574.5 0.0007234638
1575.5 0.0007232193
1576.5 0.0007229732
1577.5 0.0007227254
1578.5 0.0007224761
1579.5 0.0007222251
1580.5 0.0007219725
1581.5 0.0007217183
1582.5 0.0007214624
1583.5 0.000721205
1584.5 0.0007209459
1585.5 0.0007206852
1586.5 0.0007204229
1587.5 0.000720159
1588.5 0.0007198935
1589.5 0.0007196263
1590.5 0.0007193576
1591.5 0.0007190872
1592.5 0.0007188152
1593.5 0.0007185416
1594.5 0.0007182664
1595.5 0.0007179896
1596.5 0.0007177112
1597.5 0.0007174311
1598.5 0.0007171495
1599.5 0.0007168662
1600.5 0.0007165813
1601.5 0.0007162949
1602.5 0.0007160068
1603.5 0.0007157171
1604.5 0.0007154258
1605.5 0.0007151329
1606.5 0.0007148384
1607.5 0.0007145422
1608.5 0.0007142445
1609.5 0.0007139452
1610.5 0.0007136443
1611.5 0.0007133417
1612.5 0.0007130376
1613.5 0.0007127318
1614.5 0.0007124245
1615.5 0.0007121156
1616.5 0.000711805
1617.5 0.0007114929
1618.5 0.0007111791
1619.5 0.0007108638
1620.5 0.0007105468
1621.5 0.0007102283
1622.5 0.0007099082
1623.5 0.0007095864
1624.5 0.0007092631
1625.5 0.0007089382
1626.5 0.0007086116
1627.5 0.0007082835
1628.5 0.0007079538
1629.5 0.0007076225
1630.5 0.0007072896
1631.5 0.0007069551
1632.5 0.000706619
1633.5 0.0007062814
1634.5 0.0007059421
1635.5 0.0007056013
1636.5 0.0007052588
1637.5 0.0007049148
1638.5 0.0007045692
1639.5 0.0007042219
1640.5 0.0007038731
1641.5 0.0007035228
1642.5 0.0007031708
1643.5 0.0007028172
1644.5 0.0007024621
1645.5 0.0007021053
1646.5 0.000701747
1647.5 0.0007013871
1648.5 0.0007010257
1649.5 0.0007006626
1650.5 0.0007002979
1651.5 0.0006999317
1652.5 0.0006995639
1653.5 0.0006991945
1654.5 0.0006988235
1655.5 0.000698451
1656.5 0.0006980768
1657.5 0.0006977011
1658.5 0.0006973238
1659.5 0.000696945
1660.5 0.0006965645
1661.5 0.0006961825
1662.5 0.0006957989
1663.5 0.0006954137
1664.5 0.0006950269
1665.5 0.0006946386
1666.5 0.0006942487
1667.5 0.0006938572
1668.5 0.0006934642
1669.5 0.0006930695
1670.5 0.0006926733
1671.5 0.0006922756
1672.5 0.0006918762
1673.5 0.0006914753
1674.5 0.0006910728
1675.5 0.0006906687
1676.5 0.0006902631
1677.5 0.0006898559
1678.5 0.0006894471
1679.5 0.0006890368
1680.5 0.0006886249
1681.5 0.0006882114
1682.5 0.0006877964
1683.5 0.0006873798
1684.5 0.0006869616
1685.5 0.0006865418
1686.5 0.0006861205
1687.5 0.0006856976
1688.5 0.0006852732
1689.5 0.0006848472
1690.5 0.0006844196
1691.5 0.0006839905
1692.5 0.0006835598
1693.5 0.0006831276
1694.5 0.0006826937
1695.5 0.0006822584
1696.5 0.0006818214
1697.5 0.0006813829
1698.5 0.0006809429
1699.5 0.0006805013
1700.5 0.0006800581
1701.5 0.0006796134
1702.5 0.0006791672
1703.5 0.0006787193
1704.5 0.00067827
1705.5 0.000677819
1706.5 0.0006773666
1707.5 0.0006769126
1708.5 0.000676457
1709.5 0.0006759999
1710.5 0.0006755412
1711.5 0.000675081
1712.5 0.0006746193
1713.5 0.000674156
1714.5 0.0006736912
1715.5 0.0006732248
1716.5 0.0006727569
1717.5 0.0006722875
1718.5 0.0006718165
1719.5 0.000671344
1720.5 0.00067087
1721.5 0.0006703944
1722.5 0.0006699173
1723.5 0.0006694387
1724.5 0.0006689585
1725.5 0.0006684768
1726.5 0.0006679936
1727.5 0.0006675089
1728.5 0.0006670226
1729.5 0.0006665348
1730.5 0.0006660455
1731.5 0.0005870138
1732.5 0.0005866517
1733.5 0.0005862884
1734.5 0.0005859238
1735.5 0.0005855579
1736.5 0.0005851907
1737.5 0.0005848223
1738.5 0.0005844527
1739.5 0.0005840817
1740.5 0.0005837095
1741.5 0.000583336
1742.5 0.0005829613
1743.5 0.0005825853
1744.5 0.000582208
1745.5 0.0005818295
1746.5 0.0005814497
1747.5 0.0005810686
1748.5 0.0005806863
1749.5 0.0005803027
1750.5 0.0005799178
1751.5 0.0005795316
1752.5 0.0005791442
1753.5 0.0005787556
1754.5 0.0005783656
1755.5 0.0005779744
1756.5 0.0005775819
1757.5 0.0005771881
1758.5 0.0005767931
1759.5 0.0005763968
1760.5 0.0005759992
1761.5 0.0005756004
1762.5 0.0005752003
1763.5 0.0005747989
1764.5 0.0005743962
1765.5 0.0005739923
1766.5 0.0005735871
1767.5 0.0005731806
1768.5 0.0005727728
1769.5 0.0005723638
1770.5 0.0005719535
1771.5 0.0005715419
1772.5 0.0005711291
1773.5 0.0005707149
1774.5 0.0005702995
1775.5 0.0005698829
1776.5 0.0005694649
1777.5 0.0005690457
1778.5 0.0005686252
1779.5 0.0005682034
1780.5 0.0005677804
1781.5 0.0005673561
1782.5 0.0005669306
1783.5 0.0005665037
1784.5 0.0005660757
1785.5 0.0005656463
1786.5 0.0005652157
1787.5 0.0005647838
1788.5 0.0005643507
1789.5 0.0005639163
1790.5 0.0005634807
1791.5 0.0005630438
1792.5 0.0005626057
1793.5 0.0005621663
1794.5 0.0005617257
1795.5 0.0005612838
1796.5 0.0005608407
1797.5 0.0005603964
1798.5 0.0005599509
1799.5 0.0005560842
1800.5 0.000555642
1801.5 0.0005551986
1802.5 0.0005547539
1803.5 0.0004517858
1804.5 0.0004515289
1805.5 0.0004512712
1806.5 0.0004510125
1807.5 0.0004507529
1808.5 0.0004504924
1809.5 0.0004502309
1810.5 0.0004499686
1811.5 0.0004497053
1812.5 0.0004494411
1813.5 0.000449176
1814.5 0.00044891
1815.5 0.0004486431
1816.5 0.0004483752
1817.5 0.0004481064
1818.5 0.0004478368
1819.5 0.0004475662
1820.5 0.0004472947
1821.5 0.0004470223
1822.5 0.000446749
1823.5 0.0004464747
1824.5 0.0004461996
1825.5 0.0004459235
1826.5 0.0004456466
1827.5 0.0004453687
1828.5 0.0004450899
1829.5 0.0004448102
1830.5 0.0004445296
1831.5 0.0004442481
1832.5 0.0004439657
1833.5 0.0004436824
1834.5 0.0004433982
1835.5 0.0004431131
1836.5 0.000442827
1837.5 0.0004425401
1838.5 0.0004422523
1839.5 0.0004419635
1840.5 0.0004416739
1841.5 0.0004413834
1842.5 0.0004410919
1843.5 0.0004407996
1844.5 0.0004405064
1845.5 0.0004402122
1846.5 0.0004399172
1847.5 0.0004396213
1848.5 0.0004393244
1849.5 0.0004390267
1850.5 0.0004387281
1851.5 0.0004384286
1852.5 0.0004381281
1853.5 0.0004378268
1854.5 0.0004375246
1855.5 0.0004372215
1856.5 0.0004369176
1857.5 0.0004366127
1858.5 0.0004363069
1859.5 0.0004360002
1860.5 0.0004356927
1861.5 0.0004353843
1862.5 0.0004350749
1863.5 0.0004347647
1864.5 0.0004344536
1865.5 0.0004341416
1866.5 0.0004338287
1867.5 0.000433515
1868.5 0.0004332003
1869.5 0.0004328848
1870.5 0.0004325684
1871.5 0.0004322511
1872.5 0.0004319329
1873.5 0.0004316138
1874.5 0.0004312939
1875.5 0.0004309731
1876.5 0.0004306514
1877.5 0.0004303288
1878.5 0.0004300053
1879.5 0.000429681
1880.5 0.0004293557
1881.5 0.0004290296
1882.5 0.0004287027
1883.5 0.0004283748
1884.5 0.0004280461
1885.5 0.0004277165
1886.5 0.000427386
1887.5 0.0004270547
1888.5 0.0004267225
1889.5 0.0004263894
1890.5 0.0004260554
1891.5 0.0004257206
1892.5 0.0004253849
1893.5 0.0004250484
1894.5 0.0004247109
1895.5 0.0004243726
1896.5 0.0004240335
1897.5 0.0004236934
1898.5 0.0004233525
1899.5 0.0004230108
1900.5 0.0004226681
1901.5 0.0004223247
1902.5 0.0004219803
1903.5 0.0004216351
1904.5 0.000421289
1905.5 0.0004209421
1906.5 0.0004205943
1907.5 0.0004202457
1908.5 0.0004198962
1909.5 0.0004195458
1910.5 0.0004191946
1911.5 0.0004188425
1912.5 0.0004184896
1913.5 0.0004181359
1914.5 0.0004177812
1915.5 0.0004174258
1916.5 0.0004170694
1917.5 0.0004167122
1918.5 0.0004163542
1919.5 0.0004159954
1920.5 0.0004156356
1921.5 0.0004152751
1922.5 0.0004149137
1923.5 0.0004145514
1924.5 0.0004141883
1925.5 0.0004138244
1926.5 0.0004134596
1927.5 0.000413094
1928.5 0.0004127275
1929.5 0.0004123602
1930.5 0.0004119921
1931.5 0.0004116231
1932.5 0.0004112533
1933.5 0.0004108827
1934.5 0.0004105112
1935.5 0.0004101389
1936.5 0.0004097657
1937.5 0.0004093918
1938.5 0.000409017
1939.5 0.0004086413
1940.5 0.0003977261
1941.5 0.0003973676
1942.5 0.0003970083
1943.5 0.0003966482
1944.5 0.0003962873
1945.5 0.0003959256
1946.5 0.0003955631
1947.5 0.0003951998
1948.5 0.0003948357
1949.5 0.0003944708
1950.5 0.0003941052
1951.5 0.0003937387
1952.5 0.0003933715
1953.5 0.0003930035
1954.5 0.0003926346
1955.5 0.000392265
1956.5 0.0003918947
1957.5 0.0003915235
1958.5 0.0003911515
1959.5 0.0003907788
1960.5 0.0003904053
1961.5 0.000390031
1962.5 0.0003896559
1963.5 0.00038928
1964.5 0.0003889034
1965.5 0.0003885259
1966.5 0.0003881477
1967.5 0.0003877688
1968.5 0.000387389
1969.5 0.0003870085
1970.5 0.0003866272
1971.5 0.0003862451
1972.5 0.0003858623
1973.5 0.0003854786
1974.5 0.0003850943
1975.5 0.0003847091
1976.5 0.0003843232
1977.5 0.0003839365
1978.5 0.000383549
1979.5 0.0003831608
1980.5 0.0003827718
1981.5 0.0003823821
1982.5 0.0003819915
1983.5 0.0003816003
1984.5 0.0003812082
1985.5 0.0003808154
1986.5 0.0003804219
1987.5 0.0003800275
1988.5 0.0003796325
1989.5 0.0003792366
1990.5 0.00037884
1991.5 0.0003784427
1992.5 0.0003780446
1993.5 0.0003776457
1994.5 0.0003772461
1995.5 0.0003768457
1996.5 0.0003764446
1997.5 0.0003760428
1998.5 0.0003756401
1999.5 0.0003752368
2000.5 0.0003748327
2001.5 0.0003744278
2002.5 0.0003740222
2003.5 0.0003736159
2004.5 0.0003732088
2005.5 0.0003728009
2006.5 0.0003723923
2007.5 0.000371983
2008.5 0.000371573
2009.5 0.0003711622
2010.5 0.0003707506
2011.5 0.0003703383
2012.5 0.0003699253
2013.5 0.0003695116
2014.5 0.0003690971
2015.5 0.0003686819
2016.5 0.0003682659
2017.5 0.0003678492
2018.5 0.0003674318
2019.5 0.0003670137
2020.5 0.0003665948
2021.5 0.0003661752
2022.5 0.0003657548
2023.5 0.0003653338
2024.5 0.000364912
2025.5 0.0003644895
2026.5 0.0003640662
2027.5 0.0003636423
2028.5 0.0003632176
2029.5 0.0003627922
2030.5 0.0003623661
2031.5 0.0003619392
2032.5 0.0003615117
2033.5 0.0003610834
2034.5 0.0003606544
2035.5 0.0003602247
2036.5 0.0003597943
2037.5 0.0003593632
2038.5 0.0003589314
2039.5 0.0003584988
2040.5 0.0003580656
2041.5 0.0003576316
2042.5 0.000357197
2043.5 0.0003567616
2044.5 0.0003563255
2045.5 0.0003558888
2046.5 0.0003554513
2047.5 0.0003550132
2048.5 0.0003545743
2049.5 0.0003541348
2050.5 0.0003536945
2051.5 0.0003532536
2052.5 0.000352812
2053.5 0.0003523697
2054.5 0.0003519267
2055.5 0.0003514831
2056.5 0.0003510387
2057.5 0.0003505937
2058.5 0.000350148
2059.5 0.0003497016
2060.5 0.0003492546
2061.5 0.0003488068
2062.5 0.0003483584
2063.5 0.0003479094
2064.5 0.0003474596
2065.5 0.0003470092
2066.5 0.0003465581
2067.5 0.0003461064
2068.5 0.000345654
2069.5 0.0002957587
2070.5 0.0002953962
2071.5 0.0002950331
2072.5 0.0002946696
2073.5 0.0002943055
2074.5 0.0002939408
2075.5 0.0002935757
2076.5 0.00029321
2077.5 0.0002928437
2078.5 0.000292477
2079.5 0.0002921097
2080.5 0.0002917419
2081.5 0.0002913735
2082.5 0.0002910046
2083.5 0.0002906352
2084.5 0.0002902653
2085.5 0.0002898949
2086.5 0.0002895239
2087.5 0.0002891524
2088.5 0.0002887804
2089.5 0.0002884079
2090.5 0.0002880348
2091.5 0.0002876613
2092.5 0.0002872872
2093.5 0.0002869126
2094.5 0.0002865375
2095.5 0.0002861619
2096.5 0.0002857858
2097.5 0.0002854091
2098.5 0.000285032
2099.5 0.0002846544
2100.5 0.0002842762
2101.5 0.0002838976
2102.5 0.0002835184
2103.5 0.0002831387
2104.5 0.0002827586
2105.5 0.0002823779
2106.5 0.0002819968
2107.5 0.0002816151
2108.5 0.000281233
2109.5 0.0002808503
2110.5 0.0002804672
2111.5 0.0002800835
2112.5 0.0002796994
2113.5 0.0002793148
2114.5 0.0002789297
2115.5 0.0002785441
2116.5 0.000278158
2117.5 0.0002777714
2118.5 0.0002773843
2119.5 0.0002769968
2120.5 0.0002766088
2121.5 0.0002762202
2122.5 0.0002758312
2123.5 0.0002754418
2124.5 0.0002750518
2125.5 0.0002746614
2126.5 0.0002742705
2127.5 0.0002738791
2128.5 0.0002734872
2129.5 0.0002730949
2130.5 0.0002727021
2131.5 0.0002723088
2132.5 0.000271915
2133.5 0.0002715208
2134.5 0.0002711261
2135.5 0.0002707309
2136.5 0.0002703353
2137.5 0.0002699392
2138.5 0.0002695426
2139.5 0.0002691456
2140.5 0.0002687481
2141.5 0.0002683501
2142.5 0.0002679517
2143.5 0.0002675528
2144.5 0.0002671534
2145.5 0.0002667536
2146.5 0.0002663533
2147.5 0.0002659526
2148.5 0.0002655514
2149.5 0.0002651497
2150.5 0.0002647476
2151.5 0.0002643451
2152.5 0.000263942
2153.5 0.0002635386
2154.5 0.0002631346
2155.5 0.0002627302
2156.5 0.0002623254
2157.5 0.0002619201
2158.5 0.0002615143
2159.5 0.0002611081
2160.5 0.0002607015
2161.5 0.0002602943
2162.5 0.0002598868
2163.5 0.0002594788
2164.5 0.0002590703
2165.5 0.0002586614
2166.5 0.000258252
2167.5 0.0002578422
2168.5 0.0002574319
2169.5 0.0002570212
2170.5 0.00025661
2171.5 0.0002561984
2172.5 0.0002557863
2173.5 0.0002553738
2174.5 0.0002549608
2175.5 0.0002545474
2176.5 0.0002541336
2177.5 0.0002537192
2178.5 0.0002533045
2179.5 0.0002528892
2180.5 0.0002524736
2181.5 0.0002520574
2182.5 0.0002516409
2183.5 0.0002512238
2184.5 0.0002508063
2185.5 0.0002503884
2186.5 0.00024997
2187.5 0.0002495512
2188.5 0.0002491319
2189.5 0.0002487121
2190.5 0.0002482919
2191.5 0.0002478712
2192.5 0.0002474501
2193.5 0.0002470285
2194.5 0.0002466065
2195.5 0.0002461839
2196.5 0.000245761
2197.5 0.0002453376
2198.5 0.0002449137
2199.5 0.0002444893
2200.5 0.0002440645
2201.5 0.0002436392
2202.5 0.0002432134
2203.5 0.0002427872
2204.5 0.0002423605
2205.5 0.0002419334
2206.5 0.0002415057
2207.5 0.0002410776
2208.5 0.0002406491
2209.5 0.00024022
2210.5 0.0002397905
2211.5 0.0002393605
2212.5 0.00023893
2213.5 0.000238499
2214.5 0.0002380676
2215.5 0.0002376357
2216.5 0.0002372033
2217.5 0.0002367704
2218.5 0.000236337
2219.5 0.0002359032
2220.5 0.0002354689
2221.5 0.0002350341
2222.5 0.0002345988
2223.5 0.000234163
2224.5 0.0002337268
2225.5 0.00023329
2226.5 0.0002328528
2227.5 0.0002324151
2228.5 0.0002319769
2229.5 0.0002315383
2230.5 0.0002310992
2231.5 0.0002306596
2232.5 0.0002302195
2233.5 0.000229779
2234.5 0.000229338
2235.5 0.0002288965
2236.5 0.0002284545
2237.5 0.0002280122
2238.5 0.0002275693
2239.5 0.000227126
2240.5 0.0002266823
2241.5 0.0002262381
2242.5 0.0002257934
2243.5 0.0002253484
2244.5 0.0002249029
2245.5 0.0002244569
2246.5 0.0002240105
2247.5 0.0002235638
2248.5 0.0002231165
2249.5 0.0002226689
2250.5 0.0002222209
2251.5 0.0002217724
2252.5 0.0002213235
2253.5 0.0002208742
2254.5 0
2255.5 0
2256.5 0
2257.5 0
2258.5 0
2259.5 0
2260.5 0
2261.5 0
2262.5 0
2263.5 0
2264.5 0
2265.5 0
2266.5 0
2267.5 0
2268.5 0
2269.5 0
2270.5 0
2271.5 0
2272.5 0
2273.5 0
2274.5 0
2275.5 0
2276.5 0
2277.5 0
2278.5 0
2279.5 0
2280.5 0
2281.5 0
2282.5 0
2283.5 0
2284.5 0
2285.5 0
2286.5 0
2287.5 0
2288.5 0
2289.5 0
2290.5 0
2291.5 0
2292.5 0
2293.5 0
2294.5 0
2295.5 0
2296.5 0
2297.5 0
2298.5 0
2299.5 0
2300.5 0
2301.5 0
2302.5 0
2303.5 0
2304.5 0
2305.5 0
2306.5 0
2307.5 0
2308.5 0
2309.5 0
2310.5 0
2311.5 0
2312.5 0
2313.5 0
2314.5 0
2315.5 0
2316.5 0
2317.5 0
2318.5 0
2319.5 0
2320.5 0
2321.5 0
2322.5 0
2323.5 0
2324.5 0
2325.5 0
2326.5 0
2327.5 0
2328.5 0
2329.5 0
2330.5 0
2331.5 0
2332.5 0
2333.5 0
2334.5 0
2335.5 0
2336.5 0
2337.5 0
2338.5 0
2339.5 0
2340.5 0
2341.5 0
2342.5 0
2343.5 0
2344.5 0
2345.5 0
2346.5 0
2347.5 0
2348.5 0
2349.5 0
2350.5 0
2351.5 0
2352.5 0
2353.5 0
2354.5 0
2355.5 0
2356.5 0
2357.5 0
2358.5 0
2359.5 0
2360.5 0
2361.5 0
2362.5 0
2363.5 0
2364.5 0
2365.5 0
2366.5 0
2367.5 0
2368.5 0
2369.5 0
2370.5 0
2371.5 0
2372.5 0
2373.5 0
2374.5 0
2375.5 0
2376.5 0
2377.5 0
2378.5 0
2379.5 0
2380.5 0
2381.5 0
2382.5 0
2383.5 0
2384.5 0
2385.5 0
2386.5 0
2387.5 0
2388.5 0
2389.5 0
2390.5 0
2391.5 0
2392.5 0
2393.5 0
2394.5 0
2395.5 0
2396.5 0
2397.5 0
2398.5 0
2399.5 0
2400.5 0
2401.5 0
2402.5 0
2403.5 0
2404.5 0
2405.5 0
2406.5 0
2407.5 0
2408.5 0
2409.5 0
2410.5 0
2411.5 0
2412.5 0
2413.5 0
2414.5 0
2415.5 0
2416.5 0
2417.5 0
2418.5 0
2419.5 0
2420.5 0
2421.5 0
2422.5 0
2423.5 0
2424.5 0
2425.5 0
2426.5 0
2427.5 0
2428.5 0
2429.5 0
2430.5 0
2431.5 0
2432.5 0
2433.5 0
2434.5 0
2435.5 0
2436.5 0
2437.5 0
2438.5 0
2439.5 0
2440.5 0
2441.5 0
2442.5 0
2443.5 0
2444.5 0
2445.5 0
2446.5 0
2447.5 0
2448.5 0
2449.5 0
2450.5 0
2451.5 0
2452.5 0
2453.5 0
2454.5 0
2455.5 0
2456.5 0
2457.5 0
2458.5 0
2459.5 0
2460.5 0
2461.5 0
2462.5 0
2463.5 0
2464.5 0
2465.5 0
2466.5 0
2467.5 0
2468.5 0
2469.5 0
2470.5 0
2471.5 0
2472.5 0
2473.5 0
2474.5 0
2475.5 0
2476.5 0
2477.5 0
2478.5 0
2479.5 0
2480.5 0
2481.5 0
2482.5 0
2483.5 0
2484.5 0
2485.5 0
2486.5 0
2487.5 0
2488.5 0
2489.5 0
2490.5 0
2491.5 0
2492.5 0
2493.5 0
2494.5 0
2495.5 0
2496.5 0
2497.5 0
2498.5 0
2499.5 0
2500.5 0
2501.5 0
2502.5 0
2503.5 0
2504.5 0
2505.5 0
2506.5 0
2507.5 0
2508.5 0
2509.5 0
2510.5 0
2511.5 0
2512.5 0
2513.5 0
2514.5 0
2515.5 0
2516.5 0
2517.5 0
2518.5 0
2519.5 0
2520.5 0
2521.5 0
2522.5 0
2523.5 0
2524.5 0
2525.5 0
2526.5 0
2527.5 0
2528.5 0
2529.5 0
2530.5 0
2531.5 0
2532.5 0
2533.5 0
2534.5 0
2535.5 0
2536.5 0
2537.5 0
2538.5 0
2539.5 0
2540.5 0
2541.5 0
2542.5 0
2543.5 0
2544.5 0
2545.5 0
2546.5 0
2547.5 0
2548.5 0
2549.5 0
2550.5 0
2551.5 0
2552.5 0
2553.5 0
2554.5 0
2555.5 0
2556.5 0
2557.5 0
2558.5 0
2559.5 0
2560.5 0
2561.5 0
2562.5 0
2563.5 0
2564.5 0
2565.5 0
2566.5 0
2567.5 0
2568.5 0
2569.5 0
2570.5 0
2571.5 0
2572.5 0
2573.5 0
2574.5 0
2575.5 0
2576.5 0
2577.5 0
2578.5 0
2579.5 0
2580.5 0
2581.5 0
2582.5 0
2583.5 0
2584.5 0
2585.5 0
2586.5 0
2587.5 0
2588.5 0
2589.5 0
2590.5 0
2591.5 0
2592.5 0
2593.5 0
2594.5 0
2595.5 0
2596.5 0
2597.5 0
2598.5 0
2599.5 0
2600.5 0
2601.5 0
2602.5 0
2603.5 0
2604.5 0
2605.5 0
2606.5 0
2607.5 0
2608.5 0
2609.5 0
2610.5 0
2611.5 0
2612.5 0
2613.5 0
2614.5 0
2615.5 0
2616.5 0
2617.5 0
2618.5 0
2619.5 0
2620.5 0
2621.5 0
2622.5 0
2623.5 0
2624.5 0
2625.5 0
2626.5 0
2627.5 0
2628.5 0
2629.5 0
2630.5 0
2631.5 0
2632.5 0
2633.5 0
2634.5 0
2635.5 0
2636.5 0
2637.5 0
2638.5 0
2639.5 0
2640.5 0
2641.5 0
2642.5 0
2643.5 0
2644.5 0
2645.5 0
2646.5 0
2647.5 0
2648.5 0
2649.5 0
2650.5 0
2651.5 0
2652.5 0
2653.5 0
2654.5 0
2655.5 0
2656.5 0
2657.5 0
2658.5 0
2659.5 0
2660.5 0
2661.5 0
2662.5 0
2663.5 0
2664.5 0
2665.5 0
2666.5 0
2667.5 0
2668.5 0
2669.5 0
2670.5 0
2671.5 0
2672.5 0
2673.5 0
2674.5 0
2675.5 0
2676.5 0
2677.5 0
2678.5 0
2679.5 0
2680.5 0
2681.5 0
2682.5 0
2683.5 0
2684.5 0
2685.5 0
2686.5 0
2687.5 0
2688.5 0
2689.5 0
2690.5 0
2691.5 0
2692.5 0
2693.5 0
2694.5 0
2695.5 0
2696.5 0
2697.5 0
2698.5 0
2699.5 0
2700.5 0
2701.5 0
2702.5 0
2703.5 0
2704.5 0
2705.5 0
2706.5 0
2707.5 0
2708.5 0
2709.5 0
2710.5 0
2711.5 0
2712.5 0
2713.5 0
2714.5 0
2715.5 0
2716.5 0
2717.5 0
2718.5 0
2719.5 0
2720.5 0
2721.5 0
2722.5 0
2723.5 0
2724.5 0
2725.5 0
2726.5 0
2727.5 0
2728.5 0
2729.5 0
2730.5 0
2731.5 0
2732.5 0
2733.5 0
2734.5 0
2735.5 0
2736.5 0
2737.5 0
2738.5 0
2739.5 0
2740.5 0
2741.5 0
2742.5 0
2743.5 0
2744.5 0
2745.5 0
2746.5 0
2747.5 0
2748.5 0
2749.5 0
2750.5 0
2751.5 0
2752.5 0
2753.5 0
2754.5 0
2755.5 0
2756.5 0
2757.5 0
2758.5 0
2759.5 0
2760.5 0
2761.5 0
2762.5 0
2763.5 0
2764.5 0
2765.5 0
2766.5 0
2767.5 0
2768.5 0
2769.5 0
2770.5 0
2771.5 0
2772.5 0
2773.5 0
2774.5 0
2775.5 0
2776.5 0
2777.5 0
2778.5 0
2779.5 0
2780.5 0
2781.5 0
2782.5 0
2783.5 0
2784.5 0
2785.5 0
2786.5 0
2787.5 0
2788.5 0
2789.5 0
2790.5 0
2791.5 0
2792.5 0
2793.5 0
2794.5 0
2795.5 0
2796.5 0
2797.5 0
2798.5 0
2799.5 0
2800.5 0
2801.5 0
2802.5 0
2803.5 0
2804.5 0
2805.5 0
2806.5 0
2807.5 0
2808.5 0
2809.5 0
2810.5 0
2811.5 0
2812.5 0
2813.5 0
2814.5 0
2815.5 0
2816.5 0
2817.5 0
2818.5 0
2819.5 0
2820.5 0
2821.5 0
2822.5 0
2823.5 0
2824.5 0
2825.5 0
2826.5 0
2827.5 0
2828.5 0
2829.5 0
2830.5 0
2831.5 0
2832.5 0
2833.5 0
2834.5 0
2835.5 0
2836.5 0
2837.5 0
2838.5 0
2839.5 0
2840.5 0
2841.5 0
2842.5 0
2843.5 0
2844.5 0
2845.5 0
2846.5 0
2847.5 0
2848.5 0
2849.5 0
2850.5 0
2851.5 0
2852.5 0
2853.5 0
2854.5 0
2855.5 0
2856.5 0
2857.5 0
2858.5 0
2859.5 0
2860.5 0
2861.5 0
2862.5 0
2863.5 0
2864.5 0
2865.5 0
2866.5 0
2867.5 0
2868.5 0
2869.5 0
2870.5 0
2871.5 0
2872.5 0
2873.5 0
2874.5 0
2875.5 0
2876.5 0
2877.5 0
2878.5 0
2879.5 0
2880.5 0
2881.5 0
2882.5 0
2883.5 0
2884.5 0
2885.5 0
2886.5 0
2887.5 0
2888.5 0
2889.5 0
2890.5 0
2891.5 0
2892.5 0
2893.5 0
2894.5 0
2895.5 0
2896.5 0
2897.5 0
2898.5 0
2899.5 0
2900.5 0
2901.5 0
2902.5 0
2903.5 0
2904.5 0
2905.5 0
2906.5 0
2907.5 0
2908.5 0
2909.5 0
2910.5 0
2911.5 0
2912.5 0
2913.5 0
2914.5 0
2915.5 0
2916.5 0
2917.5 0
2918.5 0
2919.5 0
2920.5 0
2921.5 0
2922.5 0
2923.5 0
2924.5 0
2925.5 0
2926.5 0
2927.5 0
2928.5 0
2929.5 0
2930.5 0
2931.5 0
2932.5 0
2933.5 0
2934.5 0
2935.5 0
2936.5 0
2937.5 0
2938.5 0
2939.5 0
2940.5 0
2941.5 0
2942.5 0
2943.5 0
2944.5 0
2945.5 0
2946.5 0
2947.5 0
2948.5 0
2949.5 0
2950.5 0
2951.5 0
2952.5 0
2953.5 0
2954.5 0
2955.5 0
2956.5 0
2957.5 0
2958.5 0
2959.5 0
2960.5 0
2961.5 0
2962.5 0
2963.5 0
2964.5 0
2965.5 0
2966.5 0
2967.5 0
2968.5 0
2969.5 0
2970.5 0
2971.5 0
2972.5 0
2973.5 0
2974.5 0
2975.5 0
2976.5 0
2977.5 0
2978.5 0
2979.5 0
2980.5 0
2981.5 0
2982.5 0
2983.5 0
2984.5 0
2985.5 0
2986.5 0
2987.5 0
2988.5 0
2989.5 0
2990.5 0
2991.5 0
2992.5 0
2993.5 0
2994.5 0
2995.5 0
2996.5 0
2997.5 0
2998.5 0
2999.5 0
3000.5 0
3001.5 0
3002.5 0
3003.5 0
3004.5 0
3005.5 0
3006.5 0
3007.5 0
3008.5 0
3009.5 0
3010.5 0
3011.5 0
3012.5 0
3013.5 0
3014.5 0
3015.5 0
3016.5 0
3017.5 0
3018.5 0
3019.5 0
3020.5 0
3021.5 0
3022.5 0
3023.5 0
3024.5 0
3025.5 0
3026.5 0
3027.5 0
3028.5 0
3029.5 0
3030.5 0
3031.5 0
3032.5 0
3033.5 0
3034.5 0
3035.5 0
3036.5 0
3037.5 0
3038.5 0
3039.5 0
3040.5 0
3041.5 0
3042.5 0
3043.5 0
3044.5 0
3045.5 0
3046.5 0
3047.5 0
3048.5 0
3049.5 0
3050.5 0
3051.5 0
3052.5 0
3053.5 0
3054.5 0
3055.5 0
3056.5 0
3057.5 0
3058.5 0
3059.5 0
3060.5 0
3061.5 0
3062.5 0
3063.5 0
3064.5 0
3065.5 0
3066.5 0
3067.5 0
3068.5 0
3069.5 0
3070.5 0
3071.5 0
3072.5 0
3073.5 0
3074.5 0
3075.5 0
3076.5 0
3077.5 0
3078.5 0
3079.5 0
3080.5 0
3081.5 0
3082.5 0
3083.5 0
3084.5 0
3085.5 0
3086.5 0
3087.5 0
3088.5 0
3089.5 0
3090.5 0
3091.5 0
3092.5 0
3093.5 0
3094.5 0
3095.5 0
3096.5 0
3097.5 0
3098.5 0
3099.5 0
3100.5 0
3101.5 0
3102.5 0
3103.5 0
3104.5 0
3105.5 0
3106.5 0
3107.5 0
3108.5 0
3109.5 0
3110.5 0
3111.5 0
3112.5 0
3113.5 0
3114.5 0
3115.5 0
3116.5 0
3117.5 0
3118.5 0
3119.5 0
3120.5 0
3121.5 0
3122.5 0
3123.5 0
3124.5 0
3125.5 0
3126.5 0
3127.5 0
3128.5 0
3129.5 0
3130.5 0
3131.5 0
3132.5 0
3133.5 0
3134.5 0
3135.5 0
3136.5 0
3137.5 0
3138.5 0
3139.5 0
3140.5 0
3141.5 0
3142.5 0
3143.5 0
3144.5 0
3145.5 0
3146.5 0
3147.5 0
3148.5 0
3149.5 0
3150.5 0
3151.5 0
3152.5 0
3153.5 0
3154.5 0
3155.5 0
3156.5 0
3157.5 0
3158.5 0
3159.5 0
3160.5 0
3161.5 0
3162.5 0
3163.5 0
3164.5 0
3165.5 0
3166.5 0
3167.5 0
3168.5 0
3169.5 0
3170.5 0
3171.5 0
3172.5 0
3173.5 0
3174.5 0
3175.5 0
3176.5 0
3177.5 0
3178.5 0
3179.5 0
3180.5 0
3181.5 0
3182.5 0
3183.5 0
3184.5 0
3185.5 0
3186.5 0
3187.5 0
3188.5 0
3189.5 0
3190.5 0
3191.5 0
3192.5 0
3193.5 0
3194.5 0
3195.5 0
3196.5 0
3197.5 0
3198.5 0
3199.5 0
3200.5 0
3201.5 0
3202.5 0
3203.5 0
3204.5 0
3205.5 0
3206.5 0
3207.5 0
3208.5 0
3209.5 0
3210.5 0
3211.5 0
3212.5 0
3213.5 0
3214.5 0
3215.5 0
3216.5 0
3217.5 0
3218.5 0
3219.5 0
3220.5 0
3221.5 0
3222.5 0
3223.5 0
3224.5 0
3225.5 0
3226.5 0
3227.5 0
3228.5 0
3229.5 0
3230.5 0
3231.5 0
3232.5 0
3233.5 0
3234.5 0
3235.5 0
3236.5 0
3237.5 0
3238.5 0
3239.5 0
3240.5 0
3241.5 0
3242.5 0
3243.5 0
3244.5 0
3245.5 0
3246.5 0
3247.5 0
3248.5 0
3249.5 0
3250.5 0
3251.5 0
3252.5 0
3253.5 0
3254.5 0
3255.5 0
3256.5 0
3257.5 0
3258.5 0
3259.5 0
3260.5 0
3261.5 0
3262.5 0
3263.5 0
3264.5 0
3265.5 0
3266.5 0
3267.5 0
3268.5 0
3269.5 0
3270.5 0
3271.5 0
3272.5 0
3273.5 0
3274.5 0
3275.5 0
3276.5 0
3277.5 0
3278.5 0
3279.5 0
3280.5 0
3281.5 0
3282.5 0
3283.5 0
3284.5 0
3285.5 0
3286.5 0
3287.5 0
3288.5 0
3289.5 0
3290.5 0
3291.5 0
3292.5 0
3293.5 0
3294.5 0
3295.5 0
3296.5 0
3297.5 0
3298.5 0
3299.5 0
3300.5 0
3301.5 0
3302.5 0
3303.5 0
3304.5 0
3305.5 0
3306.5 0
3307.5 0
3308.5 0
3309.5 0
3310.5 0
3311.5 0
3312.5 0
3313.5 0
3314.5 0
3315.5 0
3316.5 0
3317.5 0
3318.5 0
3319.5 0
3320.5 0
3321.5 0
3322.5 0
3323.5 0
3324.5 0
3325.5 0
3326.5 0
3327.5 0
3328.5 0
3329.5 0
3330.5 0
3331.5 0
3332.5 0
3333.5 0
3334.5 0
3335.5 0
3336.5 0
3337.5 0
3338.5 0
3339.5 0
3340.5 0
3341.5 0
3342.5 0
3343.5 0
3344.5 0
3345.5 0
3346.5 0
3347.5 0
3348.5 0
3349.5 0
3350.5 0
3351.5 0
3352.5 0
3353.5 0
3354.5 0
3355.5 0
3356.5 0
3357.5 0
3358.5 0
3359.5 0
3360.5 0
3361.5 0
3362.5 0
3363.5 0
3364.5 0
3365.5 0
3366.5 0
3367.5 0
3368.5 0
3369.5 0
3370.5 0
3371.5 0
3372.5 0
3373.5 0
3374.5 0
3375.5 0
3376.5 0
3377.5 0
3378.5 0
3379.5 0
3380.5 0
3381.5 0
3382.5 0
3383.5 0
3384.5 0
3385.5 0
3386.5 0
3387.5 0
3388.5 0
3389.5 0
3390.5 0
3391.5 0
3392.5 0
3393.5 0
3394.5 0
3395.5 0
3396.5 0
3397.5 0
3398.5 0
3399.5 0
3400.5 0
3401.5 0
3402.5 0
3403.5 0
3404.5 0
3405.5 0
3406.5 0
3407.5 0
3408.5 0
3409.5 0
3410.5 0
3411.5 0
3412.5 0
3413.5 0
3414.5 0
3415.5 0
3416.5 0
3417.5 0
3418.5 0
3419.5 0
3420.5 0
3421.5 0
3422.5 0
3423.5 0
3424.5 0
3425.5 0
3426.5 0
3427.5 0
3428.5 0
3429.5 0
3430.5 0
3431.5 0
3432.5 0
3433.5 0
3434.5 0
3435.5 0
3436.5 0
3437.5 0
3438.5 0
3439.5 0
3440.5 0
3441.5 0
3442.5 0
3443.5 0
3444.5 0
3445.5 0
3446.5 0
3447.5 0
3448.5 0
3449.5 0
3450.5 0
3451.5 0
3452.5 0
3453.5 0
3454.5 0
3455.5 0
3456.5 0
3457.5 0
3458.5 0
3459.5 0
3460.5 0
3461.5 0
3462.5 0
3463.5 0
3464.5 0
3465.5 0
3466.5 0
3467.5 0
3468.5 0
3469.5 0
3470.5 0
3471.5 0
3472.5 0
3473.5 0
3474.5 0
3475.5 0
3476.5 0
3477.5 0
3478.5 0
3479.5 0
3480.5 0
3481.5 0
3482.5 0
3483.5 0
3484.5 0
3485.5 0
3486.5 0
3487.5 0
3488.5 0
3489.5 0
3490.5 0
3491.5 0
3492.5 0
3493.5 0
3494.5 0
3495.5 0
3496.5 0
3497.5 0
3498.5 0
3499.5 0
3500.5 0
3501.5 0
3502.5 0
3503.5 0
3504.5 0
3505.5 0
3506.5 0
3507.5 0
3508.5 0
3509.5 0
3510.5 0
3511.5 0
3512.5 0
3513.5 0
3514.5 0
3515.5 0
3516.5 0
3517.5 0
3518.5 0
3519.5 0
3520.5 0
3521.5 0
3522.5 0
3523.5 0
3524.5 0
3525.5 0
3526.5 0
3527.5 0
3528.5 0
3529.5 0
3530.5 0
3531.5 0
3532.5 0
3533.5 0
3534.5 0
3535.5 0
3536.5 0
3537.5 0
3538.5 0
3539.5 0
3540.5 0
3541.5 0
3542.5 0
3543.5 0
3544.5 0
3545.5 0
3546.5 0
3547.5 0
3548.5 0
3549.5 0
3550.5 0
3551.5 0
3552.5 0
3553.5 0
3554.5 0
3555.5 0
3556.5 0
3557.5 0
3558.5 0
3559.5 0
3560.5 0
3561.5 0
3562.5 0
3563.5 0
3564.5 0
3565.5 0
3566.5 0
3567.5 0
3568.5 0
3569.5 0
3570.5 0
3571.5 0
3572.5 0
3573.5 0
3574.5 0
3575.5 0
3576.5 0
3577.5 0
3578.5 0
3579.5 0
3580.5 0
3581.5 0
3582.5 0
3583.5 0
3584.5 0
3585.5 0
3586.5 0
3587.5 0
3588.5 0
3589.5 0
3590.5 0
3591.5 0
3592.5 0
3593.5 0
3594.5 0
3595.5 0
3596.5 0
3597.5 0
3598.5 0
3599.5 0
3600.5 0
3601.5 0
3602.5 0
3603.5 0
3604.5 0
3605.5 0
3606.5 0
3607.5 0
3608.5 0
3609.5 0
3610.5 0
3611.5 0
3612.5 0
3613.5 0
3614.5 0
3615.5 0
3616.5 0
3617.5 0
3618.5 0
3619.5 0
3620.5 0
3621.5 0
3622.5 0
3623.5 0
3624.5 0
3625.5 0
3626.5 0
3627.5 0
3628.5 0
3629.5 0
3630.5 0
3631.5 0
3632.5 0
3633.5 0
3634.5 0
3635.5 0
3636.5 0
3637.5 0
3638.5 0
3639.5 0
3640.5 0
3641.5 0
3642.5 0
3643.5 0
3644.5 0
3645.5 0
3646.5 0
3647.5 0
3648.5 0
3649.5 0
3650.5 0
3651.5 0
3652.5 0
3653.5 0
3654.5 0
3655.5 0
3656.5 0
3657.5 0
3658.5 0
3659.5 0
3660.5 0
3661.5 0
3662.5 0
3663.5 0
3664.5 0
3665.5 0
3666.5 0
3667.5 0
3668.5 0
3669.5 0
3670.5 0
3671.5 0
3672.5 0
3673.5 0
3674.5 0
3675.5 0
3676.5 0
3677.5 0
3678.5 0
3679.5 0
3680.5 0
3681.5 0
3682.5 0
3683.5 0
3684.5 0
3685.5 0
3686.5 0
3687.5 0
3688.5 0
3689.5 0
3690.5 0
3691.5 0
3692.5 0
3693.5 0
3694.5 0
3695.5 0
3696.5 0
3697.5 0
3698.5 0
3699.5 0
3700.5 0
3701.5 0
3702.5 0
3703.5 0
3704.5 0
3705.5 0
3706.5 0
3707.5 0
3708.5 0
3709.5 0
3710.5 0
3711.5 0
3712.5 0
3713.5 0
3714.5 0
3715.5 0
3716.5 0
3717.5 0
3718.5 0
3719.5 0
3720.5 0
3721.5 0
3722.5 0
3723.5 0
3724.5 0
3725.5 0
3726.5 0
3727.5 0
3728.5 0
3729.5 0
3730.5 0
3731.5 0
3732.5 0
3733.5 0
3734.5 0
3735.5 0
3736.5 0
3737.5 0
3738.5 0
3739.5 0
3740.5 0
3741.5 0
3742.5 0
3743.5 0
3744.5 0
3745.5 0
3746.5 0
3747.5 0
3748.5 0
3749.5 0
3750.5 0
3751.5 0
3752.5 0
3753.5 0
3754.5 0
3755.5 0
3756.5 0
3757.5 0
3758.5 0
3759.5 0
3760.5 0
3761.5 0
3762.5 0
3763.5 0
3764.5 0
3765.5 0
3766.5 0
3767.5 0
3768.5 0
3769.5 0
3770.5 0
3771.5 0
3772.5 0
3773.5 0
3774.5 0
3775.5 0
3776.5 0
3777.5 0
3778.5 0
3779.5 0
3780.5 0
3781.5 0
3782.5 0
3783.5 0
3784.5 0
3785.5 0
3786.5 0
3787.5 0
3788.5 0
3789.5 0
3790.5 0
3791.5 0
3792.5 0
3793.5 0
3794.5 0
3795.5 0
3796.5 0
3797.5 0
3798.5 0
3799.5 0
3800.5 0
3801.5 0
3802.5 0
3803.5 0
3804.5 0
3805.5 0
3806.5 0
3807.5 0
3808.5 0
3809.5 0
3810.5 0
3811.5 0
3812.5 0
3813.5 0
3814.5 0
3815.5 0
3816.5 0
3817.5 0
3818.5 0
3819.5 0
3820.5 0
3821.5 0
3822.5 0
3823.5 0
3824.5 0
3825.5 0
3826.5 0
3827.5 0
3828.5 0
3829.5 0
3830.5 0
3831.5 0
3832.5 0
3833.5 0
3834.5 0
3835.5 0
3836.5 0
3837.5 0
3838.5 0
3839.5 0
3840.5 0
3841.5 0
3842.5 0
3843.5 0
3844.5 0
3845.5 0
3846.5 0
3847.5 0
3848.5 0
3849.5 0
3850.5 0
3851.5 0
3852.5 0
3853.5 0
3854.5 0
3855.5 0
3856.5 0
3857.5 0
3858.5 0
3859.5 0
3860.5 0
3861.5 0
3862.5 0
3863.5 0
3864.5 0
3865.5 0
3866.5 0
3867.5 0
3868.5 0
3869.5 0
3870.5 0
3871.5 0
3872.5 0
3873.5 0
3874.5 0
3875.5 0
3876.5 0
3877.5 0
3878.5 0
3879.5 0
3880.5 0
3881.5 0
3882.5 0
3883.5 0
3884.5 0
3885.5 0
3886.5 0
3887.5 0
3888.5 0
3889.5 0
3890.5 0
3891.5 0
3892.5 0
3893.5 0
3894.5 0
3895.5 0
3896.5 0
3897.5 0
3898.5 0
3899.5 0
3900.5 0
3901.5 0
3902.5 0
3903.5 0
3904.5 0
3905.5 0
3906.5 0
3907.5 0
3908.5 0
3909.5 0
3910.5 0
3911.5 0
3912.5 0
3913.5 0
3914.5 0
3915.5 0
3916.5 0
3917.5 0
3918.5 0
3919.5 0
3920.5 0
3921.5 0
3922.5 0
3923.5 0
3924.5 0
3925.5 0
3926.5 0
3927.5 0
3928.5 0
3929.5 0
3930.5 0
3931.5 0
3932.5 0
3933.5 0
3934.5 0
3935.5 0
3936.5 0
3937.5 0
3938.5 0
3939.5 0
3940.5 0
3941.5 0
3942.5 0
3943.5 0
3944.5 0
3945.5 0
3946.5 0
3947.5 0
3948.5 0
3949.5 0
3950.5 0
3951.5 0
3952.5 0
3953.5 0
3954.5 0
3955.5 0
3956.5 0
3957.5 0
3958.5 0
3959.5 0
3960.5 0
3961.5 0
3962.5 0
3963.5 0
3964.5 0
3965.5 0
3966.5 0
3967.5 0
3968.5 0
3969.5 0
3970.5 0
3971.5 0
3972.5 0
3973.5 0
3974.5 0
3975.5 0
3976.5 0
3977.5 0
3978.5 0
3979.5 0
3980.5 0
3981.5 0
3982.5 0
3983.5 0
3984.5 0
3985.5 0
3986.5 0
3987.5 0
3988.5 0
3989.5 0
3990.5 0
3991.5 0
3992.5 0
3993.5 0
3994.5 0
3995.5 0
3996.5 0
3997.5 0
3998.5 0
3999.5 0
4000.5 0
4001.5 0
4002.5 0
4003.5 0
4004.5 0
4005.5 0
4006.5 0
4007.5 0
4008.5 0
4009.5 0
4010.5 0
4011.5 0
4012.5 0
4013.5 0
4014.5 0
4015.5 0
4016.5 0
4017.5 0
4018.5 0
4019.5 0
4020.5 0
4021.5 0
4022.5 0
4023.5 0
4024.5 0
4025.5 0
4026.5 0
4027.5 0
4028.5 0
4029.5 0
4030.5 0
4031.5 0
4032.5 0
4033.5 0
4034.5 0
4035.5 0
4036.5 0
4037.5 0
4038.5 0
4039.5 0
4040.5 0
4041.5 0
4042.5 0
4043.5 0
4044.5 0
4045.5 0
4046.5 0
4047.5 0
4048.5 0
4049.5 0
4050.5 0
4051.5 0
4052.5 0
4053.5 0
4054.5 0
4055.5 0
4056.5 0
4057.5 0
4058.5 0
4059.5 0
4060.5 0
4061.5 0
4062.5 0
4063.5 0
4064.5 0
4065.5 0
4066.5 0
4067.5 0
4068.5 0
4069.5 0
4070.5 0
4071.5 0
4072.5 0
4073.5 0
4074.5 0
4075.5 0
4076.5 0
4077.5 0
4078.5 0
4079.5 0
4080.5 0
4081.5 0
4082.5 0
4083.5 0
4084.5 0
4085.5 0
4086.5 0
4087.5 0
4088.5 0
4089.5 0
4090.5 0
4091.5 0
4092.5 0
4093.5 0
4094.5 0
4095.5 0
4096.5 0
4097.5 0
4098.5 0
4099.5 0
4100.5 0
4101.5 0
4102.5 0
4103.5 0
4104.5 0
4105.5 0
4106.5 0
4107.5 0
4108.5 0
4109.5 0
4110.5 0
4111.5 0
4112.5 0
4113.5 0
4114.5 0
4115.5 0
4116.5 0
4117.5 0
4118.5 0
4119.5 0
4120.5 0
4121.5 0
4122.5 0
4123.5 0
4124.5 0
4125.5 0
4126.5 0
4127.5 0
4128.5 0
4129.5 0
4130.5 0
4131.5 0
4132.5 0
4133.5 0
4134.5 0
4135.5 0
4136.5 0
4137.5 0
4138.5 0
4139.5 0
4140.5 0
4141.5 0
4142.5 0
4143.5 0
4144.5 0
4145.5 0
4146.5 0
4147.5 0
4148.5 0
4149.5 0
4150.5 0
4151.5 0
4152.5 0
4153.5 0
4154.5 0
4155.5 0
4156.5 0
4157.5 0
4158.5 0
4159.5 0
4160.5 0
4161.5 0
4162.5 0
4163.5 0
4164.5 0
4165.5 0
4166.5 0
4167.5 0
4168.5 0
4169.5 0
4170.5 0
4171.5 0
4172.5 0
4173.5 0
4174.5 0
4175.5 0
4176.5 0
4177.5 0
4178.5 0
4179.5 0
4180.5 0
4181.5 0
4182.5 0
4183.5 0
4184.5 0
4185.5 0
4186.5 0
4187.5 0
4188.5 0
4189.5 0
4190.5 0
4191.5 0
4192.5 0
4193.5 0
4194.5 0
4195.5 0
4196.5 0
4197.5 0
4198.5 0
4199.5 0
4200.5 0
4201.5 0
4202.5 0
4203.5 0
4204.5 0
4205.5 0
4206.5 0
4207.5 0
4208.5 0
4209.5 0
4210.5 0
4211.5 0
4212.5 0
4213.5 0
4214.5 0
4215.5 0
4216.5 0
4217.5 0
4218.5 0
4219.5 0
4220.5 0
4221.5 0
4222.5 0
4223.5 0
4224.5 0
4225.5 0
4226.5 0
4227.5 0
4228.5 0
4229.5 0
4230.5 0
4231.5 0
4232.5 0
4233.5 0
4234.5 0
4235.5 0
4236.5 0
4237.5 0
4238.5 0
4239.5 0
4240.5 0
4241.5 0
4242.5 0
4243.5 0
4244.5 0
4245.5 0
4246.5 0
4247.5 0
4248.5 0
4249.5 0
4250.5 0
4251.5 0
4252.5 0
4253.5 0
4254.5 0
4255.5 0
4256.5 0
4257.5 0
4258.5 0
4259.5 0
4260.5 0
4261.5 0
4262.5 0
4263.5 0
4264.5 0
4265.5 0
4266.5 0
4267.5 0
4268.5 0
4269.5 0
4270.5 0
4271.5 0
4272.5 0
4273.5 0
4274.5 0
4275.5 0
4276.5 0
4277.5 0
4278.5 0
4279.5 0
4280.5 0
4281.5 0
4282.5 0
4283.5 0
4284.5 0
4285.5 0
4286.5 0
4287.5 0
4288.5 0
4289.5 0
4290.5 0
4291.5 0
4292.5 0
4293.5 0
4294.5 0
4295.5 0
4296.5 0
4297.5 0
4298.5 0
4299.5 0
4300.5 0
4301.5 0
4302.5 0
4303.5 0
4304.5 0
4305.5 0
4306.5 0
4307.5 0
4308.5 0
4309.5 0
4310.5 0
4311.5 0
4312.5 0
4313.5 0
4314.5 0
4315.5 0
4316.5 0
4317.5 0
4318.5 0
4319.5 0
4320.5 0
4321.5 0
4322.5 0
4323.5 0
4324.5 0
4325.5 0
4326.5 0
4327.5 0
4328.5 0
4329.5 0
4330.5 0
4331.5 0
4332.5 0
4333.5 0
4334.5 0
4335.5 0
4336.5 0
4337.5 0
4338.5 0
4339.5 0
4340.5 0
4341.5 0
4342.5 0
4343.5 0
4344.5 0
4345.5 0
4346.5 0
4347.5 0
4348.5 0
4349.5 0
4350.5 0
4351.5 0
4352.5 0
4353.5 0
4354.5 0
4355.5 0
4356.5 0
4357.5 0
4358.5 0
4359.5 0
4360.5 0
4361.5 0
4362.5 0
4363.5 0
4364.5 0
4365.5 0
4366.5 0
4367.5 0
4368.5 0
4369.5 0
4370.5 0
4371.5 0
4372.5 0
4373.5 0
4374.5 0
4375.5 0
4376.5 0
4377.5 0
4378.5 0
4379.5 0
4380.5 0
4381.5 0
4382.5 0
4383.5 0
4384.5 0
4385.5 0
4386.5 0
4387.5 0
4388.5 0
4389.5 0
4390.5 0
4391.5 0
4392.5 0
4393.5 0
4394.5 0
4395.5 0
4396.5 0
4397.5 0
4398.5 0
4399.5 0
4400.5 0
4401.5 0
4402.5 0
4403.5 0
4404.5 0
4405.5 0
4406.5 0
4407.5 0
4408.5 0
4409.5 0
4410.5 0
4411.5 0
4412.5 0
4413.5 0
4414.5 0
4415.5 0
4416.5 0
4417.5 0
4418.5 0
4419.5 0
4420.5 0
4421.5 0
4422.5 0
4423.5 0
4424.5 0
4425.5 0
4426.5 0
4427.5 0
4428.5 0
4429.5 0
4430.5 0
4431.5 0
4432.5 0
4433.5 0
4434.5 0
4435.5 0
4436.5 0
4437.5 0
4438.5 0
4439.5 0
4440.5 0
4441.5 0
4442.5 0
4443.5 0
4444.5 0
4445.5 0
4446.5 0
4447.5 0
4448.5 0
4449.5 0
4450.5 0
4451.5 0
4452.5 0
4453.5 0
4454.5 0
4455.5 0
4456.5 0
4457.5 0
4458.5 0
4459.5 0
4460.5 0
4461.5 0
4462.5 0
4463.5 0
4464.5 0
4465.5 0
4466.5 0
4467.5 0
4468.5 0
4469.5 0
4470.5 0
4471.5 0
4472.5 0
4473.5 0
4474.5 0
4475.5 0
4476.5 0
4477.5 0
4478.5 0
4479.5 0
4480.5 0
4481.5 0
4482.5 0
4483.5 0
4484.5 0
4485.5 0
4486.5 0
4487.5 0
4488.5 0
4489.5 0
4490.5 0
4491.5 0
4492.5 0
4493.5 0
4494.5 0
4495.5 0
4496.5 0
4497.5 0
4498.5 0
4499.5 0
4500.5 0
