1.030669758950456538e-01,1.749807131531807280e-01
1.033332735155972348e-01,1.757400569081779551e-01
1.036002591782893417e-01,1.765013626052364948e-01
1.038679346608396281e-01,1.772646353134920971e-01
1.041363017455589346e-01,1.780298801151780075e-01
1.044053622193630987e-01,1.787971021056584398e-01
1.046751178737848897e-01,1.795663063934628267e-01
1.049455705049858883e-01,1.803374981003195432e-01
1.052167219137685045e-01,1.811106823611901839e-01
1.054885739055879124e-01,1.818858643243036477e-01
1.057611282905641797e-01,1.826630491511908316e-01
1.060343868834941472e-01,1.834422420167181877e-01
1.063083515038636684e-01,1.842234481091229448e-01
1.065830239758596282e-01,1.850066726300472197e-01
1.068584061283821274e-01,1.857919207945727680e-01
1.071344997950567091e-01,1.865791978312559829e-01
1.074113068142464322e-01,1.873685089821620631e-01
1.076888290290642647e-01,1.881598595029005672e-01
1.079670682873852677e-01,1.889532546626601639e-01
1.082460264418589058e-01,1.897486997442435208e-01
1.085257053499214114e-01,1.905462000441028592e-01
1.088061068738081227e-01,1.913457608723748704e-01
1.090872328805659180e-01,1.921473875529162711e-01
1.093690852420656084e-01,1.929510854233392747e-01
1.096516658350144419e-01,1.937568598350469795e-01
1.099349765409685653e-01,1.945647161532691183e-01
1.102190192463455426e-01,1.953746597570977239e-01
1.105037958424369970e-01,1.961866960395230453e-01
1.107893082254210876e-01,1.970008304074693239e-01
1.110755582963752069e-01,1.978170682818307102e-01
1.113625479612886660e-01,1.986354150975078448e-01
1.116502791310752946e-01,1.994558763034434412e-01
1.119387537215862510e-01,2.002784573626589237e-01
1.122279736536227063e-01,2.011031637522906201e-01
1.125179408529486808e-01,2.019300009636263993e-01
1.128086572503038953e-01,2.027589745021421974e-01
1.131001247814165250e-01,2.036227253975670670e-01
1.133923453870162162e-01,2.044932102474689428e-01
1.136853210128468822e-01,2.053659441984260203e-01
1.139790536096797618e-01,2.062409330615166958e-01
1.142735451333263541e-01,2.071181826628334388e-01
1.145687975446514628e-01,2.079976988435217888e-01
1.148648128095862142e-01,2.088794874598193518e-01
1.151615928991412269e-01,2.097635543830945470e-01
1.154591397894196431e-01,2.106499054998860199e-01
1.157574554616303403e-01,2.115385467119414997e-01
1.160565419021011013e-01,2.124294839362572129e-01
1.163564011022919092e-01,2.133227231051177120e-01
1.166570350588081034e-01,2.142182701661346500e-01
1.169584457734136884e-01,2.151161310822866657e-01
1.172606352530447538e-01,2.160163118319594344e-01
1.175636055098227412e-01,2.169188184089849702e-01
1.178673585610678920e-01,2.178236568226818159e-01
1.181718964293126534e-01,2.187308330978949555e-01
1.184772211423151950e-01,2.196403532750361154e-01
1.187833347330728151e-01,2.205522234101237045e-01
1.190902392398355825e-01,2.214664495748231987e-01
1.193979367061198393e-01,2.223830378564878585e-01
1.197064291807218572e-01,2.233019943581989186e-01
1.200157187177313955e-01,2.242233251988062503e-01
1.203258073765454961e-01,2.251470365129694395e-01
1.206366972218820971e-01,2.260731344511981988e-01
1.209483903237938279e-01,2.270016251798935847e-01
1.212608887576817895e-01,2.279325148813890201e-01
1.215741946043093630e-01,2.288658097539914560e-01
1.218883099498160594e-01,2.298015160120225331e-01
1.222032368857313839e-01,2.307396398858598818e-01
1.225189775089889216e-01,2.316801876219793666e-01
1.228355339219400627e-01,2.326231654829954976e-01
1.231529082323681162e-01,2.335685797477037862e-01
1.234711025535023959e-01,2.345164367111228221e-01
1.237901190040321953e-01,2.354667426845354627e-01
1.241099597081209566e-01,2.364195039955314104e-01
1.244306267954203848e-01,2.373747269880492061e-01
1.247521224010846447e-01,2.383324180224183353e-01
1.250744486657845989e-01,2.392925834754019154e-01
1.253976077357219499e-01,2.402552297402384962e-01
1.257216017626437143e-01,2.412203632266854691e-01
1.260464329038563647e-01,2.421879903610610618e-01
1.263721033222403312e-01,2.430737174512070109e-01
1.266986151862643795e-01,2.439575768401722466e-01
1.270259706699999325e-01,2.448437198864402697e-01
1.273541719531356420e-01,2.457321524903733900e-01
1.276832212209920159e-01,2.466228805675790836e-01
1.280131206645357678e-01,2.475159100489490727e-01
1.283438724803944442e-01,2.484112468806988216e-01
1.286754788708711350e-01,2.493088970244072278e-01
1.290079420439591007e-01,2.502088664570564780e-01
1.293412642133564550e-01,2.511111611710715730e-01
1.296754475984809585e-01,2.520157871743604061e-01
1.300104944244846739e-01,2.529227504903536761e-01
1.303464069222689259e-01,2.538320571580449658e-01
1.306831873284990952e-01,2.547437132320310993e-01
1.310208378856194678e-01,2.556577247825522203e-01
1.313593608418682779e-01,2.565740978955327045e-01
1.316987584512925302e-01,2.574928386726209606e-01
1.320390329737631541e-01,2.584139532312305643e-01
1.323801866749899081e-01,2.593374477045808923e-01
1.327222218265366460e-01,2.602633282417379235e-01
1.330651407058362212e-01,2.611916010076550387e-01
1.334089455962058357e-01,2.621222721832144331e-01
1.337536387868621945e-01,2.630553479652679716e-01
1.340992225729366327e-01,2.639908345666784339e-01
1.344456992554906583e-01,2.649287382163612592e-01
1.347930711415309402e-01,2.658690651593254017e-01
1.351413405440249349e-01,2.668118216567155199e-01
1.354905097819161242e-01,2.677570139858531650e-01
1.358405811801396135e-01,2.687046484402790258e-01
1.361915570696374533e-01,2.696547313297946724e-01
1.365434397873742101e-01,2.706072689805041342e-01
1.368962316763526199e-01,2.715622677348568104e-01
1.372499350856290767e-01,2.725197339516892692e-01
1.376045523703292861e-01,2.734796740062672704e-01
1.379600858916639750e-01,2.744420942903290084e-01
1.383165380169446568e-01,2.754070012121269118e-01
1.386739111195993135e-01,2.763744011964707759e-01
1.390322075791882162e-01,2.773443006847702841e-01
1.393914297814198011e-01,2.783167061350781402e-01
1.397515801181666018e-01,2.792916240221329227e-01
1.401126609874810136e-01,2.802690608374021064e-01
1.404746747936114204e-01,2.812490230891254717e-01
1.408376239470181257e-01,2.822315173023582924e-01
1.412015108643894234e-01,2.832165500190149676e-01
1.415663379686576684e-01,2.842041277979122649e-01
1.419321076890154576e-01,2.851942572148133404e-01
1.422988224609317565e-01,2.861869448624713153e-01
1.426664847261681635e-01,2.871821973506734071e-01
1.430350969327950916e-01,2.881800213062843952e-01
1.434046615352081444e-01,2.891804233732914731e-01
1.437751809941444081e-01,2.901834102128478254e-01
1.441466577766989110e-01,2.911889885033175362e-01
1.445190943563409436e-01,2.921971649403197202e-01
1.448924932129306009e-01,2.932079462367731537e-01
1.452668568327352694e-01,2.942213391229409614e-01
1.456421877084461969e-01,2.952373503464755800e-01
1.460184883391950628e-01,2.962559866724635005e-01
1.463957612305707146e-01,2.972772548834706208e-01
1.467740088946356269e-01,2.983115101062279728e-01
1.471532338499429438e-01,2.993628664605252343e-01
1.475334386215529647e-01,3.004169392396818239e-01
1.479146257410500487e-01,3.014737354622161192e-01
1.482967977465596554e-01,3.025332621647809361e-01
1.486799571827649158e-01,3.035955264022093258e-01
1.490641066009238402e-01,3.046605352475625916e-01
1.494492485588861386e-01,3.057282957921765298e-01
1.498353856211104285e-01,3.067988151457095580e-01
1.502225203586810831e-01,3.078721004361890667e-01
1.506106553493255784e-01,3.089481588100597698e-01
1.509997931774314517e-01,3.100269974322306110e-01
1.513899364340637044e-01,3.111086234861228927e-01
1.517810877169818995e-01,3.121930441737179596e-01
1.521732496306575366e-01,3.132802667156050491e-01
1.525664247862913991e-01,3.143702983510296423e-01
1.529606158018308737e-01,3.154631463379414247e-01
1.533558253019874362e-01,3.165588179530426371e-01
1.537520559182541657e-01,3.176573204918366478e-01
1.541493102889231748e-01,3.187586612686764687e-01
1.545475910591032342e-01,3.198628476168134394e-01
1.549469008807373427e-01,3.209698868884460210e-01
1.553472424126204621e-01,3.220797864547689238e-01
1.557486183204171148e-01,3.231925537060218456e-01
1.561510312766792585e-01,3.243081960515391549e-01
1.565544839608639383e-01,3.254267209197986288e-01
1.569589790593512724e-01,3.265481357584716915e-01
1.573645192654622438e-01,3.276724480344722634e-01
1.577711072794766300e-01,3.287996652340067771e-01
1.581787458086510723e-01,3.299297948626242483e-01
1.585874375672369774e-01,3.310628444452657360e-01
1.589971852764986704e-01,3.321988215263149136e-01
1.594079916647315742e-01,3.333377336696483617e-01
1.598198594672801953e-01,3.344795884586851398e-01
1.602327914265564979e-01,3.356243934964383557e-01
1.606467902920581114e-01,3.367721564055650707e-01
1.610618588203865942e-01,3.379228848284171471e-01
1.614779997752658625e-01,3.390765864270924856e-01
1.618952159275605651e-01,3.402332688834857066e-01
1.623135100552945131e-01,3.413929398993394426e-01
1.627328849436691371e-01,3.425556071962952420e-01
1.631533433850822501e-01,3.437212785159460826e-01
1.635748881791463105e-01,3.448899616198863316e-01
1.639975221327072963e-01,3.460616642897647033e-01
1.644212480598633008e-01,3.472363943273355513e-01
1.648460687819833514e-01,3.484141595545107717e-01
1.652719871277260888e-01,3.495949678134122052e-01
1.656990059330586684e-01,3.507788269664233738e-01
1.661271280412756624e-01,3.519657448962423829e-01
1.665563563030178773e-01,3.531557295059338797e-01
1.669866935762915339e-01,3.543487887189821217e-01
1.674181427264870847e-01,3.555449304793434351e-01
1.678507066263984215e-01,3.567441627514992275e-01
1.682843881562419153e-01,3.579464935205088905e-01
1.687191902036758173e-01,3.591519307920635340e-01
1.691551156638191333e-01,3.603604825925383337e-01
1.695921674392711909e-01,3.615721569690466541e-01
1.700303484401307907e-01,3.627869619894935616e-01
1.704696615840156915e-01,3.640049057426291701e-01
1.709101097960820104e-01,3.652259963381030983e-01
1.713516960090437080e-01,3.664502419065180372e-01
1.717944231631920171e-01,3.676776505994837629e-01
1.722382942064151767e-01,3.689082305896720371e-01
1.726833120942179167e-01,3.701419900708701749e-01
1.731294797897413029e-01,3.713789372580365011e-01
1.735768002637822771e-01,3.726190803873543622e-01
1.740252764948135578e-01,3.738624277162871379e-01
1.744749114690034575e-01,3.751089875236334747e-01
1.749257081802357283e-01,3.763587681095821869e-01
1.753776696301295734e-01,3.776117777957675448e-01
1.758307988280594925e-01,3.788680249253246757e-01
1.762850987911754874e-01,3.801275178629451301e-01
1.767405725444230191e-01,3.813902649949326151e-01
1.771972231205632409e-01,3.826562747292589495e-01
1.776550535601931491e-01,3.839255554956196859e-01
1.781140669117658171e-01,3.851981157454906768e-01
1.785742662316106288e-01,3.864739639521838077e-01
1.790356545839539293e-01,3.877531086109042291e-01
1.794982350409390359e-01,3.890380588018834684e-01
1.799620106826468613e-01,3.903305722298072156e-01
1.804269845971165076e-01,3.916264251682520792e-01
1.808931598803656671e-01,3.929256262456240489e-01
1.813605396364114108e-01,3.942281841126225039e-01
1.818291269772906726e-01,3.955341074422980552e-01
1.822989250230811209e-01,3.968434049301101108e-01
1.827699369019218645e-01,3.981560852939847184e-01
1.832421657500342416e-01,3.994721572743728522e-01
1.837156147117428029e-01,4.007916296343083662e-01
1.841902869394961839e-01,4.021145111594666144e-01
1.846661855938881436e-01,4.034408106582227926e-01
1.851433138436784920e-01,4.047705369617104476e-01
1.856216748658143512e-01,4.061036989238804851e-01
1.861012718454511938e-01,4.074403054215601783e-01
1.865821079759740486e-01,4.087803653545119542e-01
1.870641864590188441e-01,4.101238876454930127e-01
1.875475105044937252e-01,4.114708812403144456e-01
1.880320833306002859e-01,4.128213551079010779e-01
1.885179081638551635e-01,4.141753182403510869e-01
1.890049882391114378e-01,4.155327796529955098e-01
1.894933267995801973e-01,4.168937483844591396e-01
1.899829270968521056e-01,4.182582334967195892e-01
1.904737923909191055e-01,4.196262440751686307e-01
1.909659259501960138e-01,4.209977892286719814e-01
1.914593310515424474e-01,4.223728780896304213e-01
1.919540109802845285e-01,4.237515198140405226e-01
1.924499690302367838e-01,4.251337235815552673e-01
1.929472085037240436e-01,4.265194985955454987e-01
1.934457327116035352e-01,4.279088540831611498e-01
1.939455449732868098e-01,4.293017992953928053e-01
1.944466486167618913e-01,4.306983435071326527e-01
1.949490469786154534e-01,4.320984960172373213e-01
1.954527434040550515e-01,4.335022661485888329e-01
1.959577412469313273e-01,4.349096632481572744e-01
1.964640438697603797e-01,4.363206966870625814e-01
1.969716546437461635e-01,4.377353758606373768e-01
1.974805769488028884e-01,4.391537101884891436e-01
1.979908141735776672e-01,4.405757091145633964e-01
1.985023697154729150e-01,4.420013821072060756e-01
1.990152469806689972e-01,4.434307386592268863e-01
1.995294493841469619e-01,4.448637882879621364e-01
2.000449803497112433e-01,4.463005405353389077e-01
2.005618433100125608e-01,4.477410049679377280e-01
2.010800417065705392e-01,4.491851911770566308e-01
2.015995789897969404e-01,4.506331087787752154e-01
2.021204586190183117e-01,4.520847674140182626e-01
2.026426840624993286e-01,4.535401767486202940e-01
2.031662587974656653e-01,4.549993464733896875e-01
2.036911863101271980e-01,4.564622863041732925e-01
2.042174700957012368e-01,4.579290059819211001e-01
2.047451136584358955e-01,4.593995152727511355e-01
2.052741205116332401e-01,4.608738239680145177e-01
2.058044941776727976e-01,4.623519418843606288e-01
2.063362381880350094e-01,4.638338788638022847e-01
2.068693560833246847e-01,4.653196447737817376e-01
2.074038514132946209e-01,4.668092495072357351e-01
2.079397277368692787e-01,4.683027029826620224e-01
2.084769886221683466e-01,4.698000151441849570e-01
2.090156376465306942e-01,4.713011959616219548e-01
2.095556783965379644e-01,4.728062554305496046e-01
2.100971144680386649e-01,4.743152035723706694e-01
2.106399494661719551e-01,4.758280504343803119e-01
2.111841870053917658e-01,4.773448060898334289e-01
2.117298307094907794e-01,4.788654806380114315e-01
2.122768842116245780e-01,4.803900842042894137e-01
2.128253511543359289e-01,4.819186269402040979e-01
2.133752351895788768e-01,4.834511190235208367e-01
2.139265399787431410e-01,4.849875706583015034e-01
2.144792691926785955e-01,4.865279920749729370e-01
2.150334265117194998e-01,4.880723935303943328e-01
2.155890156257091739e-01,4.896207853079259653e-01
2.161460402340245057e-01,4.911731777174976887e-01
2.167045040456005434e-01,4.927295810956772715e-01
2.172644107789553358e-01,4.942900058057397294e-01
2.178257641622145246e-01,4.958544622377357713e-01
2.183885679331362406e-01,4.974229608085612431e-01
2.189528258391359450e-01,4.989955119620265167e-01
2.195185416373114928e-01,5.005721261689258794e-01
2.200857190944680575e-01,5.021528139271076441e-01
2.206543619871432216e-01,5.037375857615435937e-01
2.212244741016321514e-01,5.053264522243992030e-01
2.217960592340127712e-01,5.069194238951039155e-01
2.223691211901710207e-01,5.085165113804217540e-01
2.229436637858263626e-01,5.101177253145214863e-01
2.235196908465569843e-01,5.117230763590482345e-01
2.240972062078253335e-01,5.133325752031936418e-01
2.246762137150036809e-01,5.149462325637673699e-01
2.252567172233997106e-01,5.165640591852684871e-01
2.258387205982822499e-01,5.181860658399570774e-01
2.264222277149068319e-01,5.198122633279257387e-01
2.270072424585417858e-01,5.214426624771717478e-01
2.275937687244937724e-01,5.228424914969188597e-01
2.281818104181339846e-01,5.241280497329295907e-01
2.287713714549240718e-01,5.254169295090977965e-01
2.293624557604421188e-01,5.267091394073984967e-01
2.299550672704089027e-01,5.280046880319807512e-01
2.305492099307140386e-01,5.293035840092240596e-01
2.311448876974422917e-01,5.306058359877964259e-01
2.317421045368998900e-01,5.319114526387116459e-01
2.323408644256409195e-01,5.332204426553870391e-01
2.329411713504938586e-01,5.345328147537015129e-01
2.335430293085880293e-01,5.358485776720532945e-01
2.341464423073803536e-01,5.371677401714185507e-01
2.347514143646818874e-01,5.384903110354094524e-01
2.353579495086846607e-01,5.398162990703323505e-01
2.359660517779885169e-01,5.411457131052472835e-01
2.365757252216278972e-01,5.424785619920257096e-01
2.371869738990989018e-01,5.438148546054102361e-01
2.377998018803863245e-01,5.451545998430734619e-01
2.384142132459906027e-01,5.464978066256770406e-01
2.390302120869552960e-01,5.478444838969315223e-01
2.396478025048939531e-01,5.491946406236553058e-01
2.402669886120177012e-01,5.505482857958349241e-01
2.408877745311624186e-01,5.519054284266842192e-01
2.415101643958164068e-01,5.532660775527055153e-01
2.421341623501477580e-01,5.546302422337482385e-01
2.427597725490319991e-01,5.559979315530706456e-01
2.433869991580796810e-01,5.573691546173993316e-01
2.440158463536642175e-01,5.587439205569902922e-01
2.446463183229498350e-01,5.601222385256903191e-01
2.452784192639189953e-01,5.615041177009962858e-01
2.459121533854008168e-01,5.628895672841179865e-01
2.465475249070988306e-01,5.642785965000383097e-01
2.471845380596191799e-01,5.656712145975754114e-01
2.478231970844987919e-01,5.670674308494436655e-01
2.484635062342335221e-01,5.684672545523157261e-01
2.491054697723066313e-01,5.698706950268841442e-01
2.497490919732170411e-01,5.712777616179242068e-01
2.503943771225078385e-01,5.726884636943552209e-01
2.510413295167948089e-01,5.741028106493032412e-01
2.516899534637950797e-01,5.755208119001639089e-01
2.523402532823557642e-01,5.769424768886646238e-01
2.529922333024827164e-01,5.783678150809281604e-01
2.536458978653693408e-01,5.797968359675345074e-01
2.543012513234255700e-01,5.812295490635854822e-01
2.549582980403068411e-01,5.826659639087671261e-01
2.556170423909429612e-01,5.841060900674133194e-01
2.562774887615676400e-01,5.855499371285698418e-01
2.569396415497471886e-01,5.869975147060579879e-01
2.576035051644102181e-01,5.884488324385386271e-01
2.582690840258768383e-01,5.899038999895762636e-01
2.589363825658879681e-01,5.913627270477034292e-01
2.596054052276350887e-01,5.928253233264854094e-01
2.602761564657896098e-01,5.942916985645847472e-01
2.609486407465327895e-01,5.957618625258260803e-01
2.616228625475850444e-01,5.972358249992608670e-01
2.622988263582362589e-01,5.987135957992334445e-01
2.629765366793753723e-01,6.001951847654454220e-01
2.636559980235204104e-01,6.016806017630215164e-01
2.643372149148485728e-01,6.031698566825755004e-01
2.650201918892262642e-01,6.046629594402758157e-01
2.657049334942394037e-01,6.061599199779115210e-01
2.663914442892236778e-01,6.076607482629589052e-01
2.670797288452948504e-01,6.091654542886471013e-01
2.677697917453792376e-01,6.106740480740253663e-01
2.684616375842441283e-01,6.121865396640293611e-01
2.691552709685288147e-01,6.137029391295488745e-01
2.698506965167744576e-01,6.152232565674932152e-01
2.705479188594556161e-01,6.167475021008598235e-01
2.712469426390105576e-01,6.182756858788013288e-01
2.719477725098725651e-01,6.198078180766932732e-01
2.726504131385005247e-01,6.213439088962008361e-01
2.733548692034104555e-01,6.228839685653487779e-01
2.740611453952062071e-01,6.244280073385872765e-01
2.747692464166109905e-01,6.259760354968619822e-01
2.754791769824985748e-01,6.275280633476812975e-01
2.761909418199247623e-01,6.290841012251858766e-01
2.769045456681588080e-01,6.306441594902169046e-01
2.776199932787148383e-01,6.322082485303849309e-01
2.783372894153837707e-01,6.337763787601398136e-01
2.790564388542648433e-01,6.353485606208392200e-01
2.797774463837975345e-01,6.369248045808189040e-01
2.805003168047932038e-01,6.385051211354612066e-01
2.812250549304673441e-01,6.400895208072664433e-01
2.819516655864716115e-01,6.416780141459225151e-01
2.826801536109256330e-01,6.432706117283740754e-01
2.834105238544495919e-01,6.448673241588941396e-01
2.841427811801964243e-01,6.464681620691545838e-01
2.848769304638840150e-01,6.480731361182966443e-01
2.856129765938278942e-01,6.496822569930013058e-01
2.863509244709737667e-01,6.512955354075621317e-01
2.870907790089298750e-01,6.529129821039547643e-01
2.878325451340000840e-01,6.545346078519093114e-01
2.885762277852165214e-01,6.561604234489825105e-01
2.893218319143723849e-01,6.577904397206287834e-01
2.900693624860550268e-01,6.594246675202725116e-01
2.908188244776788722e-01,6.610631177293806449e-01
2.915702228795188367e-01,6.627058012575348656e-01
2.923235626947431887e-01,6.643527290425043086e-01
2.930788489394472451e-01,6.660039120503183918e-01
2.938360866426864004e-01,6.676593612753398688e-01
2.945952808465098216e-01,6.693190877403376593e-01
2.953564366059941992e-01,6.709831024965615676e-01
2.961195589892769431e-01,6.726514166238137804e-01
2.968846530775902104e-01,6.743240412305242515e-01
2.976517239652948232e-01,6.760009874538239760e-01
2.984207767599140193e-01,6.776822664596195978e-01
2.991918165821675357e-01,6.793678894426673498e-01
2.999648485660055819e-01,6.809202377196096334e-01
3.007398778586432564e-01,6.822224183829983524e-01
3.015169096205946309e-01,6.835279635344704285e-01
3.022959490257072224e-01,6.848368818669671176e-01
3.030770012611963549e-01,6.861491820958901533e-01
3.038600715276796871e-01,6.874648729591591456e-01
3.046451650392119626e-01,6.887839632172704230e-01
3.054322870233196485e-01,6.901064616533552076e-01
3.062214427210356860e-01,6.914323770732375696e-01
3.070126373869345171e-01,6.927617183054939343e-01
3.078058762891670019e-01,6.940944942015111474e-01
3.086011647094953902e-01,6.954307136355457608e-01
3.093985079433287932e-01,6.967703855047832073e-01
3.101979112997581001e-01,6.981135187293965316e-01
3.109993801015915049e-01,6.994601222526064532e-01
3.118029196853899787e-01,7.008102050407404304e-01
3.126085354015026296e-01,7.021637760832923902e-01
3.134162326141026189e-01,7.035208443929832356e-01
3.142260167012224659e-01,7.048814190058195761e-01
3.150378930547903522e-01,7.062455089811553455e-01
3.158518670806655382e-01,7.076131234017509763e-01
3.166679441986747223e-01,7.089842713738345736e-01
3.174861298426480127e-01,7.103589620271623106e-01
3.183064294604550093e-01,7.117372045150791582e-01
3.191288485140411080e-01,7.131190080145798360e-01
3.199533924794640827e-01,7.145043817263700969e-01
3.207800668469302785e-01,7.158933348749277892e-01
3.216088771208311936e-01,7.172858767085642517e-01
3.224398288197803941e-01,7.186820164994863758e-01
3.232729274766499294e-01,7.200817635438573339e-01
3.241081786386073027e-01,7.214851271618597517e-01
3.249455878671526077e-01,7.228921166977568813e-01
3.257851607381551662e-01,7.243027415199547736e-01
3.266269028418910536e-01,7.257170110210656722e-01
3.274708197830798473e-01,7.271349346179689643e-01
3.283169171809224296e-01,7.285565217518750192e-01
3.291652006691382915e-01,7.299817818883884701e-01
3.300156758960027803e-01,7.314107245175694993e-01
3.308683485243849032e-01,7.328433591539987857e-01
3.317232242317850743e-01,7.342796953368397883e-01
3.325803087103728628e-01,7.357197426299030285e-01
3.334396076670247955e-01,7.371635106217089284e-01
3.343011268233625488e-01,7.386110089255523148e-01
3.351648719157908629e-01,7.400622471795661461e-01
3.360308486955358442e-01,7.415172350467856832e-01
3.368990629286833793e-01,7.429759822152131044e-01
3.377695203962171600e-01,7.444384983978816761e-01
3.386422268940574853e-01,7.459047933329204794e-01
3.395171882330998425e-01,7.473748767836195794e-01
3.403944102392534865e-01,7.488487585384944190e-01
3.412738987534801316e-01,7.503264484113516541e-01
3.421556596318332533e-01,7.518079562413543249e-01
3.430396987454965574e-01,7.532932918930865807e-01
3.439260219808233932e-01,7.547824652566206272e-01
3.448146352393759995e-01,7.562754862475821183e-01
3.457055444379646403e-01,7.577723648072155482e-01
3.465987555086869065e-01,7.592731109024511982e-01
3.474942743989674065e-01,7.607777345259710833e-01
3.483921070715974566e-01,7.622862456962760103e-01
3.492922595047744383e-01,7.637986544577514136e-01
3.501947376921418775e-01,7.653149708807351903e-01
3.510995476428293571e-01,7.668352050615839799e-01
3.520066953814923183e-01,7.683593671227409994e-01
3.529161869483524172e-01,7.698874672128029895e-01
3.538280283992375486e-01,7.714195155065879383e-01
3.547422258056223687e-01,7.729555222052030272e-01
3.556587852546684303e-01,7.744954975361121319e-01
3.565777128492650383e-01,7.760394517532044345e-01
3.574990147080697733e-01,7.775873951368623693e-01
3.584226969655489592e-01,7.791393379940299013e-01
3.593487657720190742e-01,7.806952906582818041e-01
3.602772272936869968e-01,7.822552634898914947e-01
3.612080877126919165e-01,7.838192668759011994e-01
3.621413532271455793e-01,7.853873112301901216e-01
3.630770300511743098e-01,7.869594069935444969e-01
3.640151244149598120e-01,7.885355646337259827e-01
3.649556425647811908e-01,7.901157946455431569e-01
3.658985907630560863e-01,7.917001075509197960e-01
3.668439752883825844e-01,7.932885138989654861e-01
3.677918024355811277e-01,7.948810242660462322e-01
3.687420785157360936e-01,7.964776492558544030e-01
3.696948098562382046e-01,7.980783994994793407e-01
3.706500028008263281e-01,7.996832856554784152e-01
3.716076637096300539e-01,8.012923184099479679e-01
3.725677989592116046e-01,8.029055084765942540e-01
3.735304149426087461e-01,8.045228665968049420e-01
3.744955180693770314e-01,8.061444035397203889e-01
3.754631147656326551e-01,8.077701301023059166e-01
3.764332114740951973e-01,8.094000571094228658e-01
3.774058146541304226e-01,8.110341954139015375e-01
3.783809307817935230e-01,8.124319741290434438e-01
3.793585663498720284e-01,8.136711949699294566e-01
3.803387278679289940e-01,8.149136176274828225e-01
3.813214218623465768e-01,8.161592503743450022e-01
3.823066548763693340e-01,8.174081015045322474e-01
3.832944334701478550e-01,8.186601793334898902e-01
3.842847642207823378e-01,8.199154921981484101e-01
3.852776537223664977e-01,8.211740484569783893e-01
3.862731085860314773e-01,8.224358564900471347e-01
3.872711354399896999e-01,8.237009246990728561e-01
3.882717409295792788e-01,8.249692615074825097e-01
3.892749317173079815e-01,8.262408753604664202e-01
3.902807144828978059e-01,8.275157747250351248e-01
3.912890959233293331e-01,8.287939680900755501e-01
3.923000827528863588e-01,8.300754639664078560e-01
3.933136817032005794e-01,8.313602708868418345e-01
3.943298995232965010e-01,8.326483974062338644e-01
3.953487429796362918e-01,8.339398521015433108e-01
3.963702188561647466e-01,8.352346435718909223e-01
3.973943339543547504e-01,8.365327804386148980e-01
3.984210950932523532e-01,8.378342713453282853e-01
3.994505091095220117e-01,8.391391249579776002e-01
4.004825828574924973e-01,8.404473499648993373e-01
4.015173232092022482e-01,8.417589550768785900e-01
4.025547370544452774e-01,8.430739490272068926e-01
4.035948313008169697e-01,8.443923405717398412e-01
4.046376128737600442e-01,8.457141384889566016e-01
4.056830887166108512e-01,8.470393515800166417e-01
4.067312657906452800e-01,8.483679886688201277e-01
4.077821510751254985e-01,8.497000586020653223e-01
4.088357515673461395e-01,8.510355702493080932e-01
4.098920742826809294e-01,8.523745325030210873e-01
4.109511262546295951e-01,8.537169542786524623e-01
4.120129145348643274e-01,8.550628445146853940e-01
4.130774461932772423e-01,8.564122121726983616e-01
4.141447283180270111e-01,8.577650662374237678e-01
4.152147680155860443e-01,8.591214157168077792e-01
4.162875724107884534e-01,8.604812696420717222e-01
4.173631486468766805e-01,8.618446370677700363e-01
4.184415038855494040e-01,8.632115270718525579e-01
4.195226453070093342e-01,8.645819487557235838e-01
4.206065801100108970e-01,8.659559112443033779e-01
4.216933155119080845e-01,8.673334236860883451e-01
4.227828587487028056e-01,8.687144952532126485e-01
4.238752170750926251e-01,8.700991351415079400e-01
4.249703977645195030e-01,8.714873525705660873e-01
4.260684081092180331e-01,8.728791567837999033e-01
4.271692554202638492e-01,8.742745570485046525e-01
4.282729470276225858e-01,8.756735626559195573e-01
4.293794902801985058e-01,8.770761829212900818e-01
4.304888925458835169e-01,8.784824271839299925e-01
4.316011612116061880e-01,8.798923048072831987e-01
4.327163036833809318e-01,8.813058251789862574e-01
4.338343273863573546e-01,8.827229977109309900e-01
4.349552397648694946e-01,8.841438318393267659e-01
4.360790482824860037e-01,8.855683370247638964e-01
4.372057604220589977e-01,8.869965227522763618e-01
4.383353836857744046e-01,8.884283985314047616e-01
4.394679255952018138e-01,8.898639738962594858e-01
4.406033936913446025e-01,8.913032584055854413e-01
4.417417955346900071e-01,8.927462616428238906e-01
4.428831387052595825e-01,8.941929932161776229e-01
4.440274308026596617e-01,8.956434627586745689e-01
4.451746794461319268e-01,8.970976799282313063e-01
4.463248922746041458e-01,8.985556544077184515e-01
4.474780769467410213e-01,9.000173959050240535e-01
4.486342411409952602e-01,9.014829141531195411e-01
4.497933925556585333e-01,9.029522189101227836e-01
4.509555389089130450e-01,9.044253199593648151e-01
4.521206879388824929e-01,9.059022271094537837e-01
4.532888474036840254e-01,9.073829501943407871e-01
4.544600250814795905e-01,9.088674990733850434e-01
4.556342287705277272e-01,9.103558836314199487e-01
4.568114662892359679e-01,9.118481137788190249e-01
4.579917454762121864e-01,9.131899828591171220e-01
4.591750741903172228e-01,9.143489552016784705e-01
4.603614603107171743e-01,9.155109220201563813e-01
4.615509117369356873e-01,9.166758910514791747e-01
4.627434363889068591e-01,9.178438700525654026e-01
4.639390422070275855e-01,9.190148668003754739e-01
4.651377371522107951e-01,9.201888890919635022e-01
4.663395292059382413e-01,9.213659447445287087e-01
4.675444263703136261e-01,9.225460415954682691e-01
4.687524366681160015e-01,9.237291875024287169e-01
4.699635681428532274e-01,9.249153903433592339e-01
4.711778288588154284e-01,9.261046580165629427e-01
4.723952269011285066e-01,9.272969984407503086e-01
4.736157703758084869e-01,9.284924195550918746e-01
4.748394674098149193e-01,9.296909293192705537e-01
4.760663261511054456e-01,9.308925357135348078e-01
4.772963547686897012e-01,9.320972467387526050e-01
4.785295614526838270e-01,9.333050704164631561e-01
4.797659544143654253e-01,9.345160147889320923e-01
4.810055418862274057e-01,9.357300879192036458e-01
4.822483321220335517e-01,9.369472978911546068e-01
4.834943333968729218e-01,9.381676528095486134e-01
4.847435540072153604e-01,9.393911608000898861e-01
4.859960022709665650e-01,9.406178300094771849e-01
4.872516865275234865e-01,9.418476686054585434e-01
4.885106151378297845e-01,9.430806847768843371e-01
4.897727964844316717e-01,9.443168867337639050e-01
4.910382389715335916e-01,9.455562827073183962e-01
4.923069510250541181e-01,9.467988809500360592e-01
4.935789410926823551e-01,9.480446897357281966e-01
4.948542176439337803e-01,9.492937173595827893e-01
4.961327891702070336e-01,9.505459721382202298e-01
4.974146641848400385e-01,9.518014624097494991e-01
4.986998512231671787e-01,9.530601965338225678e-01
4.999883588425756420e-01,9.543221828916905736e-01
5.012801956225626521e-01,9.555874298862594429e-01
5.025753701647929228e-01,9.568559459421464020e-01
5.038738910931550574e-01,9.581277395057352653e-01
5.051757670538198353e-01,9.594028190452333904e-01
5.064810067152972772e-01,9.606811930507274111e-01
5.077896187684944884e-01,9.619628700342399696e-01
5.091016119267739448e-01,9.632478585297870044e-01
5.104169949260105588e-01,9.645361670934337051e-01
5.117357765246507428e-01,9.658278043033520222e-01
5.130579655037704745e-01,9.671227787598773995e-01
5.143835706671335828e-01,9.684210990855667278e-01
5.157126008412503682e-01,9.697227739252546330e-01
5.170450648754366663e-01,9.710278119461122071e-01
5.183809716418724678e-01,9.723362218377039623e-01
5.197203300356610933e-01,9.736480123120460073e-01
5.210631489748887013e-01,9.749631921036641113e-01
5.224094374006830188e-01,9.762817699696513252e-01
5.237592042772736267e-01,9.776037546897272668e-01
5.251124585920509125e-01,9.789291550662951868e-01
5.264692093556266883e-01,9.802579799245025871e-01
5.278294656018935882e-01,9.815902381122978415e-01
5.291932363880853529e-01,9.829259385004901484e-01
5.305605307948373373e-01,9.842650899828091493e-01
5.319313579262467950e-01,9.856077014759629940e-01
5.333057269099333864e-01,9.869537819196978479e-01
5.346836468971004619e-01,9.883033402768588438e-01
5.360651270625952369e-01,9.896563855334479243e-01
5.374501766049707419e-01,9.910129266986850149e-01
5.388388047465461073e-01,9.923729728050667553e-01
5.402310207334688474e-01,9.937365329084277832e-01
5.416268338357759227e-01,9.951036160880005754e-01
5.430262533474556896e-01,9.964009898255714592e-01
5.444292885865095188e-01,9.971276702505893486e-01
5.458359488950143001e-01,9.978562282243214066e-01
5.472462436391840601e-01,9.985866685978539437e-01
5.486601822094328007e-01,9.993189962348065780e-01
5.500777740204368937e-01,1.000053216011365320e+00
5.514990285111973645e-01,1.000789332816315103e+00
5.529239551451038404e-01,1.001527351551072531e+00
5.543525634099960575e-01,1.002267277129716971e+00
5.557848628182281425e-01,1.003009114479026076e+00
5.572208629067317842e-01,1.003752868538505982e+00
5.586605732370790722e-01,1.004498544260425064e+00
5.601040033955472230e-01,1.005246146609847235e+00
5.615511629931814186e-01,1.005995680564665706e+00
5.630020616658594212e-01,1.006747151115633843e+00
5.644567090743555227e-01,1.007500563266400473e+00
5.659151149044047147e-01,1.008255922033542529e+00
5.673772888667675263e-01,1.009013232446598574e+00
5.688432406972946387e-01,1.009772499548101443e+00
5.703129801569911672e-01,1.010533728393613551e+00
5.717865170320823864e-01,1.011296924051758861e+00
5.732638611340784562e-01,1.012062091604257530e+00
5.747450222998399250e-01,1.012829236145959211e+00
5.762300103916431215e-01,1.013598362784877915e+00
5.777188352972457697e-01,1.014369476642224877e+00
5.792115069299533792e-01,1.015142582852443409e+00
5.807080352286840830e-01,1.015917686563242661e+00
5.822084301580362498e-01,1.016694792935632474e+00
5.837127017083535430e-01,1.017473907143957135e+00
5.852208598957923114e-01,1.018255034375929569e+00
5.867329147623879804e-01,1.019038179832667312e+00
5.882488763761217765e-01,1.019823348728725598e+00
5.897687548309880068e-01,1.020610546292132881e+00
5.912925602470613384e-01,1.021399777764425254e+00
5.928203027705635231e-01,1.022191048400681757e+00
5.943519925739320087e-01,1.022984363469559010e+00
5.958876398558868859e-01,1.023779728253326748e+00
5.974272548414988337e-01,1.024577148047902009e+00
5.989708477822576205e-01,1.025376628162885773e+00
6.005184289561401600e-01,1.026178173921597381e+00
6.020700086676787910e-01,1.026981790661110061e+00
6.036255972480301102e-01,1.027787483732286899e+00
6.051852050550433626e-01,1.028595258499815923e+00
6.067488424733303853e-01,1.029405120342245850e+00
6.083165199143334423e-01,1.030217074652023168e+00
6.098882478163956122e-01,1.031031126835525669e+00
6.114640366448295117e-01,1.031847282313100855e+00
6.130438968919875720e-01,1.032665546519100142e+00
6.146278390773316502e-01,1.033485924901916597e+00
6.162158737475030845e-01,1.034308422924020032e+00
6.178080114763927488e-01,1.035133046061994078e+00
6.194042628652119964e-01,1.035959799806571713e+00
6.210046385425626037e-01,1.036788689662673679e+00
6.226091491645079357e-01,1.037619721149443119e+00
6.242178054146436672e-01,1.038452899800283546e+00
6.258306180041691702e-01,1.039288231162894593e+00
6.274475976719585679e-01,1.040125720799310871e+00
6.290687551846326775e-01,1.040965374285937051e+00
6.306941013366299531e-01,1.041807197213585612e+00
6.323236469502792056e-01,1.042651195187514590e+00
6.339574028758709900e-01,1.043497373827464658e+00
6.355953799917301028e-01,1.044345738767695764e+00
6.372375892042884127e-01,1.045196295657025765e+00
6.388840414481568031e-01,1.046049050158867511e+00
6.405347476861983358e-01,1.046904007951266591e+00
6.421897189096009706e-01,1.047761174726939082e+00
6.438489661379513951e-01,1.048620556193309294e+00
6.455125004193077443e-01,1.049482158072548632e+00
6.471803328302733194e-01,1.050345986101612450e+00
6.488524744760705287e-01,1.051212046032279135e+00
6.505289364906146066e-01,1.052080343631188075e+00
6.522097300365881090e-01,1.052950884679878296e+00
6.538948663055148547e-01,1.053823674974826430e+00
6.555843565178343102e-01,1.054698720327486239e+00
6.572782119229770847e-01,1.055576026564325920e+00
6.589764437994388713e-01,1.055582429328521865e+00
6.606790634548562746e-01,1.055560645498242911e+00
6.623860822260816406e-01,1.055538805384346857e+00
6.640975114792587730e-01,1.055516908841412471e+00
6.658133626098985403e-01,1.055494955723641937e+00
6.675336470429551472e-01,1.055472945884860625e+00
6.692583762329011865e-01,1.055450879178516876e+00
6.709875616638051321e-01,1.055428755457680001e+00
6.727212148494068344e-01,1.055406574575039835e+00
6.744593473331946809e-01,1.055384336382905186e+00
6.762019706884826453e-01,1.055362040733203832e+00
6.779490965184866713e-01,1.055339687477480526e+00
6.797007364564023879e-01,1.055317276466896770e+00
6.814569021654828251e-01,1.055294807552229486e+00
6.832176053391153525e-01,1.055272280583869682e+00
6.849828577009002828e-01,1.055249695411822231e+00
6.867526710047282545e-01,1.055227051885704315e+00
6.885270570348591690e-01,1.055204349854744539e+00
6.903060276059999056e-01,1.055181589167782263e+00
6.920895945633839252e-01,1.055158769673265384e+00
6.938777697828490965e-01,1.055135891219251221e+00
6.956705651709176319e-01,1.055112953653404073e+00
6.974679926648746919e-01,1.055089956822994779e+00
6.992700642328489868e-01,1.055066900574899158e+00
7.010767918738906035e-01,1.055043784755598235e+00
7.028881876180528288e-01,1.055020609211175575e+00
7.047042635264709753e-01,1.054997373787317283e+00
7.065250316914430950e-01,1.054974078329311116e+00
7.083505042365108029e-01,1.054950722682044706e+00
7.101806933165395463e-01,1.054927306690004896e+00
7.120156111177996516e-01,1.054903830197277070e+00
7.138552698580475919e-01,1.054880293047543383e+00
7.156996817866073668e-01,1.054856695084082530e+00
7.175488591844518815e-01,1.054833036149767755e+00
7.194028143642846596e-01,1.054809316087066851e+00
7.212615596706221099e-01,1.054785534738039932e+00
7.231251074798757950e-01,1.054761691944339885e+00
7.249934702004341425e-01,1.054737787547209926e+00
7.268666602727460457e-01,1.054713821387483152e+00
7.287446901694029089e-01,1.054689793305581436e+00
7.306275723952219137e-01,1.054665703141514532e+00
7.325153194873297302e-01,1.054641550734878308e+00
7.344079440152454508e-01,1.054617335924854959e+00
7.363054585809641894e-01,1.054593058550210349e+00
7.382078758190416812e-01,1.054568718449294451e+00
7.401152083966777706e-01,1.054544315460039128e+00
7.420274690138007889e-01,1.054519849419957911e+00
7.439446704031528190e-01,1.054495320166144001e+00
7.458668253303734064e-01,1.054470727535269825e+00
7.477939465940854902e-01,1.054446071363586146e+00
7.497260470259800025e-01,1.054421351486920511e+00
7.516631394909016883e-01,1.054396567740675916e+00
7.536052368869345930e-01,1.054371719959830589e+00
7.555523521454881042e-01,1.054346807978936207e+00
7.575044982313825503e-01,1.054321831632117012e+00
7.594616881429362421e-01,1.054296790753068480e+00
7.614239349120517364e-01,1.054271685175056206e+00
7.633912516043022123e-01,1.054246514730915907e+00
7.653636513190190671e-01,1.053975879616536604e+00
7.673411471893786251e-01,1.053383564285670149e+00
7.693237523824905111e-01,1.052789718569713262e+00
7.713114800994838038e-01,1.052194338514558458e+00
7.733043435755964090e-01,1.051597420155881535e+00
7.753023560802621006e-01,1.050998959519116038e+00
7.773055309171996718e-01,1.050398952619426174e+00
7.793138814245010870e-01,1.049797395461680161e+00
7.813274209747202992e-01,1.049194284040424030e+00
7.833461629749624011e-01,1.048589614339854759e+00
7.853701208669729983e-01,1.047983382333793623e+00
7.873993081272274708e-01,1.047375583985658887e+00
7.894337382670209013e-01,1.046766215248440268e+00
7.914734248325578925e-01,1.046155272064670072e+00
7.935183814050428275e-01,1.045542750366397877e+00
7.955686216007703537e-01,1.044928646075162559e+00
7.976241590712159768e-01,1.044312955101965201e+00
7.996850075031269878e-01,1.043695673347242225e+00
8.017511806186137235e-01,1.043076796700837860e+00
8.038226921752402721e-01,1.042456321041976608e+00
8.058995559661173980e-01,1.041834242239235930e+00
8.079817858199931369e-01,1.041210556150518940e+00
8.100693956013452768e-01,1.040585258623026865e+00
8.121623992104738399e-01,1.039958345493231073e+00
8.142608105835934529e-01,1.039329812586845092e+00
8.163646436929263839e-01,1.038699655718797743e+00
8.184739125467951348e-01,1.038067870693204720e+00
8.205886311897162555e-01,1.037434453303340165e+00
8.227088137024933800e-01,1.036799399331609361e+00
8.248344742023113740e-01,1.036162704549520974e+00
8.269656268428299262e-01,1.035524364717657742e+00
8.291022858142781393e-01,1.034884375585649163e+00
8.312444653435490105e-01,1.034242732892142635e+00
8.333921796942937998e-01,1.033599432364775916e+00
8.355454431670173987e-01,1.032954469720147594e+00
8.377042700991733648e-01,1.032307840663789111e+00
8.398686748652594014e-01,1.031659540890136562e+00
8.420386718769128365e-01,1.031009566082501161e+00
8.442142755830075451e-01,1.030357911913041047e+00
8.463955004697487627e-01,1.029704574042732856e+00
8.485823610607704515e-01,1.029049548121341751e+00
8.507748719172317786e-01,1.028392829787392992e+00
8.529730476379140391e-01,1.027734414668143303e+00
8.551769028593179112e-01,1.027074298379551331e+00
8.573864522557609336e-01,1.026412476526248785e+00
8.596017105394750946e-01,1.025748944701510013e+00
8.618226924607049755e-01,1.025083698487224693e+00
8.640494128078057834e-01,1.024416733453866524e+00
8.662818864073418279e-01,1.023748045160464804e+00
8.685201281241854421e-01,1.023077629154574231e+00
8.707641528616159032e-01,1.022405480972246261e+00
8.730139755614182429e-01,1.021357304652192655e+00
8.752696112039834997e-01,1.020148181931160192e+00
8.775310748084078627e-01,1.018935935158987505e+00
8.797983814325928131e-01,1.017720556263958409e+00
8.820715461733453777e-01,1.016502037153501625e+00
8.843505841664791589e-01,1.015280369714136155e+00
8.866355105869142550e-01,1.014055545811418879e+00
8.889263406487787345e-01,1.012827557289888825e+00
8.912230896055099993e-01,1.011596395973013651e+00
8.935257727499562597e-01,1.010362053663135251e+00
8.958344054144784518e-01,1.009124522141414459e+00
8.981490029710522682e-01,1.007883793167777320e+00
9.004695808313701866e-01,1.006639858480859573e+00
9.027961544469447208e-01,1.005392709797951589e+00
9.051287393092108946e-01,1.004142338814943525e+00
9.074673509496294921e-01,1.002888737206270253e+00
9.098120049397904197e-01,1.001631896624854967e+00
9.121627168915162898e-01,1.000371808702054777e+00
9.145195024569667819e-01,9.991084650476041995e-01
9.168823773287423373e-01,9.978418572495597605e-01
9.192513572399891864e-01,9.965719768742434814e-01
9.216264579645033761e-01,9.952988154661871478e-01
9.240076953168367968e-01,9.940223645480755765e-01
9.263950851524013208e-01,9.927426156206913266e-01
9.287886433675756059e-01,9.914595601628561905e-01
9.311883858998100116e-01,9.901731896313760162e-01
9.335943287277328473e-01,9.888834954609834194e-01
9.360064878712572867e-01,9.875904690642801631e-01
9.384248793916875053e-01,9.862941018316812025e-01
9.408495193918257060e-01,9.849943851313558429e-01
9.432804240160796994e-01,9.836913103091716737e-01
9.457176094505699293e-01,9.823848686886359483e-01
9.481610919232377199e-01,9.810750515708379638e-01
9.506108877039528560e-01,9.797618502343921065e-01
9.530670131046220517e-01,9.784452559353782330e-01
9.555294844792979747e-01,9.771252599072846046e-01
9.579983182242876039e-01,9.758018533609492673e-01
9.604735307782614750e-01,9.744750274845012106e-01
9.629551386223635934e-01,9.731447734433016361e-01
9.654431582803205680e-01,9.718110823798861153e-01
9.679376063185520795e-01,9.704739454139041932e-01
9.704384993462807918e-01,9.691333536420615458e-01
9.729458540156437074e-01,9.677892981380594728e-01
9.754596870218020799e-01,9.664417699525362782e-01
9.779800151030529909e-01,9.650907601130079838e-01
9.805068550409409278e-01,9.637362596238077117e-01
9.830402236603695831e-01,9.623782594660260648e-01
9.855801378297134319e-01,9.596534361684473380e-01
9.881266144609305302e-01,9.567265620488283329e-01
9.906796705096749811e-01,9.537921256658659086e-01
9.932393229754094000e-01,9.508501074806857689e-01
9.958055889015190454e-01,9.479004879039293341e-01
9.983784853754242850e-01,9.449432472956252882e-01
1.000958029528695059e+00,9.419783659650575736e-01
1.003544238537164679e+00,9.390058241706340514e-01
1.006137129621044179e+00,9.360256021197563836e-01
1.008736720045037227e+00,9.330376799686866951e-01
1.011343027118454696e+00,9.300420378224166784e-01
1.013956068195330129e+00,9.270386557345344780e-01
1.016575860674534759e+00,9.240275137070924627e-01
1.019202421999895414e+00,9.210085916904721115e-01
1.021835769660307758e+00,9.179818695832535624e-01
1.024475921189854200e+00,9.149473272320799433e-01
1.027122894167920908e+00,9.119049444315232567e-01
1.029776706219314608e+00,9.088547009239498209e-01
1.032437375014379599e+00,9.057965763993859332e-01
1.035104918269115437e+00,9.027305504953825332e-01
1.037779353745295507e+00,8.996566027968792012e-01
1.040460699250584709e+00,8.965747128360682661e-01
1.043148972638657801e+00,8.934848600922590256e-01
1.045844191809319756e+00,8.903870239917404117e-01
1.048546374708623219e+00,8.872811839076442109e-01
1.051255539328988409e+00,8.841673191598083958e-01
1.053971703709323693e+00,8.810454090146385697e-01
1.056694885935144379e+00,8.779154326849709644e-01
1.059425104138694840e+00,8.747773693299323305e-01
1.062162376499067973e+00,8.716311980548024918e-01
1.064906721242326437e+00,8.684768979108751230e-01
1.067658156641624334e+00,8.653144478953177510e-01
1.070416701017328887e+00,8.621438269510323105e-01
1.073182372737141899e+00,8.589650139665149231e-01
1.075955190216222990e+00,8.557779877757147879e-01
1.078735171917310831e+00,8.525827271578939603e-01
1.081522336350847935e+00,8.493792108374857985e-01
1.084316702075101668e+00,8.461674174839531881e-01
1.087118287696290153e+00,8.429473257116465446e-01
1.089927111868704390e+00,8.397189140796613716e-01
1.092743193294833048e+00,8.364821610916959305e-01
1.095566550725487476e+00,8.332370451959074664e-01
1.098397202959925600e+00,8.299835447847692116e-01
1.101235168845978052e+00,8.267216381949259452e-01
1.104080467280173172e+00,8.234513037070505526e-01
1.106933117207862916e+00,8.201725195456982531e-01
1.109793137623348525e+00,8.168852638791633813e-01
1.112660547570007985e+00,8.135895148193320603e-01
1.115535366140422147e+00,8.102852504215379836e-01
1.118417612476502176e+00,8.069724486844149780e-01
1.121307305769616347e+00,8.033402606499462362e-01
1.124204465260718599e+00,7.978565532369511493e-01
1.127109110240476664e+00,7.923586773842279385e-01
1.130021260049399956e+00,7.868465964843015525e-01
1.132940934077968365e+00,7.813202738351130439e-01
1.135868151766762146e+00,7.757796726397740983e-01
1.138802932606590268e+00,7.702247560063238963e-01
1.141745296138621191e+00,7.646554869474824212e-01
1.144695261954511878e+00,7.590718283804052113e-01
1.147652849696540578e+00,7.534737431264325602e-01
1.150618079057734278e+00,7.478611939108481543e-01
1.153590969782001929e+00,7.422341433626269414e-01
1.156571541664265679e+00,7.365925540141867733e-01
1.159559814550592538e+00,7.309363883011392726e-01
1.162555808338326280e+00,7.252656085620394766e-01
1.165559542976219998e+00,7.195801770381362594e-01
1.168571038464569556e+00,7.138800558731185353e-01
1.171590314855345705e+00,7.081652071128656800e-01
1.174617392252328418e+00,7.024355927051932902e-01
1.177652290811240565e+00,6.966911744996000522e-01
1.180695030739881579e+00,6.909319142470148334e-01
1.183745632298263351e+00,6.851577735995394436e-01
1.186804115798743009e+00,6.793687141101970584e-01
1.189870501606160813e+00,6.735646972326717608e-01
1.192944810137973155e+00,6.677456843210560766e-01
1.196027061864390229e+00,6.619116366295912934e-01
1.199117277308511920e+00,6.560625153124093334e-01
1.202215477046464143e+00,6.501982814232752927e-01
1.205321681707535841e+00,6.443188959153277606e-01
1.208435911974316879e+00,6.384243196408183607e-01
1.211558188582835260e+00,6.325145133508512929e-01
1.214688532322695691e+00,6.265894376951217648e-01
1.217826964037217019e+00,6.206490532216553113e-01
1.220973504623572348e+00,6.146933203765428955e-01
1.224128175032927146e+00,6.087221995036793398e-01
1.227290996270579138e+00,6.027356508444986494e-01
1.230461989396098188e+00,5.967336345377092233e-01
1.233641175523466638e+00,5.907161106190280675e-01
1.236828575821219411e+00,5.846830390209158956e-01
1.240024211512585683e+00,5.786841237214795930e-01
1.243228103875629431e+00,5.730312212651029746e-01
1.246440274243391766e+00,5.673637132140605388e-01
1.249660744004032376e+00,5.616815618313852898e-01
1.252889534600972743e+00,5.559847292826068932e-01
1.256126667533037811e+00,5.502731776355023197e-01
1.259372164354599644e+00,5.445468688598417151e-01
1.262626046675722868e+00,5.388057648271321609e-01
1.265888336162304784e+00,5.330498273103702056e-01
1.269159054536222131e+00,5.272790179837832936e-01
1.272438223575475424e+00,5.214932984225746360e-01
1.275725865114333279e+00,5.156926301026690806e-01
1.279022001043478962e+00,5.098769744004538751e-01
1.282326653310154940e+00,5.040462925925245363e-01
1.285639843918309655e+00,4.982005458554247812e-01
1.288961594928743626e+00,4.923396952653897318e-01
1.292291928459257111e+00,4.864637017980848466e-01
1.295630866684796656e+00,4.805725263283475157e-01
1.298978431837602532e+00,4.746661296299267141e-01
1.302334646207357727e+00,4.687444723752205999e-01
1.305699532141336050e+00,4.628075151350145577e-01
1.309073112044549791e+00,4.568552183782214060e-01
1.312455408379900712e+00,4.508875424716142777e-01
1.315846443668328369e+00,4.449044476795653291e-01
1.319246240488960442e+00,4.167634112122599044e-01
1.322654821479263054e+00,3.793627595469580283e-01
1.326072209335191543e+00,3.418654745569754128e-01
1.329498426811341449e+00,3.042713065675341499e-01
1.332933496721100397e+00,2.665800052587603552e-01
1.336377441936799748e+00,2.287913196640199154e-01
1.339830285389866260e+00,1.909049981682546804e-01
1.343292050070976185e+00,1.529207885062913164e-01
1.346762759030206924e+00,1.148384377611775531e-01
1.350242435377191574e+00,7.665769236248630436e-02
1.353731102281272136e+00,3.837829808463448511e-02
1.357228782971653835e+00,4.519000499925632985e-11
