1.000000000000000021e-03 2.771831348359234398e+05
1.008455466423973127e-03 2.820080224673579214e+05
1.016982427760393338e-03 2.870934074196370202e+05
1.025581488532091969e-03 2.922217916736330371e+05
1.034253258373423520e-03 2.973935388084979495e+05
1.042998352073484791e-03 3.026090154776150011e+05
1.051817389619701332e-03 3.078685914345926722e+05
1.060710996241781860e-03 3.131726395594790811e+05
1.069679802456043483e-03 3.185215358851965866e+05
1.078724444110112706e-03 3.239156596242014202e+05
1.087845562428004821e-03 3.293553931953682331e+05
1.097043804055582985e-03 3.348411222511013621e+05
1.106319821106402845e-03 3.403732357046763063e+05
1.115674271207943999e-03 3.459521257578115328e+05
1.125107817548233512e-03 3.515781879284741008e+05
1.134621128922862340e-03 3.572518210789199220e+05
1.144214879782400095e-03 3.629734274439712171e+05
1.153889750280211830e-03 3.689991235078190803e+05
1.163646426320672942e-03 3.754762217856972711e+05
1.173485599607803666e-03 3.820080869505888550e+05
1.183407967694303413e-03 3.885951820820680587e+05
1.193414234031004925e-03 3.952379741752630798e+05
1.203505108016745618e-03 4.019369341739634401e+05
1.213681305048661552e-03 4.086925370040085400e+05
1.223943546572904247e-03 4.155052616069565411e+05
1.234292560135790079e-03 4.223755909740406787e+05
1.244729079435378171e-03 4.293040121804098599e+05
1.255253844373486940e-03 4.365746405239254236e+05
1.265867601108150182e-03 4.442048147507822141e+05
1.276571102106515733e-03 4.518995056596233626e+05
1.287365106198191684e-03 4.596592587690869113e+05
1.298250378629045142e-03 4.674846242104258854e+05
1.309227691115453542e-03 4.753761567665095208e+05
1.320297821899016084e-03 4.833344159111547051e+05
1.331461555801728138e-03 4.913599658487907145e+05
1.342719684281620546e-03 4.994533755544582382e+05
1.354073005488871636e-03 5.078336787681432324e+05
1.365522324322391299e-03 5.166940872549913474e+05
1.377068452486884939e-03 5.256294146283025621e+05
1.388712208550400536e-03 5.346402943622061284e+05
1.400454418002360134e-03 5.437273652871502563e+05
1.412295913312083774e-03 5.528912716351922136e+05
1.424237533987808687e-03 5.621326630856727716e+05
1.436280126636204843e-03 5.714521948112734826e+05
1.448424545022397245e-03 5.808505275244672084e+05
1.460671650130492601e-03 5.909091679560907651e+05
1.473022310224620561e-03 6.011456921319006942e+05
1.485477400910489723e-03 6.114687708941784222e+05
1.498037805197459296e-03 6.218791361023214413e+05
1.510704413561148735e-03 6.323775258039431646e+05
1.523478124006563033e-03 6.429646842871927656e+05
1.536359842131758153e-03 6.536413621335227508e+05
1.549350481192044012e-03 6.644083162709020544e+05
1.562450962164730001e-03 6.759443741323238937e+05
1.575662213814418454e-03 6.876194710291381925e+05
1.588985172758849334e-03 6.993932863157599932e+05
1.602420783535303062e-03 7.112666547022201121e+05
1.615969998667562578e-03 7.232404179564113729e+05
1.629633778733443955e-03 7.353154249637669418e+05
1.643413092432897092e-03 7.474925317874425091e+05
1.657308916656681464e-03 7.601679983544703573e+05
1.671322236555623222e-03 7.733205084040382644e+05
1.685454045610459061e-03 7.865842290607213508e+05
1.699705345702267950e-03 7.999601006620739354e+05
1.714077147183501112e-03 8.134490714966432424e+05
1.728570468949610934e-03 8.270520978711982025e+05
1.743186338511285927e-03 8.407701441785275238e+05
1.757925792067296759e-03 8.550331561594802188e+05
1.772789874577958107e-03 8.697989474413994467e+05
1.787779639839211752e-03 8.846895903757264605e+05
1.802896150557335058e-03 8.997061406414160738e+05
1.818140478424283037e-03 9.148496628436809406e+05
1.833513704193665992e-03 9.301212305894677993e+05
1.849016917757370084e-03 9.455219265635705087e+05
1.864651218222825816e-03 9.618497045926798601e+05
1.880417713990929643e-03 9.783753554726000875e+05
1.896317522834624347e-03 9.950407384386698250e+05
1.912351771978144455e-03 1.011847034990851651e+06
1.928521598176931046e-03 1.028795436619241722e+06
1.944828147798223104e-03 1.045887144888540730e+06
1.961272576902328875e-03 1.063734842144972878e+06
1.977856051324585699e-03 1.082024415973023511e+06
1.994579746758012861e-03 1.100468636678486364e+06
2.011444848836664405e-03 1.119068811872842954e+06
2.028452553219676699e-03 1.137826260224033147e+06
2.045604065676048279e-03 1.156742311549955979e+06
2.062900602170114877e-03 1.176518119135247311e+06
2.080343388947758238e-03 1.196709012588760583e+06
2.097933662623340488e-03 1.217070629463940160e+06
2.115672670267375322e-03 1.237604413306945702e+06
2.133561669494938619e-03 1.258311819869792555e+06
2.151601928554829329e-03 1.279276378522996092e+06
2.169794726419480187e-03 1.301329452336256625e+06
2.188141352875634313e-03 1.323568995174691314e+06
2.206643108615781619e-03 1.345996583720880793e+06
2.225301305330374107e-03 1.368613807988992892e+06
2.244117265800818321e-03 1.391422271437507123e+06
2.263092323993255803e-03 1.415132856865502661e+06
2.282227825153131974e-03 1.439373292226373684e+06
2.301525125900571664e-03 1.463818691774541512e+06
2.320985594326554352e-03 1.488470788577809231e+06
2.340610610089908193e-03 1.513331330357878003e+06
2.360401564515118497e-03 1.538963978331448045e+06
2.380359860690969744e-03 1.565335337500201771e+06
2.400486913570015930e-03 1.591929678810962010e+06
2.420784150068893987e-03 1.618748887681742664e+06
2.441253009169487651e-03 1.645794865472647361e+06
2.461894942020943951e-03 1.673712418002908817e+06
2.482711412042551413e-03 1.702352312799639534e+06
2.503703895027492143e-03 1.731234371265210211e+06
2.524873879247470365e-03 1.760360641006395221e+06
2.546222865558214407e-03 1.789733186943429289e+06
2.567752367505894175e-03 1.820315310255969875e+06
2.589463911434418137e-03 1.851368925185387023e+06
2.611359036593641908e-03 1.882685112913182005e+06
2.633439295248498398e-03 1.914266093614836922e+06
2.655706252789043469e-03 1.946419159976522205e+06
2.678161487841437035e-03 1.979758321930499980e+06
2.700806592379857880e-03 2.013379382048981963e+06
2.723643171839371276e-03 2.047284723912435118e+06
2.746672845229742883e-03 2.081476751255607698e+06
2.769897245250221504e-03 2.117034334978305269e+06
2.793318018405290676e-03 2.153080496933360584e+06
2.816936825121395607e-03 2.189431446000539232e+06
2.840755339864663252e-03 2.226089759297035635e+06
2.864775251259611601e-03 2.263855304196706507e+06
2.888998262208866425e-03 2.302452138219836634e+06
2.913426090013890215e-03 2.341375326477120630e+06
2.938060466496729851e-03 2.380627628445828333e+06
2.962903138122795991e-03 2.420906797444917727e+06
2.987955866124678093e-03 2.462185592516422272e+06
3.013220426627008508e-03 2.503813419053675607e+06
3.038698610772383457e-03 2.545793228280518204e+06
3.064392224848343053e-03 2.588903136778356042e+06
3.090303090415432927e-03 2.633001143757469952e+06
3.116433044436340942e-03 2.677472019953959156e+06
3.142783939406132866e-03 2.722318918150972575e+06
3.169357643483583509e-03 2.768588696416002698e+06
3.196156040623621564e-03 2.815649557757774834e+06
3.223181030710893340e-03 2.863108340632505249e+06
3.250434529694456662e-03 2.910986526440341491e+06
3.277918469723611027e-03 2.960739694746628869e+06
3.305634799284880472e-03 3.010913549297016580e+06
3.333585483340150910e-03 3.061511647189916112e+06
3.361772503465977960e-03 3.113169018998140935e+06
3.390197857994070498e-03 3.166164112041411456e+06
3.418863562152965087e-03 3.219607303314545657e+06
3.447771648210894765e-03 3.273502381697079167e+06
3.476924165619868674e-03 3.329303558327658102e+06
3.506323181160972066e-03 3.385703519071379676e+06
3.535970779090877140e-03 3.442580367789476179e+06
3.565869061289630212e-03 3.500789942656334024e+06
3.596020147409649276e-03 3.560261385782919358e+06
3.626426175026002674e-03 3.620235687700047158e+06
3.657089299787952361e-03 3.681094322509080637e+06
3.688011695571780883e-03 3.743756058230550494e+06
3.719195554634908540e-03 3.806947628154481295e+06
3.750643087771314207e-03 3.870702801991944201e+06
3.782356524468271503e-03 3.936677881770665292e+06
3.814338113064408547e-03 4.003210811621273868e+06
3.846590120909105636e-03 4.070306308426323347e+06
3.879114834523239488e-03 4.139532612898938358e+06
3.911914559761286644e-03 4.209534989470125176e+06
3.944991621974799911e-03 4.280129268786009401e+06
3.978348366177263465e-03 4.352841334226587787e+06
4.011987157210343546e-03 4.426445572261556052e+06
4.045910379911547318e-03 4.500672168459891342e+06
4.080120439283294216e-03 4.577141681643742137e+06
4.114619760663420188e-03 4.654485115370754153e+06
4.149410789897126084e-03 4.732482523904760368e+06
4.184495993510373678e-03 4.812988125915450044e+06
4.219877858884750130e-03 4.894211796684362926e+06
4.255558894433822577e-03 4.976415471914721653e+06
4.291541629780948157e-03 5.060951303579325788e+06
4.327828615938643549e-03 5.146201925130192190e+06
4.364422425489422955e-03 5.232942037837630138e+06
4.401325652768184327e-03 5.321620948066888377e+06
4.438540914046137757e-03 5.411049679844104685e+06
4.476070847716285585e-03 5.502627351982382126e+06
4.513918114480475891e-03 5.595604494507884607e+06
4.552085397538029390e-03 5.689474158307438716e+06
4.590575402775970947e-03 5.786092157410791144e+06
4.629390858960860493e-03 5.883527106761513278e+06
4.668534517932252000e-03 5.982772950355723500e+06
4.708009154797787414e-03 6.083976165553832427e+06
4.747817568129938590e-03 6.186035101140049286e+06
4.787962580164411078e-03 6.290982265342419967e+06
4.828447037000231472e-03 6.396939926554243080e+06
4.869273808801519166e-03 6.504817727346594445e+06
4.910445790000972886e-03 6.614774113772678189e+06
4.951965899505065931e-03 6.725760039859442040e+06
4.993837080900990870e-03 6.839823445817095228e+06
5.036062302665341578e-03 6.954851311074029654e+06
5.078644558374565549e-03 7.072372430962618440e+06
5.121586866917195169e-03 7.191641393354992382e+06
5.164892272707875299e-03 7.312707827280060388e+06
5.208563845903194968e-03 7.436331640019714832e+06
5.252604682619350061e-03 7.561134180496531539e+06
5.297017905151642225e-03 7.689223429714558646e+06
5.341806662195836518e-03 7.818395733278620057e+06
5.386974129071389096e-03 7.950624626467199065e+06
5.432523507946564884e-03 8.084417119258666411e+06
5.478458028065451291e-03 8.220847854056447744e+06
5.524780945976905285e-03 8.359374098210996948e+06
5.571495545765419062e-03 8.500208619604770094e+06
5.618605139283954636e-03 8.643590810166940093e+06
5.666113066388733452e-03 8.789036308801449835e+06
5.714022695176019205e-03 8.937399425925411284e+06
5.762337422220899924e-03 9.087665713330537081e+06
5.811060672818092743e-03 9.241131156857222319e+06
5.860195901224777432e-03 9.396429393781200051e+06
5.909746590905488178e-03 9.555127675143491477e+06
5.959716254779079229e-03 9.715677570510722697e+06
6.010108435467777406e-03 9.879742162418000400e+06
6.060926705548312816e-03 1.004576647987942211e+07
6.112174667805238791e-03 1.021532712156441808e+07
6.163855955486324811e-03 1.038704885019955784e+07
6.215974232560146466e-03 1.056224489750260487e+07
6.268533193975841210e-03 1.073989699973134324e+07
6.321536565925065486e-03 1.092087095661730133e+07
6.374988106106162754e-03 1.110468785744736344e+07
6.428891603990571912e-03 1.129157833488211781e+07
6.483250881091476986e-03 1.148179978947179765e+07
6.538069791234740573e-03 1.167475916209915094e+07
6.593352220832118457e-03 1.187162858566535078e+07
6.649102089156793544e-03 1.207080173156105541e+07
6.705323348621228252e-03 1.227456445641682856e+07
6.762019985057378738e-03 1.248073097183812968e+07
6.819196017999266599e-03 1.269101946114137396e+07
6.876855500967950577e-03 1.290449196621600538e+07
6.935002521758900848e-03 1.312140713174974360e+07
6.993641202731801926e-03 1.334244151675241254e+07
7.052775701102816271e-03 1.356628448678716272e+07
7.112410209239304268e-03 1.379501199445798993e+07
7.172548954957050880e-03 1.402685017098967545e+07
7.233196201819994640e-03 1.426264087713358924e+07
7.294356249442500613e-03 1.450274501298097149e+07
7.356033433794160852e-03 1.474608346459299512e+07
7.418232127507230766e-03 1.499442228676866740e+07
7.480956740186606863e-03 1.524647422924529761e+07
7.544211718722450798e-03 1.550233764197199605e+07
7.608001547605452823e-03 1.576339179729671031e+07
7.672330749244766698e-03 1.602812458723048680e+07
7.737203884288623018e-03 1.629731268454372510e+07
7.802625551947659985e-03 1.657151965169401467e+07
7.868600390320988971e-03 1.684968787167186663e+07
7.935133076725008755e-03 1.713270178410844505e+07
8.002228328025016990e-03 1.742082729112283140e+07
8.069890900969598976e-03 1.771320570289152116e+07
8.138125592527873514e-03 1.801056764263503999e+07
8.206937240229569830e-03 1.831340057919794321e+07
8.276330722507985876e-03 1.862078334152849391e+07
8.346310959045848826e-03 1.893302373295330256e+07
8.416882911124100308e-03 1.925137829744115844e+07
8.488051581973623735e-03 1.957459019791160524e+07
8.559822017129953622e-03 1.990277475220301375e+07
8.632199304790982505e-03 2.023697692295339704e+07
8.705188576177686280e-03 2.057685973048374802e+07
8.778795005897911327e-03 2.092203514916325733e+07
8.853023812313225160e-03 2.127262162006175891e+07
8.927880257908873962e-03 2.162989413564214855e+07
9.003369649666874766e-03 2.199293756165795028e+07
9.079497339442252693e-03 2.236172508036207780e+07
9.156268724342459669e-03 2.273638214169771969e+07
9.233689247110012793e-03 2.311788272981394082e+07
9.311764396508354080e-03 2.350578026351894811e+07
9.390499707710978430e-03 2.389989167451883480e+07
9.469900762693859303e-03 2.430034699488990381e+07
9.549973190631173836e-03 2.470727929869095609e+07
9.630722668294400268e-03 2.512179322590057179e+07
9.712154920454759907e-03 2.554300580183443800e+07
9.794275720289090381e-03 2.597105245855110139e+07
9.877090889789131092e-03 2.640606651318030059e+07
9.960606300174274647e-03 2.684818102107158303e+07
1.004482787230781722e-02 2.729780559572883695e+07
1.012976157711670613e-02 2.778270708461645618e+07
1.021541343601486962e-02 2.827380932833631337e+07
1.030178952133009758e-02 2.876906407058868185e+07
1.038889595673454271e-02 2.926850642268547788e+07
1.047673891767886278e-02 2.977217179282114282e+07
1.056532463183003367e-02 3.028009588858292997e+07
1.065465937951284858e-02 3.079231471948232874e+07
1.074474949415519034e-02 3.130886459950812906e+07
1.083560136273702297e-02 3.182978214970079809e+07
1.092722142624320304e-02 3.235510430074877292e+07
1.101961618012012312e-02 3.288486829560671002e+07
1.111279217473619928e-02 3.341911169213578850e+07
1.120675601584627222e-02 3.395787236576645076e+07
1.130151436505992014e-02 3.450118851218355447e+07
1.139707394031373375e-02 3.504909865003429353e+07
1.149344151634759670e-02 3.560164162365898490e+07
1.159062392518497332e-02 3.621498452919406444e+07
1.168862805661727462e-02 3.683767693048735708e+07
1.178746085869231131e-02 3.746563448647224903e+07
1.188712933820688239e-02 3.809890171648745239e+07
1.198764056120351675e-02 3.873752351630345732e+07
1.208900165347143174e-02 3.938154516130542010e+07
1.219121980105172115e-02 4.003101230970304459e+07
1.229430225074679139e-02 4.068597100576739013e+07
1.239825631063415888e-02 4.134646768309539557e+07
1.250308935058453905e-02 4.201404732223177701e+07
1.260880880278434160e-02 4.273874360018461943e+07
1.271542216226258237e-02 4.346956752318327874e+07
1.282293698742223778e-02 4.420657090332469344e+07
1.293136090057610960e-02 4.494980599080124497e+07
1.304070158848721038e-02 4.569932547760507464e+07
1.315096680291371646e-02 4.645518250126367807e+07
1.326216436115854047e-02 4.721743064860717207e+07
1.337430214662352866e-02 4.798612395956724137e+07
1.348738810936837666e-02 4.876131693100848049e+07
1.360143026667423594e-02 4.959340998820085824e+07
1.371643670361211154e-02 5.043890802692309767e+07
1.383241557361606332e-02 5.129155514592333138e+07
1.394937509906121753e-02 5.215141179400973022e+07
1.406732357184673626e-02 5.301853893111345172e+07
1.418626935398365277e-02 5.389299803261026740e+07
1.430622087818770108e-02 5.477485109367893636e+07
1.442718664847716069e-02 5.566416063369634002e+07
1.454917524077575276e-02 5.658516057228657603e+07
1.467219530352063296e-02 5.755016342596109957e+07
1.479625555827552945e-02 5.852332582886392623e+07
1.492136480034905385e-02 5.950471677378955483e+07
1.504753189941825976e-02 6.049440583689880371e+07
1.517476580015745570e-02 6.149246318265133351e+07
1.530307552287234370e-02 6.249895956878008693e+07
1.543247016413951643e-02 6.351396635130760074e+07
1.556295889745136496e-02 6.456824496865969151e+07
1.569455097386644044e-02 6.566473597786413133e+07
1.582725572266530101e-02 6.677049832998105139e+07
1.596108255201194454e-02 6.788561041853930056e+07
1.609604094962074558e-02 6.901015129992122948e+07
1.623214048342916035e-02 7.014420069896806777e+07
1.636939080227601054e-02 7.128783901463167369e+07
1.650780163658555066e-02 7.244487417063587904e+07
1.664738279905730867e-02 7.367547798305997252e+07
1.678814418536176550e-02 7.491648712470123172e+07
1.693009577484191203e-02 7.616798957747147977e+07
1.707324763122073513e-02 7.743007406721064448e+07
1.721760990331470259e-02 7.870283006997703016e+07
1.736319282575324655e-02 7.998634781839069724e+07
1.751000671970437406e-02 8.128547007027731836e+07
1.765806199360638040e-02 8.266179984013858438e+07
1.780736914390575534e-02 8.404976712015719712e+07
1.795793875580134480e-02 8.544947031090956926e+07
1.810978150399479916e-02 8.686100864499497414e+07
1.826290815344731866e-02 8.828448219407032430e+07
1.841732956014289699e-02 8.971999187594527006e+07
1.857305667185793485e-02 9.120232050141365826e+07
1.873010052893737953e-02 9.273686175728128850e+07
1.888847226507744947e-02 9.428437827521409094e+07
1.904818310811496121e-02 9.584497976710484922e+07
1.920924438082331764e-02 9.741877687251147628e+07
1.937166750171526522e-02 9.900588116650103033e+07
1.953546398585239222e-02 9.885569286701029539e+07
1.970064544566150350e-02 9.229235695597325265e+07
1.986722359175789251e-02 8.567352497851122916e+07
2.003521023377556956e-02 7.899872768949776888e+07
2.020461728120450176e-02 7.226749187612026930e+07
2.037545674423495504e-02 6.547934032433086634e+07
2.054774073460894843e-02 6.080635656424697489e+07
2.072148146647894221e-02 6.182604021087429672e+07
2.089669125727374593e-02 6.285434575833878666e+07
2.107338252857175742e-02 6.389134610883338749e+07
2.125156780698163675e-02 6.493711478097324073e+07
2.143125972503035978e-02 6.599172591500763595e+07
2.161247102205880385e-02 6.708379434501831979e+07
2.179521454512491421e-02 6.820272865801800787e+07
2.197950324991450669e-02 6.933112408253189921e+07
2.216535020165976907e-02 7.046906061667074263e+07
2.235276857606550982e-02 7.161661893496659398e+07
2.254177166024327189e-02 7.278436747921335697e+07
2.273237285365332927e-02 7.399938079769121110e+07
2.292458566905463541e-02 7.522466762048815191e+07
2.311842373346282078e-02 7.646031481487494707e+07
2.331390078911630206e-02 7.770640998262579739e+07
2.351103069445051319e-02 7.896576633920222521e+07
2.370982742508045624e-02 8.028258054042170942e+07
2.391030507479141934e-02 8.161052901990611851e+07
2.411247785653827455e-02 8.294970592317160964e+07
2.431636010345302953e-02 8.430020619177839160e+07
2.452196626986101816e-02 8.566753039925453067e+07
2.472931093230562941e-02 8.709221617988257110e+07
2.493840879058173074e-02 8.852894834329339862e+07
2.514927466877781362e-02 8.997782874727222323e+07
2.536192351632694103e-02 9.143896011085921526e+07
2.557637040906661843e-02 9.293111221982719004e+07
2.579263055030758117e-02 9.446998401953889430e+07
2.601071927191165103e-02 9.602186769808386266e+07
2.623065203537869317e-02 9.758687327696670592e+07
2.645244443294276007e-02 9.916511170797508955e+07
2.667611218867752335e-02 1.007993886367536634e+08
2.690167115961102778e-02 1.024591412784572393e+08
2.712913733684988241e-02 1.041329279028948247e+08
2.735852684671298898e-02 1.058208671739363819e+08
2.758985595187473869e-02 1.075446429639643729e+08
2.782314105251806891e-02 1.093172951649306118e+08
2.805839868749710614e-02 1.111049359670635313e+08
2.829564553550968989e-02 1.129076921059770137e+08
2.853489841627983650e-02 1.147339738329395503e+08
2.877617429175017769e-02 1.166247717249308825e+08
2.901949026728447081e-02 1.185315571950124353e+08
2.926486359288030942e-02 1.204544654256139845e+08
2.951231166439206161e-02 1.223965110864566267e+08
2.976185202476416131e-02 1.244108927532736957e+08
3.001350236527481133e-02 1.264423069566395730e+08
3.026728052679023007e-02 1.284908977145951986e+08
3.052320450102948349e-02 1.305622058285601586e+08
3.078129243184000302e-02 1.327058575873484910e+08
3.104156261648394199e-02 1.348676349216080904e+08
3.130403350693528042e-02 1.370476910915335119e+08
3.156872371118810139e-02 1.392620433835818172e+08
3.183565199457574074e-02 1.415408240711271763e+08
3.210483728110116730e-02 1.438388729122636020e+08
3.237629865477863883e-02 1.461563528282169700e+08
3.265005536098664757e-02 1.485277747089294791e+08
3.292612680783233575e-02 1.509478439652427733e+08
3.320453256752744359e-02 1.533883760358965099e+08
3.348529237777589374e-02 1.558495439435302913e+08
3.376842614317310254e-02 1.583923441728385687e+08
3.405395393661712206e-02 1.609600298166399598e+08
3.434189600073171700e-02 1.635494264401898384e+08
3.463227274930148064e-02 1.533558884511572719e+08
3.492510476871907993e-02 1.276198412352199554e+08
3.522041281944472690e-02 1.016661837361626625e+08
3.551821783747801525e-02 7.716112795413292944e+07
3.581854093584219134e-02 7.841651219713288546e+07
3.612140340608091527e-02 7.968251129944865406e+07
3.642682671976782416e-02 8.095921501466682553e+07
3.673483253002870347e-02 8.226963414842787385e+07
3.704544267307664090e-02 8.359834870167455077e+07
3.735867916976005898e-02 8.493829815621322393e+07
3.767456422712395225e-02 8.630644040550763905e+07
3.799312023998421828e-02 8.769993559083594382e+07
3.831436979251538061e-02 8.910521342791575193e+07
3.863833565985168306e-02 9.053560716078558564e+07
3.896504080970176337e-02 9.199602625923681259e+07
3.929450840397694100e-02 9.346879388233990967e+07
3.962676180043329943e-02 9.496602315305951238e+07
3.996182455432764624e-02 9.649556899466355145e+07
4.029972042008746896e-02 9.803804785977520049e+07
4.064047335299504626e-02 9.960672046056896448e+07
4.098410751088566589e-02 1.012075889023420960e+08
4.133064725586046984e-02 1.028219934334738851e+08
4.168011715601347561e-02 1.044667716053021699e+08
4.203254198717341211e-02 1.061413319397484660e+08
4.238794673466020346e-02 1.078300514628776312e+08
4.274635659505628127e-02 1.095556666794588566e+08
4.310779697799296123e-02 1.113062602908685356e+08
4.347229350795183550e-02 1.130716559877815545e+08
4.383987202608142369e-02 1.148828483627646416e+08
4.421055859202923516e-02 1.167119028887666613e+08
4.458437948578923560e-02 1.083299004454299212e+08
4.496136120956500948e-02 6.444683220862087607e+07
4.534153048964861127e-02 2.019271216175569594e+07
4.572491427831539001e-02 1.750727327584799146e+06
4.611153975573473868e-02 1.779127061389544280e+06
4.650143433189705272e-02 1.807768748377678683e+06
4.689462564855702981e-02 1.837187138432739070e+06
4.729114158119319261e-02 1.866854274697155226e+06
4.769101024098432867e-02 1.897030796715610893e+06
4.809425997680233378e-02 1.927747845665059751e+06
4.850091937722202096e-02 1.958725723111952189e+06
4.891101727254795056e-02 1.990515733047476737e+06
4.932458273685835087e-02 2.022574542344628833e+06
4.974164509006634427e-02 2.055227072204147233e+06
5.016223389999858312e-02 2.088392127292269841e+06
5.058637898449151044e-02 2.121951890116189606e+06
5.101411041350525921e-02 2.156246724468429107e+06
5.144545851125551655e-02 2.190831537641050294e+06
5.188045385836333873e-02 2.226209573930059560e+06
5.231912729402321549e-02 2.261959299975874368e+06
5.276150991818941149e-02 2.298352734026328195e+06
5.320763309378081368e-02 2.335292258524982259e+06
5.365752844890436107e-02 2.372748184250965714e+06
5.411122787909745241e-02 2.410903121261075605e+06
5.456876354958912351e-02 2.449469089914284647e+06
5.503016789758040372e-02 2.488866112551724073e+06
5.549547363454399723e-02 2.528596255391278304e+06
5.596471374854337238e-02 2.569255688618034124e+06
5.643792150657144652e-02 2.610264874558881391e+06
5.691513045690909517e-02 2.652147012583542615e+06
5.739637443150354124e-02 2.694462783785622567e+06
5.788168754836690855e-02 2.737616631751132198e+06
5.837110421399503007e-02 2.781267021523096133e+06
5.886465912580670506e-02 2.825741975391889922e+06
5.936238727460358550e-02 2.870755515648550820e+06
5.986432394705089310e-02 2.916600885100283660e+06
6.037050472817902941e-02 2.963005946446526330e+06
6.088096550390646039e-02 3.010271703799285460e+06
6.139574246358384113e-02 3.058097815424391069e+06
6.191487210255957468e-02 3.106834775864633732e+06
6.243839122476736031e-02 3.156112333063447848e+06
6.296633694533528003e-02 3.206370934441531077e+06
6.349874669321714515e-02 3.257129825769086368e+06
6.403565821384601953e-02 3.308961609678494278e+06
6.457710957181021783e-02 3.361325094196245074e+06
6.512313915355188998e-02 3.414689650076021440e+06
6.567378567008848311e-02 3.468710864973449148e+06
6.622908815975711572e-02 3.523638496818359476e+06
6.678908599098230814e-02 3.579369524379376322e+06
6.735381886506690285e-02 3.635892346310266759e+06
6.792332681900685454e-02 3.693385878054999746e+06
6.849765022832951522e-02 3.751537306619228330e+06
6.907682980995621946e-02 3.810845862484228332e+06
6.966090662508885034e-02 3.870843016434294637e+06
7.024992208212081646e-02 3.931836594967266545e+06
7.084391793957291183e-02 3.993736478733850177e+06
7.144293630905368397e-02 4.056446359257428907e+06
7.204701965824493459e-02 4.120302371179450769e+06
7.265621081391256120e-02 4.184937588735918514e+06
7.327055296494271175e-02 4.250629640847581439e+06
7.389008966540373813e-02 4.317309377645618282e+06
7.451486483763392066e-02 4.384825709801014513e+06
7.514492277535543552e-02 4.453589040243300609e+06
7.578030814681449567e-02 4.523238810637973249e+06
7.642106599794823429e-02 4.593867391106880270e+06
7.706724175557812251e-02 4.665706030760437250e+06
7.771888123063062925e-02 4.738472481533606537e+06
7.837603062138498444e-02 4.812321597509729676e+06
7.903873651674839240e-02 4.887366901850289665e+06
7.970704589955902863e-02 4.963397323490167037e+06
8.038100614991687543e-02 5.040560198923843913e+06
8.106066504854267385e-02 5.118960580241766758e+06
8.174607078016556116e-02 5.198403344971369952e+06
8.243727193693897726e-02 5.278975673658941872e+06
8.313431752188571444e-02 5.360879917317401618e+06
8.383725695237194409e-02 5.443884029099031352e+06
8.454614006361073353e-02 5.528010835621757433e+06
8.526101711219512269e-02 5.613521506832557730e+06
8.598193877966109344e-02 5.700236182276695967e+06
8.670895617608062600e-02 5.788131018357142806e+06
8.744212084368523097e-02 5.877285136071122251e+06
8.818148476052002638e-02 5.967860673031180166e+06
8.892710034412869280e-02 6.059673479402606376e+06
8.967902045526976451e-02 6.152746220068274066e+06
9.043729840166410405e-02 6.247161403951151296e+06
9.120198794177425405e-02 6.343042680771939456e+06
9.197314328861554145e-02 6.440241238080540672e+06
9.275081911359969733e-02 6.538779693557705730e+06
9.353507055041074270e-02 6.638680345327213407e+06
9.432595319891370900e-02 6.740121174064829014e+06
9.512352312909638785e-02 6.842995175939247943e+06
9.592783688504448458e-02 6.947287486149398610e+06
9.673895148895035601e-02 7.053018829136584885e+06
9.755692444515554063e-02 7.160212225509952754e+06
9.838181374422763636e-02 7.268995198130514473e+06
9.921367786707153968e-02 7.379328413160295226e+06
1.000525757890754486e-01 7.491180750240948051e+06
1.008985669842920041e-01 7.604571758991640992e+06
1.017517114296546954e-01 7.719524019170260057e+06
1.026120696092299445e-01 7.836062685610678047e+06
1.034797025185051761e-01 7.954223661981208250e+06
1.043546716687131365e-01 8.074099301201491617e+06
1.052370390911926828e-01 8.195613110828518867e+06
1.061268673417866126e-01 8.318787656036566012e+06
1.070242195052765327e-01 8.443645620511621237e+06
1.079291591998553373e-01 8.570209670598397031e+06
1.088417505816373643e-01 8.698497948809677735e+06
1.097620583492068536e-01 8.828528230237588286e+06
1.106901477482047508e-01 8.960326730669708923e+06
1.116260845759544373e-01 9.093914215520661324e+06
1.125699351861260133e-01 9.229303961800441146e+06
1.135217664934411314e-01 9.366528735629947856e+06
1.144816459784165491e-01 9.505612663650114089e+06
1.154496416921482332e-01 9.646573782064883038e+06
1.164258222611359167e-01 9.789411909813601524e+06
1.174102568921484152e-01 9.934160791769413278e+06
1.184030153771300359e-01 1.008082538731745072e+07
1.194041680981485359e-01 1.022943180613336153e+07
1.204137860323848813e-01 1.038000238013613597e+07
1.214319407571651938e-01 1.053255265958408639e+07
1.224587044550353027e-01 1.068710348876822181e+07
1.234941499188781100e-01 1.084367629324436001e+07
1.245383505570742816e-01 1.100231056698407233e+07
1.255913803987066257e-01 1.116301065633211844e+07
1.266533140988083395e-01 1.132578880773785897e+07
1.277242269436557331e-01 1.149067434092128836e+07
1.288041948561057248e-01 1.165767175913675688e+07
1.298932944009784374e-01 1.182680722665782273e+07
1.309916027904851621e-01 1.199809801298758574e+07
1.320991978897025354e-01 1.217156373323481157e+07
1.332161582220927065e-01 1.234721930625505745e+07
1.343425629750703010e-01 1.252507793642978370e+07
1.354784920056165132e-01 1.270516589931161515e+07
1.366240258459405221e-01 1.288756539992857352e+07
1.377792457091888967e-01 1.307223592381768301e+07
1.389442334952032954e-01 1.325918857760006748e+07
1.401190717963266830e-01 1.344843262219164893e+07
1.413038439032587856e-01 1.363999272400250658e+07
1.424986338109611450e-01 1.208953355763179623e+07
1.437035262246117717e-01 1.225963032320393249e+07
1.449186065656105360e-01 1.243437092957081832e+07
1.461439609776350179e-01 1.261122832207317837e+07
1.473796763327480108e-01 1.279022871108406037e+07
1.486258402375555954e-01 1.297142276511299983e+07
1.498825410394190316e-01 1.315483989606151730e+07
1.511498678327176104e-01 1.334043390939451195e+07
1.524279104651651284e-01 1.352822493122605979e+07
1.537167595441797374e-01 1.371830341523800045e+07
1.550165064433075002e-01 1.391063209302755632e+07
1.563272433087004865e-01 1.410518926880864613e+07
1.576490630656494918e-01 1.430204882629483379e+07
1.589820594251719343e-01 1.450122680011408404e+07
1.603263268906555683e-01 1.470267752754975110e+07
1.616819607645584578e-01 1.490646492641763203e+07
1.630490571551653223e-01 1.511260857881443202e+07
1.644277129834013085e-01 1.532106149565726705e+07
1.658180259897031328e-01 1.553192005463392287e+07
1.672200947409485938e-01 1.574513001148836501e+07
1.686340186374442884e-01 1.596071169008986093e+07
1.700598979199728633e-01 1.617872205658253841e+07
1.714978336768994971e-01 1.639908160557405837e+07
1.729479278513386398e-01 1.662192797117569856e+07
1.744102832483813703e-01 1.684714049107262120e+07
1.758850035423837055e-01 1.707482599778238311e+07
1.773721932843167204e-01 1.730492088950873539e+07
1.788719579091787304e-01 1.753749291147003323e+07
1.803844037434701453e-01 1.777249440129806101e+07
1.819096380127314672e-01 1.800998297990766913e+07
1.834477688491452374e-01 1.824990605100376159e+07
1.849989052992019600e-01 1.849233775787559152e+07
1.865631573314311398e-01 1.873721063110953942e+07
1.881406358441974902e-01 1.898459065685819462e+07
1.897314526735630613e-01 1.923443407815341279e+07
1.913357206012162026e-01 1.948676195558037236e+07
1.929535533624665011e-01 1.974157916654865816e+07
1.945850656543091639e-01 1.999886480541827157e+07
1.962303731435557641e-01 2.025864133517983928e+07
1.978895924750348201e-01 2.052090035328690708e+07
1.995628412798612084e-01 2.078561983176853880e+07
2.012502381837757703e-01 2.105281825240756571e+07
2.029519028155552796e-01 2.132248284136205912e+07
2.046679558154936851e-01 2.159459878817444295e+07
2.063985188439547980e-01 1.694539765378420800e+07
2.081437145899976415e-01 1.660362672427292354e+07
2.099036667800744105e-01 1.681668948124311119e+07
2.116785001868021765e-01 1.703169968113383278e+07
2.134683406378087012e-01 1.724865764124599472e+07
2.152733150246529392e-01 1.705928903686367348e+07
2.170935513118212867e-01 1.715491828701618314e+07
2.189291785457994910e-01 1.737139676357937604e+07
2.207803268642215266e-01 1.758974552698415518e+07
2.226471275050957710e-01 1.780996045139406249e+07
2.245297128161091726e-01 1.803201897752125189e+07
2.264282162640101070e-01 1.825591876297268644e+07
2.283427724440705853e-01 1.848163369921734557e+07
2.302735170896283712e-01 1.870915495367193222e+07
2.322205870817099227e-01 1.893846737871073186e+07
2.341841204587346570e-01 1.916954483716101944e+07
2.361642564263011501e-01 1.940237641698274016e+07
2.381611353670563258e-01 1.963693240209082142e+07
2.401748988506478000e-01 1.987319899752402678e+07
2.422056896437606022e-01 2.011114325751303509e+07
2.442536517202386903e-01 2.035074300081786513e+07
2.463189302712919804e-01 2.059197191248404235e+07
2.484016717157898901e-01 2.083479757039254159e+07
2.505020237106415637e-01 2.107919459466536716e+07
2.526201351612644697e-01 2.132510975215706974e+07
2.547561562321400963e-01 2.157253130633388460e+07
2.569102383574614068e-01 2.182141338876563311e+07
2.590825342518678909e-01 2.207172422515027598e+07
2.612731979212724043e-01 2.232342191918672249e+07
2.634823846737798236e-01 2.257647277251912653e+07
2.657102511306973502e-01 2.256406184725611284e+07
2.679569552376384056e-01 2.281691367762029916e+07
2.702226562757203410e-01 2.307097709421664849e+07
2.725075148728565155e-01 2.332620255195303634e+07
2.748116930151443538e-01 2.358249441901230440e+07
2.771353540583491037e-01 2.383984572747638449e+07
2.794786627394854062e-01 2.409821731970906630e+07
2.818417851884960079e-01 2.435747186385563388e+07
2.842248889400300071e-01 2.461762395767433196e+07
2.866281429453199081e-01 2.443170183018839359e+07
2.890517175841598729e-01 1.087349550858449750e+07
2.914957846769845040e-01 1.099257983814387955e+07
2.939605174970504331e-01 1.111212198446284235e+07
2.964460907827204950e-01 1.123214087140426785e+07
2.989526807498519290e-01 1.135256623891169764e+07
3.014804651042890526e-01 1.147340864480935782e+07
3.040296230544621836e-01 1.159460346006194316e+07
3.066003353240923657e-01 2.210553099136367440e+06
3.091927841650041753e-01 2.240943545886015985e+06
3.118071533700461084e-01 2.271676042567794677e+06
3.144436282861212129e-01 2.302753486250764225e+06
3.171023958273267995e-01 2.334180425003185868e+06
3.197836444882061757e-01 2.365954178275972605e+06
3.224875643571120110e-01 2.398077327008322813e+06
3.252143471296824462e-01 2.428794318055552430e+06
3.279641861224321664e-01 2.461608605508266948e+06
3.307372762864560500e-01 2.494776573526413180e+06
3.335338142212525003e-01 2.528300275186274201e+06
3.363539981886600194e-01 2.562182880529482383e+06
3.391980281269133535e-01 2.596423884362272918e+06
3.420661056648183762e-01 2.631024224729594309e+06
3.449584341360464879e-01 2.665984638898989186e+06
3.478752185935501950e-01 2.701306468591793440e+06
3.508166658241002600e-01 2.736990451422422193e+06
3.537829843629461402e-01 2.773037366609403398e+06
3.567743845086000509e-01 2.809447478548143990e+06
3.597910783377462063e-01 2.846221550840764772e+06
3.628332797202761251e-01 2.883360184539991431e+06
3.659012043344509468e-01 2.920863156360799912e+06
3.689950696821922560e-01 2.958730401826089714e+06
3.721150951045016919e-01 2.996962510600965470e+06
3.752615017970113431e-01 3.035558644017849583e+06
3.784345128256657032e-01 3.074518417986219283e+06
3.816343531425357982e-01 3.113842747761174105e+06
3.848612496017672080e-01 3.153529359668507706e+06
3.881154309756633114e-01 3.193578717270435300e+06
3.913971279709038686e-01 3.233989294352573343e+06
3.947065732449013820e-01 3.274760172567182686e+06
3.980440014222951239e-01 3.315890057261818089e+06
4.014096491115852761e-01 3.357377442612124607e+06
4.048037549219071218e-01 3.399221094985529780e+06
4.082265594799475705e-01 3.441419118372795638e+06
4.116783054470043446e-01 3.483969359551165253e+06
4.151592375361896625e-01 3.526869378457971383e+06
4.186696025297791945e-01 3.570117274785087444e+06
4.222096492967079562e-01 3.613710448534865398e+06
4.257796288102136950e-01 3.657645783066140022e+06
4.293797941656302131e-01 3.701920680912716780e+06
4.330104005983306803e-01 3.746531204029208515e+06
4.366717055018209948e-01 3.791474621208345052e+06
4.403639684459907389e-01 3.836746166932487395e+06
4.440874511955134052e-01 3.882341794252693653e+06
4.478424177284048846e-01 3.928257694697420578e+06
4.516291342547383847e-01 3.974489515609361697e+06
4.554478692355173330e-01 4.021031883698437363e+06
4.592988934017083746e-01 4.067879101375335362e+06
4.631824797734345744e-01 4.115025684556421358e+06
4.670989036793314342e-01 4.162466486041597091e+06
4.710484427760667225e-01 4.210194350480875932e+06
4.750313770680245629e-01 4.258202607298804447e+06
4.790479889271569980e-01 4.306484652922337875e+06
4.830985631130024216e-01 4.355032815533441491e+06
4.871833867928740958e-01 4.403838990820766427e+06
4.913027495622187546e-01 4.452895534328149632e+06
4.954569434651477922e-01 4.502192890107574873e+06
4.996462630151417006e-01 4.551720936184998602e+06
5.038710052159298680e-01 4.601470257922497578e+06
5.081314695825468464e-01 4.651432470897244290e+06
5.124279581625661439e-01 4.701597184418383054e+06
5.167607755575148731e-01 4.751950211186823435e+06
5.211302289444676994e-01 4.802483660794367082e+06
5.255366280978250870e-01 4.853186977567316964e+06
5.299802854112743988e-01 4.904044750169512816e+06
5.344615159199370691e-01 4.955051506109750830e+06
5.389806373227038483e-01 5.006188851505379193e+06
5.435379700047576756e-01 4.238632130225953646e+06
5.481338370602873988e-01 4.287386273767392151e+06
5.527685643153942285e-01 4.336423896593787707e+06
5.574424803511909277e-01 4.385737500300657935e+06
5.621559165270972880e-01 4.435317731456745416e+06
5.669092070043300069e-01 4.485158631449582055e+06
5.717026887695964010e-01 4.535250991321704350e+06
5.765367016589828530e-01 4.585585749984780326e+06
5.814115883820486497e-01 4.636153029178656638e+06
5.863276945461218803e-01 4.686942947804113850e+06
5.912853686808022813e-01 4.737946461623577401e+06
5.962849622626693602e-01 4.789152651433070190e+06
6.013268297402014628e-01 4.840550007996806875e+06
6.064113285589038949e-01 4.892127083737143315e+06
6.115388191866506506e-01 4.943871761123207398e+06
6.167096651392396378e-01 4.995770512345936149e+06
6.219242330061641733e-01 5.047811339452886023e+06
6.271828924766030822e-01 5.099981219652246684e+06
6.324860163656292888e-01 5.152266305201915093e+06
6.378339806406414514e-01 5.204648622299178503e+06
6.432271644480175299e-01 5.257117183927012607e+06
6.486659501399951733e-01 5.309654143120825291e+06
6.541507233017785916e-01 5.362242143398145214e+06
6.596818727788744674e-01 5.414866430959155783e+06
6.652597907046600145e-01 5.467507877549779601e+06
6.708848725281826297e-01 5.520148536041886546e+06
6.765575170421962437e-01 5.572770855168919079e+06
6.822781264114331501e-01 5.625352853209735826e+06
6.880471062011163097e-01 5.677875476275063120e+06
6.938648654057117948e-01 5.730318894050892442e+06
6.997318164779243732e-01 5.782661009321348742e+06
7.056483753579392282e-01 5.834879527454077266e+06
7.116149615029094821e-01 5.886950698744207621e+06
7.176319979166942975e-01 5.938851491309426725e+06
7.236999111798476658e-01 5.990557188630705699e+06
7.298191314798612161e-01 6.042042190992711112e+06
7.359900926416623745e-01 6.093281325207406655e+06
7.422132321583716497e-01 6.144248514469448477e+06
7.484889912223153807e-01 6.194916116589777172e+06
7.548178147563091578e-01 6.245251361631473526e+06
7.612001514451979256e-01 6.295230230811812915e+06
7.676364537676660937e-01 6.344822126490018331e+06
7.741271780283163206e-01 6.393992294219094329e+06
7.806727843900198582e-01 6.441000482534691691e+06
7.872737369065393453e-01 6.489240099447645247e+06
7.939305035554284906e-01 6.536963266585141420e+06
8.006435562712094223e-01 6.584136957621514797e+06
8.074133709788311464e-01 6.630722467579847202e+06
8.142404276274095576e-01 6.676685891664590687e+06
8.211252102242546647e-01 6.721988975092275068e+06
8.280682068691838094e-01 6.766592199019568972e+06
8.350699097891258749e-01 6.810458914247863926e+06
8.421308153730180379e-01 6.853547421471063979e+06
8.492514242069977293e-01 6.895818190378721803e+06
8.564322411098913568e-01 6.937230937298087403e+06
8.636737751690041209e-01 6.977729092397234403e+06
8.709765397762118111e-01 7.017288669379746541e+06
8.783410526643579130e-01 7.055849672845391557e+06
8.857678359439585813e-01 7.093369296258199960e+06
8.932574161402180302e-01 7.129802681309062056e+06
9.008103242303566738e-01 7.165102306445619091e+06
9.084270956812549036e-01 7.199215726610808633e+06
9.161082704874151661e-01 7.224483363211409189e+06
9.238543932092455613e-01 7.256111918358525261e+06
9.316660130116664051e-01 7.286406764976719394e+06
9.395436837030435306e-01 7.315314658041458577e+06
9.474879637744506589e-01 7.342770853369430639e+06
9.554994164392641709e-01 7.368727117055227049e+06
9.635786096730933892e-01 7.393133522366441786e+06
9.717261162540429265e-01 7.329615339730840176e+06
9.799425138033267535e-01 7.351398091639957391e+06
9.882283848262146675e-01 7.371495929800143465e+06
9.965843167533299241e-01 7.389856592340467498e+06
1.005010901982295923e+00 7.406409367786237039e+06
1.013508737919734282e+00 7.421105869920280762e+06
1.022078427023617841e+00 7.433871482251812704e+06
1.030720576845983505e+00 7.444657614702903666e+06
1.039435800076002892e+00 7.453393881858158857e+06
1.048224714583421147e+00 7.460014966929483227e+06
1.057087943462360125e+00 7.464458344080455601e+06
1.066026115075493053e+00 7.466666762033206411e+06
1.075039863098592230e+00 7.457108516163765453e+06
1.084129826565455090e+00 7.454729038887027651e+06
1.093296649913207297e+00 7.449916632571253926e+06
1.102540983027990640e+00 7.404572347913362086e+06
1.111863481291038180e+00 7.395082198919099756e+06
1.121264805625136418e+00 7.382433533878813498e+06
1.130745622541482476e+00 7.367678515153538436e+06
1.140306604186936745e+00 7.350179082303143106e+06
1.149948428391674105e+00 7.329352007053608075e+06
1.159671778717240587e+00 7.306200238212791272e+06
1.169477344505013505e+00 7.280114813196729869e+06
1.179365820925073027e+00 7.251038729075211100e+06
1.189337909025486306e+00 7.218909171217593364e+06
1.199394315782009723e+00 7.183661556137827225e+06
1.209535754148208797e+00 7.145232736149291508e+06
1.219762943106004194e+00 7.103569637905040756e+06
1.230076607716643622e+00 7.058606449966308661e+06
1.240477479172106490e+00 7.010295608519244008e+06
1.250966294846941107e+00 6.958563566324923187e+06
1.261543798350541534e+00 6.903368174418862909e+06
1.272210739579867189e+00 6.844631948397099040e+06
1.282967874772602990e+00 6.782312587616015226e+06
1.293815966560778907e+00 6.716334887670109048e+06
1.304755784024833831e+00 6.646628081729501486e+06
1.315788102748140620e+00 6.573105134458458982e+06
1.326913704871990785e+00 6.495678604007693008e+06
1.338133379151045688e+00 6.414240683038649149e+06
1.349447921009255147e+00 6.328682621715706773e+06
1.360858132596249215e+00 6.238904411967575550e+06
1.372364822844207799e+00 6.144851364614780992e+06
1.383968807525208788e+00 3.164835722367403097e+06
1.395670909309064234e+00 3.115525506220565643e+06
1.407471957821643249e+00 3.063907427275318187e+06
1.419372789703687854e+00 3.009967862627128605e+06
1.431374248670128413e+00 0.000000000000000000e+00
1.443477185569898458e+00 0.000000000000000000e+00
1.455682458446255989e+00 0.000000000000000000e+00
1.467990932597615039e+00 0.000000000000000000e+00
1.480403480638891267e+00 0.000000000000000000e+00
1.492920982563366472e+00 0.000000000000000000e+00
1.505544325805075800e+00 0.000000000000000000e+00
1.518274405301724084e+00 0.000000000000000000e+00
1.531112123558130644e+00 0.000000000000000000e+00
1.544058390710214557e+00 0.000000000000000000e+00
1.557114124589518811e+00 0.000000000000000000e+00
1.570280250788279819e+00 0.000000000000000000e+00
1.583557702725048255e+00 0.000000000000000000e+00
1.596947421710863901e+00 0.000000000000000000e+00
1.610450357015990708e+00 0.000000000000000000e+00
1.624067465937214960e+00 0.000000000000000000e+00
1.637799713865714102e+00 0.000000000000000000e+00
1.651648074355500206e+00 0.000000000000000000e+00
1.665613529192432996e+00 0.000000000000000000e+00
1.679697068463835041e+00 0.000000000000000000e+00
1.693899690628677179e+00 0.000000000000000000e+00
1.708222402588366551e+00 0.000000000000000000e+00
1.722666219758131056e+00 0.000000000000000000e+00
1.737232166139008882e+00 0.000000000000000000e+00
1.751921274390443317e+00 0.000000000000000000e+00
1.766734585903495969e+00 0.000000000000000000e+00
1.781673150874675038e+00 0.000000000000000000e+00
1.796738028380390428e+00 0.000000000000000000e+00
1.811930286452036354e+00 0.000000000000000000e+00
1.827251002151711656e+00 0.000000000000000000e+00
1.842701261648576727e+00 0.000000000000000000e+00
1.858282160295859242e+00 0.000000000000000000e+00
1.873994802708509155e+00 0.000000000000000000e+00
1.889840302841511166e+00 0.000000000000000000e+00
1.905819784068858880e+00 0.000000000000000000e+00
1.921934379263196879e+00 0.000000000000000000e+00
1.938185230876136478e+00 0.000000000000000000e+00
1.954573491019250264e+00 0.000000000000000000e+00
1.971100321545751433e+00 0.000000000000000000e+00
1.987766894132864337e+00 0.000000000000000000e+00
2.004574390364890046e+00 0.000000000000000000e+00
2.021524001816977112e+00 0.000000000000000000e+00
2.038616930139596217e+00 0.000000000000000000e+00
2.055854387143734918e+00 0.000000000000000000e+00
2.073237594886806701e+00 0.000000000000000000e+00
2.090767785759290565e+00 0.000000000000000000e+00
2.108446202572102912e+00 0.000000000000000000e+00
2.126274098644705290e+00 0.000000000000000000e+00
2.144252737893959093e+00 0.000000000000000000e+00
2.162383394923734325e+00 0.000000000000000000e+00
2.180667355115271100e+00 0.000000000000000000e+00
2.199105914718302746e+00 0.000000000000000000e+00
2.217700380942964067e+00 0.000000000000000000e+00
2.236452072052459439e+00 0.000000000000000000e+00
2.255362317456524490e+00 0.000000000000000000e+00
2.274432457805672492e+00 0.000000000000000000e+00
2.293663845086242770e+00 0.000000000000000000e+00
2.313057842716250700e+00 0.000000000000000000e+00
2.332615825642045948e+00 0.000000000000000000e+00
2.352339180435790489e+00 0.000000000000000000e+00
2.372229305393761756e+00 0.000000000000000000e+00
2.392287610635484008e+00 0.000000000000000000e+00
2.412515518203699028e+00 0.000000000000000000e+00
2.432914462165184588e+00 0.000000000000000000e+00
2.453485888712421126e+00 0.000000000000000000e+00
2.474231256266120837e+00 0.000000000000000000e+00
2.495152035578624083e+00 0.000000000000000000e+00
2.516249709838167536e+00 0.000000000000000000e+00
2.537525774774036069e+00 0.000000000000000000e+00
2.558981738762604596e+00 0.000000000000000000e+00
2.580619122934272092e+00 0.000000000000000000e+00
2.602439461281305988e+00 0.000000000000000000e+00
2.624444300766592963e+00 0.000000000000000000e+00
2.646635201433312545e+00 0.000000000000000000e+00
2.669013736515537083e+00 0.000000000000000000e+00
2.691581492549767418e+00 0.000000000000000000e+00
2.714340069487409579e+00 0.000000000000000000e+00
2.737291080808205379e+00 0.000000000000000000e+00
2.760436153634620027e+00 0.000000000000000000e+00
2.783776928847199184e+00 0.000000000000000000e+00
2.807315061200897688e+00 0.000000000000000000e+00
2.831052219442399043e+00 0.000000000000000000e+00
2.854990086428408791e+00 0.000000000000000000e+00
2.879130359244980397e+00 0.000000000000000000e+00
2.903474749327818127e+00 0.000000000000000000e+00
2.928024982583613323e+00 0.000000000000000000e+00
2.952782799512403855e+00 0.000000000000000000e+00
2.977749955330966536e+00 0.000000000000000000e+00
3.002928220097254908e+00 0.000000000000000000e+00
3.028319378835888642e+00 0.000000000000000000e+00
3.053925231664702533e+00 0.000000000000000000e+00
3.079747593922367965e+00 0.000000000000000000e+00
3.105788296297090856e+00 0.000000000000000000e+00
3.132049184956399390e+00 0.000000000000000000e+00
3.158532121678030880e+00 0.000000000000000000e+00
3.185238983981919958e+00 0.000000000000000000e+00
3.212171665263309439e+00 0.000000000000000000e+00
3.239332074926981608e+00 0.000000000000000000e+00
3.266722138522625940e+00 0.000000000000000000e+00
3.294343797881353453e+00 0.000000000000000000e+00
3.322199011253363476e+00 0.000000000000000000e+00
3.350289753446773044e+00 0.000000000000000000e+00
3.378618015967623567e+00 0.000000000000000000e+00
3.407185807161068780e+00 0.000000000000000000e+00
3.435995152353756854e+00 0.000000000000000000e+00
3.465048093997418643e+00 0.000000000000000000e+00
3.494346691813666084e+00 0.000000000000000000e+00
3.523893022940018049e+00 0.000000000000000000e+00
3.553689182077160780e+00 0.000000000000000000e+00
3.583737281637450423e+00 0.000000000000000000e+00
3.614039451894676791e+00 0.000000000000000000e+00
3.644597841135086558e+00 0.000000000000000000e+00
3.675414615809689423e+00 0.000000000000000000e+00
3.706491960687848586e+00 0.000000000000000000e+00
3.737832079012174624e+00 0.000000000000000000e+00
3.769437192654712110e+00 0.000000000000000000e+00
3.801309542274479369e+00 0.000000000000000000e+00
3.833451387476309868e+00 0.000000000000000000e+00
3.865865006971049400e+00 0.000000000000000000e+00
3.898552698737105526e+00 0.000000000000000000e+00
3.931516780183367032e+00 0.000000000000000000e+00
3.964759588313494731e+00 0.000000000000000000e+00
3.998283479891604930e+00 0.000000000000000000e+00
4.032090831609354886e+00 0.000000000000000000e+00
4.066184040254437804e+00 0.000000000000000000e+00
4.100565522880504687e+00 0.000000000000000000e+00
4.135237716978522826e+00 0.000000000000000000e+00
4.170203080649582006e+00 0.000000000000000000e+00
4.205464092779163998e+00 0.000000000000000000e+00
4.241023253212882871e+00 0.000000000000000000e+00
4.276883082933713887e+00 0.000000000000000000e+00
4.313046124240718981e+00 0.000000000000000000e+00
4.349514940929283924e+00 0.000000000000000000e+00
4.386292118472880475e+00 0.000000000000000000e+00
4.423380264206365986e+00 0.000000000000000000e+00
4.460782007510828429e+00 0.000000000000000000e+00
4.498499999999999943e+00 0.000000000000000000e+00
