1.030669758950456538e-01,5.533880264495915080e-01
1.033895334843185493e-01,5.550759086931705832e-01
1.037131005472612805e-01,5.567690733196151154e-01
1.040376802431146608e-01,5.584675368606285550e-01
1.043632757410065948e-01,5.601713158996520781e-01
1.046898902199830395e-01,5.618804270720255678e-01
1.050175268690391739e-01,5.635948870651518172e-01
1.053461888871503188e-01,5.653147126186572891e-01
1.056758794833033144e-01,5.670399205245574281e-01
1.060066018765278700e-01,5.687705276274194199e-01
1.063383592959278867e-01,5.705065508245271699e-01
1.066711549807130704e-01,5.722480070660462825e-01
1.070049921802304904e-01,5.739949133551893734e-01
1.073398741539964285e-01,5.757472867483821588e-01
1.076758041717280623e-01,5.775051443554302111e-01
1.080127855133754394e-01,5.792685033396854921e-01
1.083508214691535909e-01,5.810373809182146632e-01
1.086899153395744777e-01,5.828117943619662844e-01
1.090300704354793537e-01,5.845917609959401240e-01
1.093712900780711289e-01,5.863772981993564670e-01
1.097135775989466211e-01,5.892140709903233020e-01
1.100569363401291967e-01,5.925884468136515260e-01
1.104013696541014805e-01,5.959733830567597312e-01
1.107468809038379270e-01,5.993689127694534768e-01
1.110934734628377246e-01,6.027750691049711396e-01
1.114411507151577413e-01,6.061918853203066559e-01
1.117899160554456234e-01,6.096193947765360388e-01
1.121397728889728107e-01,6.130576309391405632e-01
1.124907246316678433e-01,6.165066273783350592e-01
1.128427747101498346e-01,6.199664177693965383e-01
1.131959265617616950e-01,6.234370358929904876e-01
1.135501836346038407e-01,6.269185156355024935e-01
1.139055493875679032e-01,6.304108909893693102e-01
1.142620272903703688e-01,6.339141960534094844e-01
1.146196208235865099e-01,6.374284650331568658e-01
1.149783334786844829e-01,6.409537322411958948e-01
1.153381687580591758e-01,6.444900320974936703e-01
1.156991301750666112e-01,6.480373991297385672e-01
1.160612212540582389e-01,6.515958679736771897e-01
1.164244455304151854e-01,6.551654733734506575e-01
1.167888065505829076e-01,6.587462501819356664e-01
1.171543078721058728e-01,6.623382333610847716e-01
1.175209530636621008e-01,6.659414579822660052e-01
1.178887457050981913e-01,6.695559592266075999e-01
1.182576893874641155e-01,6.731817723853390500e-01
1.186277877130485076e-01,6.768189328601387222e-01
1.189990442954135808e-01,6.804674761634764701e-01
1.193714627594305161e-01,6.841274379189616894e-01
1.197450467413149755e-01,6.877988538616922609e-01
1.201197998886623930e-01,6.914817598386012731e-01
1.204957258604836823e-01,6.951761918088082970e-01
1.208728283272410692e-01,6.988821858439707713e-01
1.212511109708837159e-01,7.026894213752830076e-01
1.216305774848838450e-01,7.066234419580332826e-01
1.220112315742726966e-01,7.105697744203577360e-01
1.223930769556768328e-01,7.145284572934176293e-01
1.227761173573542475e-01,7.184995292289596547e-01
1.231603565192308791e-01,7.224830289996952981e-01
1.235457981929371785e-01,7.264789954996795363e-01
1.239324461418445933e-01,7.304874677446888676e-01
1.243203041411023724e-01,7.345084848726032289e-01
1.247093759776745636e-01,7.385420861437892448e-01
1.250996654503767347e-01,7.425883109414813665e-01
1.254911763699132488e-01,7.466471987721678971e-01
1.258839125589144570e-01,7.507187892659765716e-01
1.262778778519738909e-01,7.548031221770606924e-01
1.266730760956858715e-01,7.589002373839881521e-01
1.270695111486830065e-01,7.630101748901312320e-01
1.274671868816737719e-01,7.671329748240548474e-01
1.278661071774803981e-01,7.712686774399108991e-01
1.282662759310768674e-01,7.754173231178310699e-01
1.286676970496267447e-01,7.795789523643191776e-01
1.290703744525213414e-01,7.837536058126476357e-01
1.294743120714183238e-01,7.879413242232564674e-01
1.298795138502795710e-01,7.921421484841466576e-01
1.302859837454100889e-01,7.963561196112834972e-01
1.306937257254965346e-01,8.005832787489957081e-01
1.311027437716458244e-01,8.048236671703757894e-01
1.315130418774242138e-01,8.090773262776853603e-01
1.319246240488960997e-01,8.133442976027570603e-01
1.323374943046633501e-01,8.176246228074026678e-01
1.327516566759043282e-01,8.219183436838174428e-01
1.331671152064133057e-01,8.262255021549888001e-01
1.335838739526400976e-01,8.305461402751072031e-01
1.340019369837294472e-01,8.348803002299745035e-01
1.344213083815609666e-01,8.392280243374182769e-01
1.348419922407886884e-01,8.435893550477009395e-01
1.352639926688815331e-01,8.479643349439406341e-01
1.356873137861628886e-01,8.523530067425203471e-01
1.361119597258511338e-01,8.567554132935087940e-01
1.365379346340999944e-01,8.611715975810783075e-01
1.369652426700389003e-01,8.665394845287121006e-01
1.373938880058136469e-01,8.722083432912581813e-01
1.378238748266272795e-01,8.778949432691700583e-01
1.382552073307806717e-01,8.835993399852137831e-01
1.386878897297136592e-01,8.893215891359188552e-01
1.391219262480463126e-01,8.950617465921242299e-01
1.395573211236199318e-01,9.008198683995203293e-01
1.399940786075384858e-01,9.065960107791970479e-01
1.404322029642103009e-01,9.123902301281953120e-01
1.408716984713894727e-01,9.182025830200544192e-01
1.413125694202177207e-01,9.240331262053659289e-01
1.417548201152663556e-01,9.298819166123285518e-01
1.421984548745781340e-01,9.357490113473011517e-01
1.426434780297095861e-01,9.416344676953636306e-01
1.430898939257733149e-01,9.475383431208752594e-01
1.435377069214802126e-01,9.534606952680338976e-01
1.439869213891822042e-01,9.594015819614403195e-01
1.444375417149150187e-01,9.653610612066646501e-01
1.448895722984407108e-01,9.713391911908085818e-01
1.453430175532908486e-01,9.773360302830762514e-01
1.457978819068096454e-01,9.833516370353445613e-01
1.462541698001970092e-01,9.893860701827331683e-01
1.467118856885519518e-01,9.954393886441780248e-01
1.471710340409162487e-01,1.001511651523008695e+00
1.476316193403177934e-01,1.007602918107522338e+00
1.480936460838147561e-01,1.013713247871567358e+00
1.485571187825390493e-01,1.019842700475117159e+00
1.490220419617406533e-01,1.025991335764858903e+00
1.494884201608318031e-01,1.032159213774775486e+00
1.499562579334311752e-01,1.038346394726730848e+00
1.504255598474083799e-01,1.044552939031058392e+00
1.508963304849287312e-01,1.050778907287153174e+00
1.513685744424977386e-01,1.057024360284059883e+00
1.518422963310060714e-01,1.063289359001068135e+00
1.523175007757747168e-01,1.069573964608308891e+00
1.527941924165999721e-01,1.075878238467350423e+00
1.532723759077987413e-01,1.082202242131796055e+00
1.537520559182542212e-01,1.088546037347889905e+00
1.542332371314610873e-01,1.094909686055113296e+00
1.547159242455715955e-01,1.101293250386794931e+00
1.552001219734412685e-01,1.107696792670715524e+00
1.556858350426749138e-01,1.114120375429715093e+00
1.561730681956727818e-01,1.120564061382305354e+00
1.566618261896770281e-01,1.120190846666455409e+00
1.571521137968179271e-01,1.100617534073514037e+00
1.576439358041605843e-01,1.080982964996920703e+00
1.581372970137517320e-01,1.061286947728868224e+00
1.586322022426664702e-01,1.041529289961586668e+00
1.591286563230553674e-01,1.021709798785460199e+00
1.596266641021918120e-01,1.001828280687139694e+00
1.601262304425189742e-01,9.818845415476650240e-01
1.606273602216975738e-01,9.618783866405605787e-01
1.611300583326535085e-01,9.418096206299322315e-01
1.616343296836253995e-01,9.216780475685694141e-01
1.621401791982126916e-01,9.014834708960262066e-01
1.626476118154237538e-01,8.812256934366986538e-01
1.631566324897238962e-01,8.609045173979105181e-01
1.636672461910840537e-01,8.405197443679672809e-01
1.641794579050290526e-01,8.399878222564592933e-01
1.646932726326863494e-01,8.457090490244638659e-01
1.652086953908349642e-01,8.514481808983276334e-01
1.657257312119543580e-01,8.572052739137275834e-01
1.662443851442735321e-01,8.629803842817092008e-01
1.667646622518205446e-01,8.687735683892369165e-01
1.672865676144716374e-01,8.745848827997418917e-01
1.678101063280010297e-01,8.804143842536761300e-01
1.683352835041307394e-01,8.862621296690671446e-01
1.688621042705802378e-01,8.921281761420709611e-01
1.693905737711167425e-01,8.980125809475324461e-01
1.699206971656054277e-01,9.039154015395435282e-01
1.704524796300596057e-01,9.098366955520030830e-01
1.709859263566914367e-01,9.157765207991805934e-01
1.715210425539627215e-01,9.217349352762822523e-01
1.720578334466354442e-01,9.277119971600135129e-01
1.725963042758230093e-01,9.337077648091500759e-01
1.731364602990414503e-01,9.397222967651072123e-01
1.736783067902606392e-01,9.457556517525108619e-01
1.742218490399556896e-01,9.518078886797692872e-01
1.747670923551589983e-01,9.578790666396532760e-01
1.753140420595116211e-01,9.639692449098672400e-01
1.758627034933154254e-01,9.700784829536309717e-01
1.764130820135854094e-01,9.762068404202616234e-01
1.769651829941017163e-01,9.823543771457527995e-01
1.775190118254621474e-01,9.885211531533594220e-01
1.780745739151351481e-01,9.947072286541879249e-01
1.786318746875120989e-01,1.000912664047778344e+00
1.791909195839605506e-01,1.007137519922697066e+00
1.797517140628773769e-01,1.013381857057128244e+00
1.803142635997419252e-01,1.019645736419466431e+00
1.808785736871696970e-01,1.025929219168914219e+00
1.814446498349657211e-01,1.032232366656075317e+00
1.820124975701784553e-01,1.038555240423556736e+00
1.825821224371538820e-01,1.044897902206568974e+00
1.831535299975894371e-01,1.051260413933528648e+00
1.837267258305883277e-01,1.057642837726661122e+00
1.843017155327142942e-01,1.064045235902612685e+00
1.848785047180458718e-01,1.070467670973052288e+00
1.854570990182313195e-01,1.076910205645284613e+00
1.860375040825438808e-01,1.083372902822865802e+00
1.866197255779365183e-01,1.089855825606211415e+00
1.872037691890975075e-01,1.095582863447180477e+00
1.877896406185059208e-01,1.101209338052584252e+00
1.883773455864872493e-01,1.106853421228231937e+00
1.889668898312691359e-01,1.112515168081763761e+00
1.895582791090378028e-01,1.118194633893287326e+00
1.901515191939937566e-01,1.123891874115912293e+00
1.907466158784084376e-01,1.129606944376293942e+00
1.913435749726808410e-01,1.135339900475177410e+00
1.919424023053940276e-01,1.141090798387940586e+00
1.925431037233721332e-01,1.146859694265141449e+00
1.931456850917376566e-01,1.152646644433067635e+00
1.937501522939683030e-01,1.158451705394283104e+00
1.943565112319547428e-01,1.164274933828182590e+00
1.949647678260582606e-01,1.170116386591545155e+00
1.955749280151683200e-01,1.175976120719086859e+00
1.961869977567606838e-01,1.181854193424019650e+00
1.968009830269558114e-01,1.187750662098611354e+00
1.974168898205765632e-01,1.193665584314739903e+00
1.980347241512075140e-01,1.199599017824463987e+00
1.986544920512532952e-01,1.205551020560581721e+00
1.992761995719971868e-01,1.211521650637194858e+00
1.998998527836608474e-01,1.217510966350281221e+00
2.005254577754631284e-01,1.223519026178260471e+00
2.011530206556795541e-01,1.229545888782564766e+00
2.017825475517022737e-01,1.235591613008214518e+00
2.024140446100995139e-01,1.241656257884389936e+00
2.030475179966757249e-01,1.247739882625008123e+00
2.036829738965320047e-01,1.253842546629302834e+00
2.043204185141261342e-01,1.259964309482402456e+00
2.049598580733332509e-01,1.266105230955911320e+00
2.056012988175069389e-01,1.272265371008497459e+00
2.062447470095397084e-01,1.278444789786472358e+00
2.068902089319243631e-01,1.284643547624381599e+00
2.075376908868155623e-01,1.290861705045594610e+00
2.081871991960909107e-01,1.297099322762892637e+00
2.088387402014129368e-01,1.303356461679062939e+00
2.094923202642912097e-01,1.309633182887496083e+00
2.101479457661439565e-01,1.315929547672777700e+00
2.108056231083607346e-01,1.322245617511289550e+00
2.114653587123649092e-01,1.328581454071809942e+00
2.121271590196762147e-01,1.334937119216115686e+00
2.127910304919736761e-01,1.341312674999584065e+00
2.134569796111588369e-01,1.347716353279743373e+00
2.141250128794189300e-01,1.354140289212345305e+00
2.147951368192902166e-01,1.360584329443826457e+00
2.154673579737221012e-01,1.367048536892442101e+00
2.161416829061405809e-01,1.373532974673355112e+00
2.168181182005124719e-01,1.380037706099251249e+00
2.174966704614099411e-01,1.386562794680962885e+00
2.181773463140743996e-01,1.393108304128080954e+00
2.188601524044818947e-01,1.399674298349584678e+00
2.195450953994076693e-01,1.406260841454462618e+00
2.202321819864908603e-01,1.412867997752334404e+00
2.209214188743006957e-01,1.419495831754087112e+00
2.216128127924011648e-01,1.426144408172497879e+00
2.223063704914170768e-01,1.432813791922868729e+00
2.230020987431001189e-01,1.439504048123661395e+00
2.237000043403946370e-01,1.446215242097130593e+00
2.244000940975040825e-01,1.452947439369963289e+00
2.251023748499577926e-01,1.459700705673918408e+00
2.258068534546773531e-01,1.466475106946468987e+00
2.265135367900436847e-01,1.473270709331443440e+00
2.272224317559644324e-01,1.480087579179676371e+00
2.279335452739409684e-01,1.486925783049651617e+00
2.286468842871361151e-01,1.493785387708153500e+00
2.293624557604421743e-01,1.500666460130920532e+00
2.300802666805485119e-01,1.507569067503297333e+00
2.308003240560099756e-01,1.514493277220890333e+00
2.315226349173155063e-01,1.521439156890228350e+00
2.322472063169565004e-01,1.528406774329420292e+00
2.329740453294956992e-01,1.535396197568817067e+00
2.337031590516365498e-01,1.542407494851679495e+00
2.344345546022920668e-01,1.549440734634839112e+00
2.351682391226545821e-01,1.556495985589370079e+00
2.359042197762656889e-01,1.563573316601261087e+00
2.366425037490856864e-01,1.570672796772083935e+00
2.373830982495639674e-01,1.577794495419669207e+00
2.381260105087097401e-01,1.584938482078786626e+00
2.388712477801620271e-01,1.592104826501820058e+00
2.396188173402608035e-01,1.599293598659448534e+00
2.403687264881183006e-01,1.606504868741335024e+00
2.411209825456895328e-01,1.613738707156801011e+00
2.418755928578446290e-01,1.620995184535525713e+00
2.426325647924401918e-01,1.628274371728230419e+00
2.433919057403907404e-01,1.635576339807365720e+00
2.441536231157419023e-01,1.642901160067814503e+00
2.449177243557419392e-01,1.650248904027582064e+00
2.456842169209146332e-01,1.657619643428494438e+00
2.464531082951323671e-01,1.665013450236902948e+00
2.472244059856888443e-01,1.672430396644382755e+00
2.479981175233725021e-01,1.679870555068438298e+00
2.487742504625402862e-01,1.687333998153213610e+00
2.495528123811909527e-01,1.694820798770197534e+00
2.503338108810393425e-01,1.701719968186222731e+00
2.511172535875907386e-01,1.707770517066500515e+00
2.519031481502150283e-01,1.713840001696505411e+00
2.526915022422213664e-01,1.719928481337407389e+00
2.534823235609335867e-01,1.726036015435844506e+00
2.542756198277646429e-01,1.732162663624493337e+00
2.550713987882924916e-01,1.738308485722659391e+00
2.558696682123356991e-01,1.744473541736857980e+00
2.566704358940291586e-01,1.750657891861400861e+00
2.574737096518999735e-01,1.756861596478980658e+00
2.582794973289443963e-01,1.763084716161265941e+00
2.590878067927039341e-01,1.769327311669489866e+00
2.598986459353421208e-01,1.775589443955040814e+00
2.607120226737220103e-01,1.781871174160063687e+00
2.615279449494830599e-01,1.788172563618050770e+00
2.623464207291187900e-01,1.794493673854443916e+00
2.631674580040547218e-01,1.800834566587235397e+00
2.639910647907262042e-01,1.807195303727568314e+00
2.648172491306566290e-01,1.813575947380342557e+00
2.656460190905364782e-01,1.819976559844822761e+00
2.664773827623010405e-01,1.826397203615240938e+00
2.673113482632106797e-01,1.832837941381415314e+00
2.681479237359292722e-01,1.839298836029355400e+00
2.689871173486036438e-01,1.845779950641876610e+00
2.698289372949440046e-01,1.852281348499221103e+00
2.706733917943032752e-01,1.858803093079670177e+00
2.715204890917575775e-01,1.865345248060166661e+00
2.723702374581870034e-01,1.871907877316937086e+00
2.732226451903558839e-01,1.878491044926113629e+00
2.740777206109940023e-01,1.885094815164359838e+00
2.749354720688781950e-01,1.891719252509501681e+00
2.757959079389133428e-01,1.898364421641152378e+00
2.766590366222142494e-01,1.905030387441345230e+00
2.775248665461881314e-01,1.911717214995170666e+00
2.783934061646162195e-01,1.918424969591405960e+00
2.792646639577366918e-01,1.925153716723156494e+00
2.801386484323276638e-01,1.931903522088496139e+00
2.810153681217897326e-01,1.938674451591104742e+00
2.818948315862295773e-01,1.945466571340914053e+00
2.827770474125436695e-01,1.952279947654754322e+00
2.836620242145018178e-01,1.959114647056999337e+00
2.845497706328314336e-01,1.965970736280216569e+00
2.854402953353020744e-01,1.973474119673163996e+00
2.863336070168095437e-01,1.981581082335017285e+00
2.872297143994613777e-01,1.989713416482836950e+00
2.881286262326617220e-01,1.997871201519024753e+00
2.890303512931967078e-01,2.006054517094478129e+00
2.899348983853202166e-01,2.014263443109369334e+00
2.908422763408399780e-01,2.022498059713928154e+00
2.917524940192035010e-01,2.030758447309217729e+00
2.926655603075848933e-01,2.039044686547927476e+00
2.935814841209715698e-01,2.047356858335156016e+00
2.945002744022508501e-01,2.055695043829198987e+00
2.954219401222979435e-01,2.064059324442347521e+00
2.963464902800634904e-01,2.072449781841681382e+00
2.972739339026604366e-01,2.080866497949859006e+00
2.982042800454535736e-01,2.089309554945929737e+00
2.991375377921470236e-01,2.097779035266126080e+00
3.000737162548731685e-01,2.106275021604673281e+00
3.010128245742818565e-01,2.114797596914596678e+00
3.019548719196292197e-01,2.123346844408529943e+00
3.028998674888673248e-01,2.131922847559526435e+00
3.038478205087345452e-01,2.140525690101881207e+00
3.047987402348447117e-01,2.149155456031937916e+00
3.057526359517780956e-01,2.157812229608917054e+00
3.067095169731720583e-01,2.166496095355737062e+00
3.076693926418116454e-01,2.175207138059836343e+00
3.086322723297211246e-01,2.183945442774005485e+00
3.095981654382553572e-01,2.192711094817214601e+00
3.105670813981916134e-01,2.201504179775446879e+00
3.115390296698214989e-01,2.210324783502535695e+00
3.125140197430438249e-01,2.219172992121001720e+00
3.134920611374565902e-01,2.228048892022893579e+00
3.144731634024502953e-01,2.236952569870631624e+00
3.154573361173013679e-01,2.245884112597855697e+00
3.164445888912651994e-01,2.254843607410270678e+00
3.174349313636702918e-01,2.263831141786500023e+00
3.184283732040123494e-01,2.272846803478939748e+00
3.194249241120487581e-01,2.281890680514616410e+00
3.204245938178930109e-01,2.290962861196043754e+00
3.214273920821099639e-01,2.300063434102086024e+00
3.224333286958110945e-01,2.309192488088824824e+00
3.234424134807499795e-01,2.318350112290423315e+00
3.244546562894183306e-01,2.327536396119999740e+00
3.254700670051421385e-01,2.336751429270498281e+00
3.264886555421782077e-01,2.345995301715564807e+00
3.275104318458108010e-01,2.355268103710426608e+00
3.285354058924490062e-01,2.364569925792773475e+00
3.295635876897239358e-01,2.373900858783640544e+00
3.305949872765864272e-01,2.383260993788295146e+00
3.316296147234053526e-01,2.392650422197129423e+00
3.326674801320655406e-01,2.402069235686547177e+00
3.337085936360665306e-01,2.411517526219863150e+00
3.347529654006219380e-01,2.420995386048200970e+00
3.358006056227579861e-01,2.329664406450998815e+00
3.368515245314135931e-01,2.233626892029018318e+00
3.379057323875399588e-01,2.137288819364575154e+00
3.389632394842010954e-01,2.040649247832969415e+00
3.400240561466739697e-01,1.943707233865741513e+00
3.410881927325493668e-01,1.846461830941455329e+00
3.421556596318333643e-01,1.748912089576425410e+00
3.432264672670481964e-01,1.651057057315499677e+00
3.443006260933345053e-01,1.552895778722714448e+00
3.453781465985534260e-01,1.454427295371965467e+00
3.464590393033885052e-01,1.355650645837695345e+00
3.475433147614488405e-01,1.256564865685467325e+00
3.486309835593722761e-01,1.157168987462534382e+00
3.497220563169280982e-01,1.057462040688455840e+00
3.508165436871214515e-01,9.574430518455542272e-01
3.519144563562967565e-01,8.571110443694642811e-01
3.530158050442427364e-01,7.564650386395368464e-01
3.541206005042963345e-01,6.555040519693405843e-01
3.552288535234480737e-01,5.542270985970344510e-01
3.563405749224476948e-01,5.172486750511933185e-01
3.574557755559090721e-01,5.193868125648012368e-01
3.585744663124166287e-01,5.215316415765918201e-01
3.596966581146319730e-01,5.236831830282251410e-01
3.608223619193998699e-01,5.258414579268994027e-01
3.619515887178554880e-01,5.280064873455568852e-01
3.630843495355320916e-01,5.301782924230898919e-01
3.642206554324680656e-01,5.323568943645465845e-01
3.653605175033152186e-01,5.345423144413380401e-01
3.665039468774473619e-01,5.367345739914468616e-01
3.676509547190684457e-01,5.389336944196342349e-01
3.688015522273218605e-01,5.411396971976496495e-01
3.699557506363999049e-01,5.433526038644407308e-01
3.711135612156531427e-01,5.455724360263627393e-01
3.722749952697006481e-01,5.477992153573904011e-01
3.734400641385402508e-01,5.500329635993285171e-01
3.746087791976597248e-01,5.522737025620260143e-01
3.757811518581470889e-01,5.545214541235866657e-01
3.769571935668024065e-01,5.567762402305841407e-01
3.781369158062498625e-01,5.590380828982761674e-01
3.793203300950493961e-01,5.613070042108190272e-01
3.805074479878091664e-01,5.635830263214832714e-01
3.816982810752989064e-01,5.658661714528704367e-01
3.828928409845624992e-01,5.681564618971297609e-01
3.840911393790316097e-01,5.704539200161753421e-01
3.852931879586400377e-01,5.727585682419054081e-01
3.864989984599374040e-01,5.750704290764208082e-01
3.877085826562038928e-01,5.773895250922448374e-01
3.889219523575652149e-01,5.797158789325429495e-01
3.901391194111082372e-01,5.813197170575372663e-01
3.913600957009961134e-01,5.824793526758834661e-01
3.925848931485845794e-01,5.836426174806518263e-01
3.938135237125385824e-01,5.848095228297154335e-01
3.950459993889485766e-01,5.859800801164927186e-01
3.962823322114479296e-01,5.871543007700587014e-01
3.975225342513304949e-01,5.883321962552574558e-01
3.987666176176682398e-01,5.895137780728125776e-01
4.000145944574295398e-01,5.906990577594404268e-01
4.012664769555980282e-01,5.918880468879630374e-01
4.025222773352912231e-01,5.930807570674201390e-01
4.037820078578798211e-01,5.942771999431829544e-01
4.050456808231081562e-01,5.954773871970686638e-01
4.063133085692132163e-01,5.966813305474530926e-01
4.075849034730457121e-01,5.978890417493857301e-01
4.088604779501912034e-01,5.991005325947051929e-01
4.101400444550906688e-01,6.003158149121534670e-01
4.114236154811623525e-01,6.015349005674913707e-01
4.127112035609238894e-01,6.027578014636150172e-01
4.140028212661148177e-01,6.039845295406718328e-01
4.152984812078187593e-01,6.052150967761767975e-01
4.165981960365868764e-01,6.064495151851294619e-01
4.179019784425617723e-01,6.076877968201320757e-01
4.192098411556006154e-01,6.089299537715058275e-01
4.205217969453999283e-01,6.101759981674101940e-01
4.218378586216204873e-01,6.114259421739609568e-01
4.231580390340116127e-01,6.126797979953483297e-01
4.244823510725372895e-01,6.139375778739568634e-01
4.258108076675020670e-01,6.151992940904852381e-01
4.271434217896767360e-01,6.156748770094281342e-01
4.284802064504254493e-01,6.156589286727106591e-01
4.298211747018324536e-01,6.156429304242051481e-01
4.311663396368301537e-01,6.156268821077083286e-01
4.325157143893260114e-01,6.156107835665275418e-01
4.338693121343313308e-01,6.155946346434801875e-01
4.352271460880902110e-01,6.155784351808915034e-01
4.365892295082077212e-01,6.155621850205932333e-01
4.379555756937800193e-01,6.155458840039225166e-01
4.393261979855241917e-01,6.155295319717193347e-01
4.407011097659080390e-01,6.155131287643260674e-01
4.420803244592810821e-01,6.154966742215851605e-01
4.434638555320057907e-01,6.154801681828381277e-01
4.448517164925886447e-01,6.154636104869231072e-01
4.462439208918121403e-01,6.154470009721745294e-01
4.476404823228676277e-01,6.154303394764205626e-01
4.490414144214872061e-01,6.154136258369816703e-01
4.504467308660772829e-01,6.153968598906696119e-01
4.518564453778523560e-01,6.153800414737851110e-01
4.532705717209684626e-01,6.153631704221166343e-01
4.546891237026580157e-01,6.153462465709389484e-01
4.561121151733640855e-01,6.153292697550108992e-01
4.575395600268766239e-01,6.153122398085745237e-01
4.589714722004669123e-01,6.152951565653530519e-01
4.604078656750242304e-01,6.152780198585493521e-01
4.618487544751928020e-01,6.152608295208440436e-01
4.632941526695077972e-01,6.139508421734954924e-01
4.647440743705332222e-01,6.123818015403363901e-01
4.661985337350000314e-01,6.108078504500719097e-01
4.676575449639435167e-01,6.092289735349746271e-01
4.691211223028425303e-01,6.076451553792223681e-01
4.705892800417587063e-01,6.060563805187473285e-01
4.720620325154754604e-01,6.044626334410859725e-01
4.735393941036383780e-01,6.028638985852267096e-01
4.750213792308953242e-01,6.012601603414587936e-01
4.765080023670376641e-01,5.996514030512188898e-01
4.779992780271411501e-01,5.980376110069390849e-01
4.794952207717076975e-01,5.964187684518933441e-01
4.809958452068079926e-01,5.947948595800428562e-01
4.825011659842233791e-01,5.931658685358830452e-01
4.840111978015894656e-01,5.915317794142879171e-01
4.855259554025396218e-01,5.898925762603545175e-01
4.870454535768485305e-01,5.882482430692480557e-01
4.885697071605767938e-01,5.865987637860450299e-01
4.900987310362162064e-01,5.849441223055762418e-01
4.916325401328344169e-01,5.832843024722701442e-01
4.931711494262207562e-01,5.816192880799949672e-01
4.947145739390331753e-01,5.799490628719001784e-01
4.962628287409441286e-01,5.782736105402578319e-01
4.978159289487877892e-01,5.765929147263038068e-01
4.993738897267083754e-01,5.749069590200772684e-01
5.009367262863072545e-01,5.732157269602613514e-01
5.025044538867921018e-01,5.715192020340215118e-01
5.040770878351253925e-01,5.698173676768454321e-01
5.056546434861748374e-01,5.681102072723795970e-01
5.072371362428618191e-01,5.663977041522693101e-01
5.088245815563129382e-01,5.646798415959939366e-01
5.104169949260107808e-01,5.629566028307042558e-01
5.120143918999445765e-01,5.636420913363170415e-01
5.136167880747622982e-01,5.658776895014699937e-01
5.152241990959238738e-01,5.681202841768873135e-01
5.168366406578521755e-01,5.703698972587916138e-01
5.184541285040876746e-01,5.726265507119318032e-01
5.200766784274418741e-01,5.748902665697984693e-01
5.217043062701510747e-01,5.771610669348370415e-01
5.233370279240312506e-01,5.794389739786648397e-01
5.249748593306332589e-01,5.817240099422871236e-01
5.266178164813990481e-01,5.840161971363152515e-01
5.282659154178165339e-01,5.863155579411827301e-01
5.299191722315772513e-01,5.886221148073650378e-01
5.315776030647334505e-01,5.909358902555988946e-01
5.332412241098548611e-01,5.932569068771008647e-01
5.349100516101876757e-01,5.955851873337896230e-01
5.365841018598129786e-01,5.979207543585060014e-01
5.382633912038052859e-01,6.002636307552354777e-01
5.399479360383926396e-01,6.026138393993304421e-01
5.416377528111169237e-01,6.049714032377344619e-01
5.433328580209937364e-01,6.073363452892048819e-01
5.450332682186739275e-01,6.097086886445386433e-01
5.467390000066053579e-01,6.120884564667978811e-01
5.484500700391945482e-01,6.140331841147191883e-01
5.501664950229693263e-01,6.078405672880964339e-01
5.518882917167429181e-01,6.016285700970297468e-01
5.536154769317759294e-01,5.953971318888855446e-01
5.553480675319417692e-01,5.891461918212110849e-01
5.570860804338907402e-01,5.828756888611419384e-01
5.588295326072156843e-01,5.765855617848043568e-01
5.605784410746168511e-01,5.702757491767210807e-01
5.623328229120688748e-01,5.639461894292079336e-01
5.640926952489873081e-01,5.575968207417739686e-01
5.658580752683958215e-01,5.512275811205176179e-01
5.676289802070932922e-01,5.448384083775239528e-01
5.694054273558238899e-01,5.384292401302511744e-01
5.711874340594437216e-01,5.320000138009293167e-01
5.729750177170915837e-01,5.255506666159442952e-01
5.747681957823588261e-01,5.190811356052248415e-01
5.765669857634588835e-01,5.125913576016308815e-01
5.783714052233989156e-01,5.060812692403348079e-01
5.801814717801513366e-01,4.995508069582017541e-01
5.819972031068254559e-01,4.929999069931710332e-01
5.838186169318402285e-01,4.864285053836325257e-01
5.856457310390972282e-01,4.798365379678028453e-01
5.874785632681547298e-01,4.732239403830969526e-01
5.893171315144012379e-01,4.692094565506958470e-01
5.911614537292303462e-01,4.678738848531196481e-01
5.930115479202167084e-01,4.665341333609647756e-01
5.948674321512910090e-01,4.651901889931794321e-01
5.967291245429166002e-01,4.638420386277734564e-01
5.985966432722669150e-01,4.624896691016898709e-01
6.004700065734018821e-01,4.611330672106770945e-01
6.023492327374471156e-01,4.597722197091594909e-01
6.042343401127717728e-01,4.584071133101080830e-01
6.061253471051680775e-01,4.570377346849109346e-01
6.080222721780306205e-01,4.556640704632430317e-01
6.099251338525371047e-01,4.542861072329357208e-01
6.118339507078289774e-01,4.529038315398456471e-01
6.137487413811926196e-01,4.515172298877235257e-01
6.156695245682415329e-01,4.501262887380824695e-01
6.175963190230991939e-01,4.487309945100654285e-01
6.195291435585814632e-01,4.473313335803127400e-01
6.214680170463805498e-01,4.459272922828297347e-01
6.234129584172500849e-01,4.445188569088519004e-01
6.253639866611885312e-01,4.431060137067123761e-01
6.273211208276252560e-01,4.416887488817074492e-01
6.292843800256071596e-01,4.402670485959611080e-01
6.312537834239841938e-01,4.388408989682906491e-01
6.332293502515969896e-01,4.374102860740710086e-01
6.352110997974650397e-01,4.359751959450985370e-01
6.371990514109739934e-01,4.345356145694549976e-01
6.391932245020657266e-01,4.330915278913703426e-01
6.411936385414268580e-01,4.316429218110859889e-01
6.432003130606797070e-01,4.301897821847165404e-01
6.452132676525723642e-01,4.303176701129394766e-01
6.472325219711702049e-01,4.320966991037372695e-01
6.492580957320480683e-01,4.338812957295368755e-01
6.512900087124822157e-01,4.356714774147644742e-01
6.533282807516437307e-01,4.374672616383776247e-01
6.553729317507925867e-01,4.392686659340362398e-01
6.574239816734710473e-01,4.410757078902728945e-01
6.594814505456993992e-01,4.428884051506655206e-01
6.615453584561714617e-01,4.447067754140091589e-01
6.636157255564498758e-01,4.465308364344886538e-01
6.656925720611637232e-01,4.483606060218522371e-01
6.677759182482060352e-01,4.501961020415858328e-01
6.698657844589307464e-01,4.520373424150864738e-01
6.719621910983520907e-01,4.538843451198380508e-01
6.740651586353441083e-01,4.557371281895868376e-01
6.761747076028394865e-01,4.575957097145171848e-01
6.782908585980309546e-01,4.594601078414283779e-01
6.804136322825717897e-01,4.613303407739116069e-01
6.825430493827782108e-01,4.632064267725283235e-01
6.846791306898311058e-01,4.650883841549877107e-01
6.868218970599790918e-01,4.669762312963259276e-01
6.889713694147429068e-01,4.688699866290857443e-01
6.911275687411184698e-01,4.707696686434961197e-01
6.932905160917826048e-01,4.726752958876525579e-01
6.954602325852988765e-01,4.745868869676992952e-01
6.976367394063228700e-01,4.765044605480096007e-01
6.998200578058093591e-01,4.784280353513685746e-01
7.020102091012206946e-01,4.803576301591566122e-01
7.042072146767334173e-01,4.822932638115315362e-01
7.064110959834480896e-01,4.832823867794877049e-01
7.086218745395983509e-01,4.832700013385887172e-01
7.108395719307616378e-01,4.832575771363121775e-01
7.130642098100689052e-01,4.832451140513508436e-01
7.152958098984164570e-01,4.832326119620179439e-01
7.175343939846787755e-01,4.832200707462454004e-01
7.197799839259202415e-01,4.832074902815836626e-01
7.220326016476086295e-01,4.831948704451995424e-01
7.242922691438301586e-01,4.831822111138757703e-01
7.265590084775032098e-01,4.831695121640091628e-01
7.288328417805938209e-01,4.831567734716099016e-01
7.311137912543326234e-01,4.831439949123000899e-01
7.334018791694307815e-01,4.831311763613125310e-01
7.356971278662973734e-01,4.831183176934896184e-01
7.379995597552585496e-01,4.831054187832820035e-01
7.403091973167750250e-01,4.830924795047473741e-01
7.426260631016623481e-01,4.830794997315494554e-01
7.449501797313111684e-01,4.830664793369564558e-01
7.472815698979076160e-01,4.830534181938398453e-01
7.496202563646551242e-01,4.830403161746735230e-01
7.519662619659964742e-01,4.830271731515320410e-01
7.543196096078376156e-01,4.830139889960897159e-01
7.566803222677699337e-01,4.830007635796191856e-01
7.590484229952954021e-01,4.829874967729903545e-01
7.614239349120520695e-01,4.829741884466688395e-01
7.638068812120387685e-01,4.829608384707149149e-01
7.661972851618419345e-01,4.829474467147822914e-01
7.685951701008635339e-01,4.829340130481166726e-01
7.710005594415479946e-01,4.829205373395544232e-01
7.734134766696109109e-01,4.829070194575217911e-01
7.758339453442691935e-01,4.828934592700328543e-01
7.782619890984699973e-01,4.828798566446889096e-01
7.806976316391219806e-01,4.828665059635999235e-01
7.831408967473267868e-01,4.828539474433389267e-01
7.855918082786117473e-01,4.828413496200326116e-01
7.880503901631614738e-01,4.828287123706785922e-01
7.905166664060524484e-01,4.828160355718892904e-01
7.929906610874879469e-01,4.828033190998911595e-01
7.954723983630316297e-01,4.827905628305232955e-01
7.979619024638443525e-01,4.827777666392361056e-01
8.004591976969213096e-01,4.827649304010902531e-01
8.029643084453278457e-01,4.827520539907554364e-01
8.054772591684384864e-01,4.827391372825091675e-01
8.079980744021761918e-01,4.827261801502352734e-01
8.105267787592508322e-01,4.827131824674231186e-01
8.130633969293998842e-01,4.827001441071661070e-01
8.156079536796303486e-01,4.826870649421602932e-01
8.181604738544591138e-01,4.826739448447036063e-01
8.207209823761565382e-01,4.826607836866941281e-01
8.232895042449898115e-01,4.826475813396289838e-01
8.258660645394662048e-01,4.826343376746033420e-01
8.284506884165790952e-01,4.826210525623088055e-01
8.310434011120521047e-01,4.826077258730324115e-01
8.336442279405875677e-01,4.825943574766550226e-01
8.362531942961115572e-01,4.825809472426504376e-01
8.388703256520230189e-01,4.835020460683976395e-01
8.414956475614425724e-01,4.848210418438931857e-01
8.441291856574613117e-01,4.861441655380931981e-01
8.467709656533913831e-01,4.874714300696991187e-01
8.494210133430177834e-01,4.888028483978430483e-01
8.520793546008487152e-01,4.901384335222134236e-01
8.547460153823691620e-01,4.914781984831826933e-01
8.574210217242947962e-01,4.928221563619343271e-01
8.601043997448251099e-01,4.941703202805905470e-01
8.627961756438988772e-01,4.955227034023403920e-01
8.654963757034498384e-01,4.968793189315682257e-01
8.682050262876643831e-01,4.982401801139831332e-01
8.709221538432369014e-01,4.996053002367474849e-01
8.736477848996294648e-01,5.009746926286069435e-01
8.763819460693313967e-01,5.023483706600214704e-01
8.791246640481170660e-01,5.037263477432942782e-01
8.818759656153081217e-01,5.051086373327037249e-01
8.846358776340350616e-01,5.064952529246351531e-01
8.874044270514984678e-01,5.078862080577114524e-01
8.901816408992325735e-01,5.092815163129261746e-01
8.929675462933701624e-01,5.106811913137759840e-01
8.957621704349053582e-01,5.120852467263931063e-01
8.985655406099606335e-01,5.134936962596793331e-01
9.013776841900534853e-01,5.149065536654401365e-01
9.041986286323625555e-01,5.163238327385180071e-01
9.070284014799959715e-01,5.177455473169279010e-01
9.098670303622614641e-01,5.191717112819921320e-01
9.127145429949343747e-01,5.206023385584758190e-01
9.155709671805295491e-01,5.220374431147229988e-01
9.184363308085717881e-01,5.234770389627924070e-01
9.213106618558699612e-01,5.249211401585959225e-01
9.241939883867876793e-01,5.263697608020337926e-01
9.270863385535189627e-01,5.263223628654196684e-01
9.299877405963631327e-01,5.246297521023858268e-01
9.328982228439995916e-01,5.229318441581495280e-01
9.358178137137649344e-01,5.212286224546947011e-01
9.387465417119311706e-01,5.195200703621224436e-01
9.416844354339825029e-01,5.178061711984894844e-01
9.446315235648953257e-01,5.160869082296446475e-01
9.475878348794191108e-01,5.143622646690657607e-01
9.505533982423558514e-01,5.126322236776955643e-01
9.535282426088426133e-01,5.108967683637776203e-01
9.565123970246344198e-01,5.091558817826912220e-01
9.595058906263879139e-01,5.074095469367854161e-01
9.625087526419452422e-01,5.056577467752140231e-01
9.655210123906193820e-01,5.039004641937687712e-01
9.685426992834820226e-01,5.021376820347116521e-01
9.715738428236482260e-01,5.003693830866083880e-01
9.746144726065663066e-01,4.985955500841598997e-01
9.776646183203065998e-01,4.968161657080333860e-01
9.807243097458504533e-01,4.950312125846940137e-01
9.837935767573814383e-01,4.932406732862348875e-01
9.868724493225777827e-01,4.914445303302064083e-01
9.899609575029040265e-01,4.896427661794464647e-01
9.930591314539042314e-01,4.878353632419087926e-01
9.961670014254980776e-01,4.860223038704909460e-01
9.992845977622745179e-01,4.842035703628623233e-01
1.002411950903788318e+00,4.823791449612916948e-01
1.005549091384858817e+00,4.815407116826299627e-01
1.008696049835865916e+00,4.811319031228848964e-01
1.011852856983050275e+00,4.807218151591177713e-01
1.015019543648812750e+00,4.803104437873159105e-01
1.018196140752017254e+00,4.798977849909356608e-01
1.021382679308289188e+00,4.794838347408633683e-01
1.024579190430321640e+00,4.790685889953756882e-01
1.027785705328177146e+00,4.786520437001005601e-01
1.031002255309592774e+00,4.782341947879772959e-01
1.034228871780286996e+00,4.778150381792168888e-01
1.037465586244263882e+00,4.773945697812623790e-01
1.040712430304123304e+00,4.769727854887487739e-01
1.043969435661368905e+00,4.765496811834626922e-01
1.047236634116714971e+00,4.761252527343028951e-01
1.050514057570401061e+00,4.756994959972390968e-01
1.053801738022501322e+00,4.752724068152720527e-01
1.057099707573235348e+00,4.748439810183928134e-01
1.060407998423285036e+00,4.744142144235419800e-01
1.063726642874107453e+00,4.739831028345686814e-01
1.067055673328248133e+00,4.735506420421901619e-01
1.070395122289661272e+00,4.731168278239501479e-01
1.073745022364024804e+00,4.726816559441778254e-01
1.077105406259057929e+00,4.722451221539464283e-01
1.080476306784843077e+00,4.718072221910317166e-01
1.083857756854144982e+00,4.713679517798705088e-01
1.087249789482729767e+00,4.709273066315191048e-01
1.090652437789692453e+00,4.704852824436105418e-01
1.094065734997774486e+00,4.700418749003138497e-01
1.097489714433693031e+00,4.695970796722909180e-01
1.100924409528463599e+00,4.691508924166545857e-01
1.104369853817726232e+00,4.687033087769263417e-01
1.107826080942075242e+00,4.682543243829935808e-01
1.111293124647386055e+00,4.678039348510671380e-01
1.114771018785143619e+00,4.673521357836382673e-01
1.118259797312775472e+00,4.613258222475580261e-01
1.121759494293982584e+00,4.543695461495678156e-01
1.125270143899069319e+00,4.473914997451443609e-01
1.128791780405280720e+00,4.403916149021089854e-01
1.132324438197136240e+00,4.333698232750557433e-01
1.135868151766762590e+00,4.263260563046899487e-01
1.139422955714234575e+00,4.192602452171507177e-01
1.142988884747911493e+00,4.121723210233423362e-01
1.146565973684773310e+00,4.050622145182657396e-01
1.150154257450765050e+00,3.979298562803347816e-01
1.153753771081135859e+00,3.907751766707012187e-01
1.157364549720778513e+00,3.835981058325806936e-01
1.160986628624577577e+00,3.763985736905603452e-01
1.164620043157750473e+00,3.691765099499209613e-01
1.168264828796191868e+00,3.619318440959524152e-01
1.171921021126822504e+00,3.546645053932602765e-01
1.175588655847936925e+00,3.473744228850747517e-01
1.179267768769548086e+00,3.400615253925658443e-01
1.182958395813741515e+00,3.327257415141386954e-01
1.186660573015024811e+00,3.253669996247398055e-01
1.190374336520676257e+00,3.179852278751637007e-01
1.194099722591103641e+00,3.167826393502620186e-01
1.197836767600191754e+00,3.161689496931651133e-01
1.201585508035663219e+00,3.155533394377909029e-01
1.205345980499432201e+00,3.149358025734501632e-01
1.209118221707960128e+00,3.143163330706428282e-01
1.212902268492617619e+00,3.136949248809989821e-01
1.216698157800042646e+00,3.130715719372195727e-01
1.220505926692499132e+00,3.124462681530176256e-01
1.224325612348242664e+00,3.118190074230584030e-01
1.228157252061881755e+00,3.111897836228998404e-01
1.232000883244739775e+00,3.105585906089333159e-01
1.235856543425224219e+00,3.099254222183227547e-01
1.239724270249190852e+00,3.092902722689450656e-01
1.243604101480310531e+00,3.086531345593297448e-01
1.247496075000440019e+00,3.080140028685982023e-01
1.251400228809991244e+00,3.073728709564028105e-01
1.255316601028300116e+00,3.067297325628665083e-01
1.259245229894002227e+00,3.060845814085211836e-01
1.263186153765404551e+00,3.054374111942464998e-01
1.267139411120858039e+00,3.047882156012086674e-01
1.271105040559137089e+00,3.041369882907983824e-01
1.275083080799814361e+00,3.034837229045689311e-01
1.279073570683637362e+00,3.028284130641746286e-01
1.283076549172911029e+00,3.021710523713078134e-01
1.287092055351876541e+00,3.015116344076368415e-01
1.291120128427090341e+00,3.008501527347435256e-01
1.295160807727812280e+00,3.001866008940597408e-01
1.299214132706386193e+00,2.995209724068047530e-01
1.303280142938623376e+00,2.988532607739221580e-01
1.307358878124194046e+00,2.981570474130007531e-01
1.311450378087011481e+00,2.974560286143755339e-01
1.315554682775620154e+00,2.967528159128852705e-01
1.319671832263588529e+00,2.960474024425089334e-01
1.323801866749899414e+00,2.953397813157374596e-01
1.327944826559340319e+00,2.946299456235071945e-01
1.332100752142900690e+00,2.939178884351314469e-01
1.336269684078163156e+00,2.932036027982338200e-01
1.340451663069703425e+00,2.924870817386792665e-01
1.344646729949485975e+00,2.917683182605067538e-01
1.348854925677260175e+00,2.910473053458610404e-01
1.353076291340965520e+00,2.903240359549233984e-01
1.357310868157129535e+00,2.895985030258434456e-01
1.361558697471268342e+00,2.888706994746705337e-01
1.365819820758295444e+00,2.881406181952835821e-01
1.370094279622923406e+00,2.874082520593223000e-01
1.374382115800068638e+00,2.866735939161180191e-01
1.378683371155262405e+00,2.859366365926229725e-01
1.382998087685059163e+00,2.851973728933405172e-01
1.387326307517442237e+00,2.844557956002556898e-01
1.391668072912240817e+00,2.837118974727635967e-01
1.396023426261540301e+00,2.829656712475990266e-01
1.400392410090093964e+00,2.822171096387663392e-01
1.404775067055741733e+00,2.814662053374672457e-01
1.409171439949826077e+00,2.807129510120298099e-01
1.413581571697605677e+00,2.799573393078375050e-01
1.418005505358681084e+00,2.791993628472563271e-01
1.422443284127410834e+00,2.784390142295632975e-01
1.426894951333332884e+00,2.776762860308746306e-01
1.431360550441590274e+00,2.769111708040724040e-01
1.435840125053354788e+00,2.761436610787323387e-01
1.440333718906249949e+00,2.753737493610509679e-01
1.444841375874782008e+00,2.746014281337720297e-01
1.449363139970766712e+00,2.738266898561133589e-01
1.453899055343756741e+00,2.730495269636935562e-01
1.458449166281477583e+00,2.722699318684571601e-01
1.463013517210254522e+00,2.714878969586018154e-01
1.467592152695450958e+00,2.707034145985030560e-01
1.472185117441902502e+00,2.699164771286398090e-01
1.476792456294349298e+00,2.691270768655203427e-01
1.481414214237880556e+00,2.683352061016062717e-01
1.486050436398369756e+00,2.675408571052377837e-01
1.490701168042913860e+00,2.667440221205586437e-01
1.495366454580279614e+00,2.659446933674394220e-01
1.500046341561345198e+00,2.651428630414019438e-01
1.504740874679541207e+00,2.642761447554606291e-01
1.509450099771303178e+00,2.633904600562189668e-01
1.514174062816515676e+00,2.625020035251758865e-01
1.518912809938959274e+00,2.616107664876288763e-01
1.523666387406765077e+00,2.607167402417268631e-01
1.528434841632865471e+00,2.598199160583851697e-01
1.533218219175443098e+00,2.589202851812015260e-01
1.538016566738391600e+00,2.580178388263688616e-01
1.542829931171768809e+00,2.571125681825905396e-01
1.547658359472251277e+00,2.562044644109946478e-01
1.552501898783599010e+00,2.552935186450467353e-01
1.557360596397111996e+00,2.543797219904637141e-01
1.562234499752091166e+00,2.534630655251273734e-01
1.567123656436304691e+00,2.525435402989966160e-01
1.572028114186451608e+00,2.516211373340202506e-01
1.576947920888624566e+00,2.506958476240498945e-01
1.581883124578782995e+00,2.497676621347513226e-01
1.586833773443218965e+00,2.488365718035162599e-01
1.591799915819025468e+00,2.479025675393747852e-01
1.596781600194573603e+00,2.469656402229055137e-01
1.601778875209982855e+00,2.460257807061469459e-01
1.606791789657594727e+00,2.450829798125085668e-01
1.611820392482452791e+00,2.441372283366805562e-01
1.616864732782778535e+00,2.431885170445441113e-01
1.621924859810448538e+00,2.422368366730820455e-01
1.627000822971480964e+00,2.412821779302868619e-01
1.632092671826511632e+00,2.403245314950716582e-01
1.637200456091282730e+00,2.393638880171778116e-01
1.642324225637127322e+00,2.384002381170841345e-01
1.647464030491452291e+00,2.374335723859159475e-01
1.652619920838232392e+00,2.364638813853520982e-01
1.657791947018498080e+00,2.354911556475333401e-01
1.662980159530823787e+00,2.339721347798266182e-01
1.668184609031827081e+00,2.320341018303184177e-01
1.673405346336659161e+00,2.300900036282817473e-01
1.678642422419500013e+00,2.281398211919510588e-01
1.683895888414060460e+00,2.261835354801546016e-01
1.689165795614078869e+00,2.242211273921296821e-01
1.694452195473819422e+00,2.222525777673369507e-01
1.699755139608580157e+00,2.202778673852713309e-01
1.705074679795193449e+00,2.182969769652755021e-01
1.710410867972529836e+00,2.163098871663524381e-01
1.715763756242009386e+00,2.143165785869748652e-01
1.721133396868109067e+00,2.123170317648964134e-01
1.726519842278869232e+00,2.103112271769629338e-01
1.731923145066411429e+00,2.082991452389198472e-01
1.737343357987449100e+00,2.062807663052216578e-01
1.742780533963799838e+00,2.042560706688415495e-01
1.748234726082907864e+00,2.022250385610765699e-01
1.753705987598359162e+00,2.001876501513558670e-01
1.759194371930399070e+00,1.981438855470480931e-01
1.764699932666459636e+00,1.960874867693805645e-01
1.770222723561679423e+00,1.940039999223242828e-01
1.775762798539425535e+00,1.919139926113775374e-01
1.781320211691827415e+00,1.898174444301474750e-01
1.786895017280296871e+00,1.877143349083791879e-01
1.792487269736064759e+00,1.856046435117530147e-01
1.798097023660709004e+00,1.834883496416854498e-01
1.803724333826686399e+00,1.813654326351284984e-01
1.809369255177870617e+00,1.792358717643666999e-01
1.815031842830088449e+00,1.770996462368149282e-01
1.820712152071653378e+00,1.749567351948168870e-01
1.826410238363911365e+00,1.728071177154394122e-01
1.832126157341780193e+00,1.706507728102689414e-01
1.837859964814289260e+00,1.684876794252078425e-01
1.843611716765130248e+00,1.663178164402666637e-01
1.849381469353201135e+00,1.641411626693590198e-01
1.855169278913151087e+00,1.619576968600958400e-01
1.860975201955937131e+00,1.597673976935755635e-01
1.866799295169371931e+00,1.575702437841773329e-01
1.872641615418675798e+00,1.553662136793528270e-01
1.878502219747035795e+00,1.531552858594152910e-01
1.884381165376162182e+00,1.509374387373296766e-01
1.890278509706841525e+00,1.487126506585039476e-01
1.896194310319505805e+00,1.464808999005743628e-01
1.902128624974788851e+00,1.442421646731955331e-01
1.908081511614090120e+00,1.419964231178278691e-01
1.914053028360143571e+00,1.397436533075228360e-01
1.920043233517584991e+00,1.374838332467089586e-01
1.926052185573515763e+00,1.352169408709791854e-01
1.932079943198081962e+00,1.331984066782972709e-01
1.938126565245042565e+00,1.320348039383559824e-01
1.944192110752342106e+00,1.308675595965205496e-01
1.950276638942692875e+00,1.296966622560623283e-01
1.956380209224149791e+00,1.285221004845857329e-01
1.962502881190688386e+00,1.273438628139168527e-01
1.968644714622791225e+00,1.261619377399906261e-01
1.974805769488029661e+00,1.249763137227389714e-01
1.980986105941646702e+00,1.237869791859784740e-01
1.987185784327149873e+00,1.225939225172964081e-01
1.993404865176893637e+00,1.213971320679387150e-01
1.999643409212676914e+00,1.201965961526948179e-01
2.005901477346333284e+00,1.189923030497842260e-01
2.012179130680322725e+00,1.177842410007425844e-01
2.018476430508333141e+00,1.165723982103059192e-01
2.024793438315877214e+00,1.153567628462957712e-01
2.031130215780889703e+00,1.141373230395043015e-01
2.037486824774334071e+00,1.129140668835775102e-01
2.043863327360805560e+00,1.116869824348991763e-01
2.050259785799132484e+00,1.104560577124751863e-01
2.056676262542991740e+00,1.092212806978150597e-01
2.063112820241514545e+00,1.080570136412978277e-01
2.069569521739894835e+00,1.070785218819975820e-01
2.076046430080009664e+00,1.060969678426579577e-01
2.082543608501031152e+00,1.051123419395915554e-01
2.089061120440041996e+00,1.041246345591182731e-01
2.095599029532659863e+00,1.031338360574707153e-01
2.102157399613655109e+00,1.021399367607005448e-01
2.108736294717572513e+00,1.011429269645842399e-01
2.115335779079362322e+00,1.001427969345275448e-01
2.121955917135002867e+00,9.913953690547103181e-02
2.128596773522128949e+00,9.813313708179492723e-02
2.135258413080666884e+00,9.712358763722279964e-02
2.141940900853465557e+00,9.611087871472599742e-02
2.148644302086929692e+00,9.509500042642768380e-02
2.155368682231660227e+00,9.407594285350570629e-02
2.162114106943092029e+00,9.305369604609609047e-02
2.168880642082132049e+00,9.202825002319611758e-02
2.175668353715809022e+00,9.099959477256615303e-02
2.182477308117910297e+00,8.996772025063284883e-02
2.189307571769636418e+00,8.893261638239012556e-02
2.196159211360246832e+00,8.789427306130126460e-02
2.203032293787707374e+00,8.685268014920079216e-02
2.209926886159351955e+00,8.580782747619417061e-02
2.216843055792531381e+00,8.475970484055948828e-02
2.223780870215270600e+00,8.370830200864791404e-02
2.230740397166931288e+00,8.265360871478319438e-02
2.237721704598873540e+00,8.159561466116145578e-02
2.244724860675112676e+00,8.053430951775153446e-02
2.251749933772993817e+00,7.496686161815481475e-02
2.258796992483854904e+00,6.882642736915385584e-02
2.265866105613693282e+00,6.266677606589148020e-02
2.272957342183844265e+00,5.648784756682655867e-02
2.280070771431653043e+00,5.028958154219839716e-02
2.287206462811144370e+00,4.407191747344316179e-02
2.294364485993710456e+00,3.783479465259455277e-02
2.301544910868785099e+00,3.157815218169631594e-02
2.308747807544525799e+00,2.530192897220797169e-02
2.315973246348502546e+00,1.900606374440456589e-02
2.323221297828381715e+00,1.269049502678082017e-02
2.330492032752611742e+00,6.355161155453638473e-03
2.337785522111121228e+00,2.735538269936219404e-10
