1.000000000000000021e-03 3.227549933464942151e+05
1.008455466423973127e-03 3.283728466901210486e+05
1.016982427760393338e-03 3.342939896581926150e+05
1.025581488532091969e-03 3.402651986518221092e+05
1.034253258373423520e-03 3.462868970026078168e+05
1.042998352073484791e-03 3.523595116216138704e+05
1.051817389619701332e-03 3.584834730296365451e+05
1.060710996241781860e-03 3.646592153877266683e+05
1.069679802456043483e-03 3.708871765279687243e+05
1.078724444110112706e-03 3.771677979845217778e+05
1.087845562428004821e-03 3.835015250249224482e+05
1.097043804055582985e-03 3.898888066816518549e+05
1.106319821106402845e-03 3.963300957839702605e+05
1.115674271207943999e-03 4.028258489900203422e+05
1.125107817548233512e-03 4.093765268192025833e+05
1.134621128922862340e-03 4.159825936848238343e+05
1.144214879782400095e-03 4.226445179270217777e+05
1.153889750280211830e-03 4.296604603011304280e+05
1.163646426320672942e-03 4.372019162861001678e+05
1.173485599607803666e-03 4.448071387989385985e+05
1.183407967694303413e-03 4.524766670153811574e+05
1.193414234031004925e-03 4.602110446701456676e+05
1.203505108016745618e-03 4.680108200954802451e+05
1.213681305048661552e-03 4.758765462600385072e+05
1.223943546572904247e-03 4.838087808080810355e+05
1.234292560135790079e-03 4.918080860990118235e+05
1.244729079435378171e-03 4.998750292472452275e+05
1.255253844373486940e-03 5.083403464376021293e+05
1.265867601108150182e-03 5.172242216655199882e+05
1.276571102106515733e-03 5.261832142021424370e+05
1.287365106198191684e-03 5.352179591993506765e+05
1.298250378629045142e-03 5.443290971795320511e+05
1.309227691115453542e-03 5.535172740809890674e+05
1.320297821899016084e-03 5.627831413037338061e+05
1.331461555801728138e-03 5.721273557556695305e+05
1.342719684281620546e-03 5.815505798991618212e+05
1.354073005488871636e-03 5.913077982882219367e+05
1.365522324322391299e-03 6.016239352589303162e+05
1.377068452486884939e-03 6.120272999794194475e+05
1.388712208550400536e-03 6.225186300009991974e+05
1.400454418002360134e-03 6.330986691113193519e+05
1.412295913312083774e-03 6.437681673871007515e+05
1.424237533987808687e-03 6.545278812473139260e+05
1.436280126636204843e-03 6.653785735068036010e+05
1.448424545022397245e-03 6.763210134303703671e+05
1.460671650130492601e-03 6.880320437557003461e+05
1.473022310224620561e-03 6.999501492035033880e+05
1.485477400910489723e-03 7.119690277917589992e+05
1.498037805197459296e-03 7.240895316043699859e+05
1.510704413561148735e-03 7.363125199300100794e+05
1.523478124006563033e-03 7.486388593230382539e+05
1.536359842131758153e-03 7.610694236649347004e+05
1.549350481192044012e-03 7.736050942262551980e+05
1.562450962164730001e-03 7.870360414594671456e+05
1.575662213814418454e-03 8.006288562171971425e+05
1.588985172758849334e-03 8.143366045637181960e+05
1.602420783535303062e-03 8.281602583161316579e+05
1.615969998667562578e-03 8.421007975087052910e+05
1.629633778733443955e-03 8.561592104623536579e+05
1.643413092432897092e-03 8.703364938547061756e+05
1.657308916656681464e-03 8.850939482976492727e+05
1.671322236555623222e-03 9.004067588666211814e+05
1.685454045610459061e-03 9.158490463912158739e+05
1.699705345702267950e-03 9.314219056594839785e+05
1.714077147183501112e-03 9.471264407164203003e+05
1.728570468949610934e-03 9.629637649422346149e+05
1.743186338511285927e-03 9.789350011312859133e+05
1.757925792067296759e-03 9.955405455135150114e+05
1.772789874577958107e-03 1.012731299520235509e+06
1.787779639839211752e-03 1.030067409370262874e+06
1.802896150557335058e-03 1.047550104115049355e+06
1.818140478424283037e-03 1.065180623198251007e+06
1.833513704193665992e-03 1.082960216543597635e+06
1.849016917757370084e-03 1.100890144643507665e+06
1.864651218222825816e-03 1.119899226042900700e+06
1.880417713990929643e-03 1.139138661441813223e+06
1.896317522834624347e-03 1.158540775240757503e+06
1.912351771978144455e-03 1.178106942961482797e+06
1.928521598176931046e-03 1.197838551756416215e+06
1.944828147798223104e-03 1.217737000507006189e+06
1.961272576902328875e-03 1.238515281442385865e+06
1.977856051324585699e-03 1.259807855790734291e+06
1.994579746758012861e-03 1.281280468786565587e+06
2.011444848836664405e-03 1.302934642740620766e+06
2.028452553219676699e-03 1.324771912835480645e+06
2.045604065676048279e-03 1.346793827234418830e+06
2.062900602170114877e-03 1.369816607592871413e+06
2.080343388947758238e-03 1.393322607500862796e+06
2.097933662623340488e-03 1.417027361601838144e+06
2.115672670267375322e-03 1.440932550455203047e+06
2.133561669494938619e-03 1.465039868830275955e+06
2.151601928554829329e-03 1.489446513666368555e+06
2.169794726419480187e-03 1.515119873051738599e+06
2.188141352875634313e-03 1.541010312665383099e+06
2.206643108615781619e-03 1.567119668021882651e+06
2.225301305330374107e-03 1.593449790155950468e+06
2.244117265800818321e-03 1.620002545753661543e+06
2.263092323993255803e-03 1.647605286117518786e+06
2.282227825153131974e-03 1.675824748285411624e+06
2.301525125900571664e-03 1.704282819168168120e+06
2.320985594326554352e-03 1.732981516313764500e+06
2.340610610089908193e-03 1.761922874329488026e+06
2.360401564515118497e-03 1.791762903808989096e+06
2.380359860690969744e-03 1.822462738954338944e+06
2.400486913570015930e-03 1.853422155524982372e+06
2.420784150068893987e-03 1.884643348402944161e+06
2.441253009169487651e-03 1.916128531029001577e+06
2.461894942020943951e-03 1.948627993522981415e+06
2.482711412042551413e-03 1.981968091651006136e+06
2.503703895027492143e-03 2.015590095859324094e+06
2.524873879247470365e-03 2.049496389795336407e+06
2.546222865558214407e-03 2.083689377261282410e+06
2.567752367505894175e-03 2.119290188274920918e+06
2.589463911434418137e-03 2.155439808909974992e+06
2.611359036593641908e-03 2.191895091448547784e+06
2.633439295248498398e-03 2.228658620404602494e+06
2.655706252789043469e-03 2.266087960334802046e+06
2.678161487841437035e-03 2.304897569640087429e+06
2.700806592379857880e-03 2.344035332293779589e+06
2.723643171839371276e-03 2.383504022985500284e+06
2.746672845229742883e-03 2.423306439866163302e+06
2.769897245250221504e-03 2.464698035731764976e+06
2.793318018405290676e-03 2.506658296727589332e+06
2.816936825121395607e-03 2.548973351301404648e+06
2.840755339864663252e-03 2.591646199398397934e+06
2.864775251259611601e-03 2.635607451737265568e+06
2.888998262208866425e-03 2.680536063473558985e+06
2.913426090013890215e-03 2.725844567577864509e+06
2.938060466496729851e-03 2.771536176217344124e+06
2.962903138122795991e-03 2.818422848695187829e+06
2.987955866124678093e-03 2.866472886432330590e+06
3.013220426627008508e-03 2.914929209650229197e+06
3.038698610772383457e-03 2.963795253682127222e+06
3.064392224848343053e-03 3.013976410744395573e+06
3.090303090415432927e-03 3.065307454806444235e+06
3.116433044436340942e-03 3.117072526788065676e+06
3.142783939406132866e-03 3.169275296597762499e+06
3.169357643483583509e-03 3.223133709134761710e+06
3.196156040623621564e-03 3.277912716587430332e+06
3.223181030710893340e-03 3.333154906098353676e+06
3.250434529694456662e-03 3.388885271102373954e+06
3.277918469723611027e-03 3.446797230373240076e+06
3.305634799284880472e-03 3.505198862271267455e+06
3.333585483340150910e-03 3.564094307206913363e+06
3.361772503465977960e-03 3.624222470300580375e+06
3.390197857994070498e-03 3.685907346484367270e+06
3.418863562152965087e-03 3.748113797067593317e+06
3.447771648210894765e-03 3.810846232205080800e+06
3.476924165619868674e-03 3.875796277163091581e+06
3.506323181160972066e-03 3.941443191259926651e+06
3.535970779090877140e-03 4.007645180634736083e+06
3.565869061289630212e-03 4.075397930623934139e+06
3.596020147409649276e-03 4.144619007323258556e+06
3.626426175026002674e-03 4.214425380512446165e+06
3.657089299787952361e-03 4.285260860418751836e+06
3.688011695571780883e-03 4.358194346415728331e+06
3.719195554634908540e-03 4.431744519054736011e+06
3.750643087771314207e-03 4.505950664315754548e+06
3.782356524468271503e-03 4.582739498028595001e+06
3.814338113064408547e-03 4.660177617146629840e+06
3.846590120909105636e-03 4.738270511680803262e+06
3.879114834523239488e-03 4.818842461225898005e+06
3.911914559761286644e-03 4.900317554988627322e+06
3.944991621974799911e-03 4.982481558671057224e+06
3.978348366177263465e-03 5.067109649506802671e+06
4.011987157210343546e-03 5.152775981894048862e+06
4.045910379911547318e-03 5.239166663078462705e+06
4.080120439283294216e-03 5.328166376311684959e+06
4.114619760663420188e-03 5.418183010000074282e+06
4.149410789897126084e-03 5.508960776312217116e+06
4.184495993510373678e-03 5.602656834866614081e+06
4.219877858884750130e-03 5.697188596841630526e+06
4.255558894433822577e-03 5.792860549198023044e+06
4.291541629780948157e-03 5.891244629125946201e+06
4.327828615938643549e-03 5.990460592338352464e+06
4.364422425489422955e-03 6.091410262170072645e+06
4.401325652768184327e-03 6.194616671719061211e+06
4.438540914046137757e-03 6.298695739598731510e+06
4.476070847716285585e-03 6.405273188342938200e+06
4.513918114480475891e-03 6.513478180803360417e+06
4.552085397538029390e-03 6.622721933008152060e+06
4.590575402775970947e-03 6.735165262765122578e+06
4.629390858960860493e-03 6.848559353321452625e+06
4.668534517932252000e-03 6.964058773378636688e+06
4.708009154797787414e-03 7.081833684647009708e+06
4.747817568129938590e-03 7.200604437723200768e+06
4.787962580164411078e-03 7.322736560874684714e+06
4.828447037000231472e-03 7.446044660710295662e+06
4.869273808801519166e-03 7.571586755353186280e+06
4.910445790000972886e-03 7.699547152934862301e+06
4.951965899505065931e-03 7.828705453290329315e+06
4.993837080900990870e-03 7.961440600831108168e+06
5.036062302665341578e-03 8.095298085955201648e+06
5.078644558374565549e-03 8.232057617706266232e+06
5.121586866917195169e-03 8.370851437843096443e+06
5.164892272707875299e-03 8.511736181958865374e+06
5.208563845903194968e-03 8.655595394133390859e+06
5.252604682619350061e-03 8.800826184215430170e+06
5.297017905151642225e-03 8.949880159352434799e+06
5.341806662195836518e-03 9.100194455371569842e+06
5.386974129071389096e-03 9.254062121194083244e+06
5.432523507946564884e-03 9.409748481815673411e+06
5.478458028065451291e-03 9.568503136979779229e+06
5.524780945976905285e-03 9.729695153295183554e+06
5.571495545765419062e-03 9.893573165505006909e+06
5.618605139283954636e-03 1.006041574240636453e+07
5.666113066388733452e-03 1.022965734757055156e+07
5.714022695176019205e-03 1.040229020900772326e+07
5.762337422220899924e-03 1.057713803258013166e+07
5.811060672818092743e-03 1.075570972685567848e+07
5.860195901224777432e-03 1.093641322530859895e+07
5.909746590905488178e-03 1.112106977239799313e+07
5.959716254779079229e-03 1.130788002820186503e+07
6.010108435467777406e-03 1.149877659866578877e+07
6.060926705548312816e-03 1.169195291271528602e+07
6.112174667805238791e-03 1.188924208653208986e+07
6.163855955486324811e-03 1.208904514617303014e+07
6.215974232560146466e-03 1.229288899207654595e+07
6.268533193975841210e-03 1.249958860432329215e+07
6.321536565925065486e-03 1.271014969444802590e+07
6.374988106106162754e-03 1.292401981072391942e+07
6.428891603990571912e-03 1.314146750615269132e+07
6.483250881091476986e-03 1.336278403423216566e+07
6.538069791234740573e-03 1.358728171384019405e+07
6.593352220832118457e-03 1.381632903527613916e+07
6.649102089156793544e-03 1.404805675943555310e+07
6.705323348621228252e-03 1.428512252257360145e+07
6.762019985057378738e-03 1.452498364580945112e+07
6.819196017999266599e-03 1.476963559418989532e+07
6.876855500967950577e-03 1.501799154911328666e+07
6.935002521758900848e-03 1.527035236650922708e+07
6.993641202731801926e-03 1.552750316696584225e+07
7.052775701102816271e-03 1.578792030643292889e+07
7.112410209239304268e-03 1.605401268616350740e+07
7.172548954957050880e-03 1.632372446016788296e+07
7.233196201819994640e-03 1.659803541335236654e+07
7.294356249442500613e-03 1.687735765890662372e+07
7.356033433794160852e-03 1.716043981519257650e+07
7.418232127507230766e-03 1.744933816817522421e+07
7.480956740186606863e-03 1.774255429977835342e+07
7.544211718722450798e-03 1.804020253382430971e+07
7.608001547605452823e-03 1.834388245780963078e+07
7.672330749244766698e-03 1.865184013596067950e+07
7.737203884288623018e-03 1.896497895116380230e+07
7.802625551947659985e-03 1.928395095542072132e+07
7.868600390320988971e-03 1.960752959394134209e+07
7.935133076725008755e-03 1.993674485905738175e+07
8.002228328025016990e-03 2.027189894621369988e+07
8.069890900969598976e-03 2.061199599416285381e+07
8.138125592527873514e-03 2.095788498136716709e+07
8.206937240229569830e-03 2.131013878942193091e+07
8.276330722507985876e-03 2.166768337416743860e+07
8.346310959045848826e-03 2.203087538018523157e+07
8.416882911124100308e-03 2.240116855488546565e+07
8.488051581973623735e-03 2.277710910316528380e+07
8.559822017129953622e-03 2.315883149071875587e+07
8.632199304790982505e-03 2.354755021913780272e+07
8.705188576177686280e-03 2.394287038214765117e+07
8.778795005897911327e-03 2.434434418599754944e+07
8.853023812313225160e-03 2.475211064933256805e+07
8.927880257908873962e-03 2.516764304332580045e+07
9.003369649666874766e-03 2.558988463020145148e+07
9.079497339442252693e-03 2.601880252054299787e+07
9.156268724342459669e-03 2.645454108234243467e+07
9.233689247110012793e-03 2.689823107693021372e+07
9.311764396508354080e-03 2.734936093438088894e+07
9.390499707710978430e-03 2.780771153919859603e+07
9.469900762693859303e-03 2.827343315953266993e+07
9.549973190631173836e-03 2.874668403408592567e+07
9.630722668294400268e-03 2.922874904447099939e+07
9.712154920454759907e-03 2.971859460058529302e+07
9.794275720289090381e-03 3.021638049837549776e+07
9.877090889789131092e-03 3.072226365530065820e+07
9.960606300174274647e-03 3.123639997405114397e+07
1.004482787230781722e-02 3.175926535210995376e+07
1.012976157711670613e-02 3.232309202515011653e+07
1.021541343601486962e-02 3.289412485261810943e+07
1.030178952133009758e-02 3.346998602898574620e+07
1.038889595673454271e-02 3.405071638019502908e+07
1.047673891767886278e-02 3.463635707739035040e+07
1.056532463183003367e-02 3.522694963983733952e+07
1.065465937951284858e-02 3.582253593786631525e+07
1.074474949415519034e-02 3.642315819584086537e+07
1.083560136273702297e-02 3.702885899515120685e+07
1.092722142624320304e-02 3.763968127723308653e+07
1.101961618012012312e-02 3.825566834661212564e+07
1.111279217473619928e-02 3.887686387397389859e+07
1.120675601584627222e-02 3.950331189925999939e+07
1.130151436505992014e-02 4.013505683479027450e+07
1.139707394031373375e-02 4.077214346841143817e+07
1.149344151634759670e-02 4.141461696667235345e+07
1.159062392518497332e-02 4.212766863591429591e+07
1.168862805661727462e-02 4.285158180003806949e+07
1.178746085869231131e-02 4.358161598761495948e+07
1.188712933820688239e-02 4.431782295475326478e+07
1.198764056120351675e-02 4.506025489518330246e+07
1.208900165347143174e-02 4.580896444395773113e+07
1.219121980105172115e-02 4.656400468118317425e+07
1.229430225074679139e-02 4.732542913578318805e+07
1.239825631063415888e-02 4.809329178929346055e+07
1.250308935058453905e-02 4.886938532390949875e+07
1.260880880278434160e-02 4.971176177780260146e+07
1.271542216226258237e-02 5.056126091751796007e+07
1.282293698742223778e-02 5.141794296868637204e+07
1.293136090057610960e-02 5.228186866617445648e+07
1.304070158848721038e-02 5.315309925839046389e+07
1.315096680291371646e-02 5.403169651162648201e+07
1.326216436115854047e-02 5.491772271443745494e+07
1.337430214662352866e-02 5.581124068205703050e+07
1.348738810936837666e-02 5.671231376085104793e+07
1.360143026667423594e-02 5.767940326588192582e+07
1.371643670361211154e-02 5.866205787116546929e+07
1.383241557361606332e-02 5.965302127947040647e+07
1.394937509906121753e-02 6.065236374560159445e+07
1.406732357184673626e-02 6.166015611840119958e+07
1.418626935398365277e-02 6.267646984577136487e+07
1.430622087818770108e-02 6.370137697973951697e+07
1.442718664847716069e-02 6.473495018156663328e+07
1.454917524077575276e-02 6.244290119391341507e+07
1.467219530352063296e-02 5.513556844536641240e+07
1.479625555827552945e-02 4.776644879011515528e+07
1.492136480034905385e-02 4.033501979104478657e+07
1.504753189941825976e-02 3.284075459359062463e+07
1.517476580015745570e-02 2.528312188838702440e+07
1.530307552287234370e-02 1.766158587359981239e+07
1.543247016413951643e-02 9.975606216940484941e+06
1.556295889745136496e-02 6.007166960084654391e+06
1.569455097386644044e-02 6.109202997578809969e+06
1.582725572266530101e-02 6.212101797362029552e+06
1.596108255201194454e-02 6.315870654491893016e+06
1.609604094962074558e-02 6.420516925709065050e+06
1.623214048342916035e-02 6.526048029958906583e+06
1.636939080227601054e-02 6.632471448917417787e+06
1.650780163658555066e-02 6.740141773902965710e+06
1.664738279905730867e-02 6.854662240843078122e+06
1.678814418536176550e-02 6.970151031746259890e+06
1.693009577484191203e-02 7.086616334243268706e+06
1.707324763122073513e-02 7.204066405195096508e+06
1.721760990331470259e-02 7.322509571278355084e+06
1.736319282575324655e-02 7.441954229575577192e+06
1.751000671970437406e-02 7.562851363469304517e+06
1.765806199360638040e-02 7.690937844060023315e+06
1.780736914390575534e-02 7.820107355586739257e+06
1.795793875580134480e-02 7.950369055581169203e+06
1.810978150399479916e-02 8.081732179006242193e+06
1.826290815344731866e-02 8.214206038910776377e+06
1.841732956014289699e-02 8.347800027089785784e+06
1.857305667185793485e-02 8.485753772210542113e+06
1.873010052893737953e-02 8.628569629166852683e+06
1.888847226507744947e-02 8.772593060806466267e+06
1.904818310811496121e-02 8.917834277736576274e+06
1.920924438082331764e-02 9.064303576899813488e+06
1.937166750171526522e-02 9.212011342304270715e+06
1.953546398585239222e-02 9.362519882039822638e+06
1.970064544566150350e-02 9.519984548007167876e+06
1.986722359175789251e-02 9.678780651170561090e+06
2.003521023377556956e-02 9.838919449452513829e+06
2.020461728120450176e-02 1.000041229596651159e+07
2.037545674423495504e-02 1.016327063982192427e+07
2.054774073460894843e-02 1.032957785774973407e+07
2.072148146647894221e-02 1.050275768001553603e+07
2.089669125727374593e-02 1.067740181845382415e+07
2.107338252857175742e-02 1.085352265454081073e+07
2.125156780698163675e-02 1.103113267444389127e+07
2.143125972503035978e-02 1.121024446990682743e+07
2.161247102205880385e-02 1.139571275017157383e+07
2.179521454512491421e-02 1.158574062559445761e+07
2.197950324991450669e-02 1.177737527533759549e+07
2.216535020165976907e-02 1.197063028542731144e+07
2.235276857606550982e-02 1.216551935676610470e+07
2.254177166024327189e-02 1.236383602889584564e+07
2.273237285365332927e-02 1.257017502914969251e+07
2.292458566905463541e-02 1.277825872189214081e+07
2.311842373346282078e-02 1.298810185931194574e+07
2.331390078911630206e-02 1.319971931833451055e+07
2.351103069445051319e-02 1.341358850425318815e+07
2.370982742508045624e-02 1.363720946521303244e+07
2.391030507479141934e-02 1.386272124569994770e+07
2.411247785653827455e-02 1.409013983347498626e+07
2.431636010345302953e-02 1.431948135148314200e+07
2.452196626986101816e-02 1.455167886393574439e+07
2.472931093230562941e-02 1.479360866656116955e+07
2.493840879058173074e-02 1.503758409850965068e+07
2.514927466877781362e-02 1.528362245653124899e+07
2.536192351632694103e-02 1.553174118362810649e+07
2.557637040906661843e-02 1.578512482485090569e+07
2.579263055030758117e-02 1.604643691880426183e+07
2.601071927191165103e-02 1.630995852839422040e+07
2.623065203537869317e-02 1.657570833610606007e+07
2.645244443294276007e-02 1.684370518239418417e+07
2.667611218867752335e-02 1.712121051154795662e+07
2.690167115961102778e-02 1.740303976088477671e+07
2.712913733684988241e-02 1.768725200797665119e+07
2.735852684671298898e-02 1.797386740218111500e+07
2.758985595187473869e-02 1.826656366218766570e+07
2.782314105251806891e-02 1.856755244380457699e+07
2.805839868749710614e-02 1.887108622595844790e+07
2.829564553550968989e-02 1.917718652781585976e+07
2.853489841627983650e-02 1.948727996515387297e+07
2.877617429175017769e-02 1.980831961168322712e+07
2.901949026728447081e-02 2.013207379816456884e+07
2.926486359288030942e-02 2.045856547729932517e+07
2.951231166439206161e-02 2.078830594256583974e+07
2.976185202476416131e-02 2.113031732096523046e+07
3.001350236527481133e-02 2.147522056509129331e+07
3.026728052679023007e-02 2.182304012701758370e+07
3.052320450102948349e-02 2.217471543134947494e+07
3.078129243184000302e-02 2.253866016943270713e+07
3.104156261648394199e-02 2.290568223002900928e+07
3.130403350693528042e-02 2.327580763333551586e+07
3.156872371118810139e-02 2.365175303328954428e+07
3.183565199457574074e-02 2.403862907006067038e+07
3.210483728110116730e-02 2.442877632417095080e+07
3.237629865477863883e-02 2.482222245528876409e+07
3.265005536098664757e-02 2.522481722953611985e+07
3.292612680783233575e-02 2.563566323939501867e+07
3.320453256752744359e-02 2.604998314389569685e+07
3.348529237777589374e-02 2.646780631643766537e+07
3.376842614317310254e-02 2.689947757828323916e+07
3.405395393661712206e-02 2.733537288120600954e+07
3.434189600073171700e-02 2.777495388222701102e+07
3.463227274930148064e-02 2.822328086355553940e+07
3.492510476871907993e-02 2.868146915321720764e+07
3.522041281944472690e-02 2.914353163857796043e+07
3.551821783747801525e-02 2.961018365406041965e+07
3.581854093584219134e-02 3.009140753552882373e+07
3.612140340608091527e-02 3.057670038936937228e+07
3.642682671976782416e-02 3.106609662064136565e+07
3.673483253002870347e-02 3.156838620374553651e+07
3.704544267307664090e-02 3.207767900538058579e+07
3.735867916976005898e-02 3.259127811519981921e+07
3.767456422712395225e-02 3.311565868195595220e+07
3.799312023998421828e-02 3.364973650698933750e+07
3.831436979251538061e-02 3.418833020914008468e+07
3.863833565985168306e-02 2.976227168522385880e+07
3.896504080970176337e-02 1.856582613530427217e+07
3.929450840397694100e-02 7.274709415969472378e+06
3.962676180043329943e-02 2.303469710088426364e+05
3.996182455432764624e-02 2.341171173500326695e+05
4.029972042008746896e-02 2.379191420370241103e+05
4.064047335299504626e-02 2.417877431491934694e+05
4.098410751088566589e-02 2.457386165413292765e+05
4.133064725586046984e-02 2.497228964107777865e+05
4.168011715601347561e-02 2.537847166775811929e+05
4.203254198717341211e-02 2.579225085586509958e+05
4.238794673466020346e-02 2.620952874000406300e+05
4.274635659505628127e-02 2.663629107050205930e+05
4.310779697799296123e-02 2.706939744446406257e+05
4.347229350795183550e-02 2.750616593482911703e+05
4.383987202608142369e-02 2.795478681579653057e+05
4.421055859202923516e-02 2.840787438872578787e+05
4.458437948578923560e-02 2.886680336568553466e+05
4.496136120956500948e-02 2.933657769427525927e+05
4.534153048964861127e-02 2.981032418392720283e+05
4.572491427831539001e-02 3.029339744776327279e+05
4.611153975573473868e-02 3.078434016509221983e+05
4.650143433189705272e-02 3.127946539915175526e+05
4.689462564855702981e-02 3.178798853751346469e+05
4.729114158119319261e-02 3.230081147619736730e+05
4.769101024098432867e-02 3.282242658693541889e+05
4.809425997680233378e-02 3.335337071181336651e+05
4.850091937722202096e-02 3.388882319546627696e+05
4.891101727254795056e-02 3.443828279753314564e+05
4.932458273685835087e-02 3.499238833681661054e+05
4.974164509006634427e-02 3.555673351408000453e+05
5.016223389999858312e-02 3.612992070331051364e+05
5.058637898449151044e-02 3.670992459636616404e+05
5.101411041350525921e-02 3.730261293549354887e+05
5.144545851125551655e-02 3.790031273097231169e+05
5.188045385836333873e-02 3.851168357599357842e+05
5.231912729402321549e-02 3.912947226044138079e+05
5.276150991818941149e-02 3.975836503848235006e+05
5.320763309378081368e-02 4.039668079158607288e+05
5.365752844890436107e-02 4.104390794881185284e+05
5.411122787909745241e-02 4.170319141495579970e+05
5.456876354958912351e-02 4.236957069718158455e+05
5.503016789758040372e-02 4.305027298472876428e+05
5.549547363454399723e-02 4.373673092761302250e+05
5.596471374854337238e-02 4.443920938538837945e+05
5.643792150657144652e-02 4.514773021349702030e+05
5.691513045690909517e-02 4.587129861324470839e+05
5.739637443150354124e-02 4.660235343859710847e+05
5.788168754836690855e-02 4.734785066347087268e+05
5.837110421399503007e-02 4.810191595746172825e+05
5.886465912580670506e-02 4.887019309990120819e+05
5.936238727460358550e-02 4.964776247784022707e+05
5.986432394705089310e-02 5.043967231339438003e+05
6.037050472817902941e-02 5.124123916415667627e+05
6.088096550390646039e-02 5.205764294119300903e+05
6.139574246358384113e-02 5.288371528119943105e+05
6.191487210255957468e-02 5.372547510516460752e+05
6.243839122476736031e-02 5.457656052208075998e+05
6.296633694533528003e-02 5.544455530580413761e+05
6.349874669321714515e-02 5.632118582979894709e+05
6.403565821384601953e-02 5.721629016052983934e+05
6.457710957181021783e-02 5.812056846456520725e+05
6.512313915355188998e-02 5.904208569594597211e+05
6.567378567008848311e-02 5.997493141043846263e+05
6.622908815975711572e-02 6.092340543078227201e+05
6.678908599098230814e-02 6.188571821605669102e+05
6.735381886506690285e-02 6.286167099681553664e+05
6.792332681900685454e-02 6.385434751343101962e+05
6.849765022832951522e-02 6.485837039522965206e+05
6.907682980995621946e-02 6.588232390700461110e+05
6.966090662508885034e-02 6.691815534999186639e+05
7.024992208212081646e-02 6.797116219322222751e+05
7.084391793957291183e-02 6.903977045556842349e+05
7.144293630905368397e-02 7.012232910575590795e+05
7.204701965824493459e-02 7.122459783242936246e+05
7.265621081391256120e-02 7.234030336820979137e+05
7.327055296494271175e-02 7.347423470993110677e+05
7.389008966540373813e-02 7.462516531042509014e+05
7.451486483763392066e-02 7.579050558033317793e+05
7.514492277535543552e-02 7.697731667126313550e+05
7.578030814681449567e-02 7.817940439759187866e+05
7.642106599794823429e-02 7.939835648531939369e+05
7.706724175557812251e-02 8.063808923018083442e+05
7.771888123063062925e-02 8.189381682103394996e+05
7.837603062138498444e-02 8.316822369723715819e+05
7.903873651674839240e-02 8.446319325595949776e+05
7.970704589955902863e-02 8.577513363761436194e+05
8.038100614991687543e-02 8.710659318507285789e+05
8.106066504854267385e-02 8.845929589261581423e+05
8.174607078016556116e-02 8.982995697262050817e+05
8.243727193693897726e-02 9.122010123813482933e+05
8.313431752188571444e-02 9.263314567274899455e+05
8.383725695237194409e-02 9.406511654383995337e+05
8.454614006361073353e-02 9.551640755385739030e+05
8.526101711219512269e-02 9.699151821555347415e+05
8.598193877966109344e-02 9.848733990737660788e+05
8.670895617608062600e-02 1.000034653842246393e+06
8.744212084368523097e-02 1.015412512373052421e+06
8.818148476052002638e-02 1.031034868613609928e+06
8.892710034412869280e-02 1.046870113591238623e+06
8.967902045526976451e-02 1.062922182963231113e+06
9.043729840166410405e-02 1.079205335148415063e+06
9.120198794177425405e-02 1.095740320949110202e+06
9.197314328861554145e-02 1.112502069777468452e+06
9.275081911359969733e-02 1.129494290542887524e+06
9.353507055041074270e-02 1.146720594586175866e+06
9.432595319891370900e-02 1.164212744313027477e+06
9.512352312909638785e-02 1.181950103777893586e+06
9.592783688504448458e-02 1.199931359425510978e+06
9.673895148895035601e-02 1.217109871249629417e+06
9.755692444515554063e-02 1.232238225814257283e+06
9.838181374422763636e-02 1.250927731388823362e+06
9.921367786707153968e-02 1.269882391450551571e+06
1.000525757890754486e-01 1.289097512163506122e+06
1.008985669842920041e-01 1.308576519926584559e+06
1.017517114296546954e-01 1.328323095305901021e+06
1.026120696092299445e-01 1.348341318736469839e+06
1.034797025185051761e-01 1.368637611425318988e+06
1.043546716687131365e-01 1.379388872560207965e+06
1.052370390911926828e-01 1.398446101368918316e+06
1.061268673417866126e-01 1.419433262188110501e+06
1.070242195052765327e-01 1.440706362613292644e+06
1.079291591998553373e-01 1.462268963231734000e+06
1.088417505816373643e-01 1.484124864870426944e+06
1.097620583492068536e-01 1.506277545404264238e+06
1.106901477482047508e-01 1.528730532434454886e+06
1.116260845759544373e-01 1.551486910093117040e+06
1.125699351861260133e-01 1.574551171302430797e+06
1.135217664934411314e-01 1.597925568871946074e+06
1.144816459784165491e-01 1.621616635896374239e+06
1.154496416921482332e-01 1.645627379376124591e+06
1.164258222611359167e-01 1.669957090081544593e+06
1.174102568921484152e-01 1.642752206323577091e+06
1.184030153771300359e-01 1.661880785910899984e+06
1.194041680981485359e-01 1.686376410465913592e+06
1.204137860323848813e-01 1.711195097192670219e+06
1.214319407571651938e-01 1.736340732892401749e+06
1.224587044550353027e-01 1.761816823973084800e+06
1.234941499188781100e-01 1.787625621665977174e+06
1.245383505570742816e-01 1.813775178127998253e+06
1.255913803987066257e-01 1.840265619593037758e+06
1.266533140988083395e-01 1.867099630563517800e+06
1.277242269436557331e-01 1.894280264808289474e+06
1.288041948561057248e-01 1.921810074128344655e+06
1.298932944009784374e-01 1.949693120806764811e+06
1.309916027904851621e-01 1.977931610992049566e+06
1.320991978897025354e-01 2.006528632362366188e+06
1.332161582220927065e-01 2.035487272467117058e+06
1.343425629750703010e-01 2.064810592614152003e+06
1.354784920056165132e-01 2.094501411402683007e+06
1.366240258459405221e-01 2.124573458886177279e+06
1.377792457091888967e-01 2.155021868002410512e+06
1.389442334952032954e-01 2.185846368613924831e+06
1.401190717963266830e-01 2.213261466805422213e+06
1.413038439032587856e-01 2.242458587871745694e+06
1.424986338109611450e-01 2.274345296536294743e+06
1.437035262246117717e-01 2.306635932437365409e+06
1.449186065656105360e-01 2.339315706409280654e+06
1.461439609776350179e-01 2.372387997021349613e+06
1.473796763327480108e-01 2.405854686060302891e+06
1.486258402375555954e-01 2.439728406307001133e+06
1.498825410394190316e-01 2.474011387094134465e+06
1.511498678327176104e-01 2.508696848939087242e+06
1.524279104651651284e-01 2.543786820069534704e+06
1.537167595441797374e-01 2.579299545892162714e+06
1.550165064433075002e-01 2.615227193218518049e+06
1.563272433087004865e-01 2.651566500526246149e+06
1.576490630656494918e-01 2.584661876219958533e+06
1.589820594251719343e-01 2.026346006897371961e+06
1.603263268906555683e-01 2.054896416174819926e+06
1.616819607645584578e-01 2.083791918645548867e+06
1.630490571551653223e-01 2.113035005223989952e+06
1.644277129834013085e-01 2.142617238872179762e+06
1.658180259897031328e-01 2.172557259730441961e+06
1.672200947409485938e-01 2.202844755702720024e+06
1.686340186374442884e-01 2.233484397929432802e+06
1.700598979199728633e-01 2.264484939932203386e+06
1.714978336768994971e-01 2.295835073061293457e+06
1.729479278513386398e-01 2.327557070517058484e+06
1.744102832483813703e-01 2.359631537612977438e+06
1.758850035423837055e-01 2.392077704151885118e+06
1.773721932843167204e-01 2.424883836404086556e+06
1.788719579091787304e-01 2.458063052378597669e+06
1.803844037434701453e-01 2.491607531480159611e+06
1.819096380127314672e-01 2.514103561250058468e+06
1.834477688491452374e-01 2.531705249136308674e+06
1.849989052992019600e-01 2.566022302317610011e+06
1.865631573314311398e-01 2.600706177027223632e+06
1.881406358441974902e-01 2.635770390886305366e+06
1.897314526735630613e-01 2.669973722605786752e+06
1.913357206012162026e-01 2.701655249160731211e+06
1.929535533624665011e-01 2.737784147056844085e+06
1.945850656543091639e-01 2.774288154513949994e+06
1.962303731435557641e-01 2.811175841306081507e+06
1.978895924750348201e-01 2.846640442724774592e+06
1.995628412798612084e-01 2.881425812076850794e+06
2.012502381837757703e-01 2.919400808137607761e+06
2.029519028155552796e-01 2.957757458619799465e+06
2.046679558154936851e-01 2.996495425512591843e+06
2.063985188439547980e-01 3.035616698356158566e+06
2.081437145899976415e-01 3.075122505709186662e+06
2.099036667800744105e-01 3.115010337650762405e+06
2.116785001868021765e-01 3.155280070528260898e+06
2.134683406378087012e-01 3.195932497888221871e+06
2.152733150246529392e-01 3.236969007410664111e+06
2.170935513118212867e-01 3.278385852082083933e+06
2.189291785457994910e-01 3.320183097264627926e+06
2.207803268642215266e-01 3.359178023624287918e+06
2.226471275050957710e-01 3.401696272985185962e+06
2.245297128161091726e-01 3.444591618920852896e+06
2.264282162640101070e-01 3.487862648087149020e+06
2.283427724440705853e-01 3.525503199884222820e+06
2.302735170896283712e-01 3.569451454966366291e+06
2.322205870817099227e-01 3.613768164513938595e+06
2.341841204587346570e-01 3.652772807399259415e+06
2.361642564263011501e-01 3.695119246251124423e+06
2.381611353670563258e-01 3.740434517404512037e+06
2.401748988506478000e-01 3.786108112476018723e+06
2.422056896437606022e-01 3.832136491908685770e+06
2.442536517202386903e-01 3.878515830485806335e+06
2.463189302712919804e-01 3.925242500978265423e+06
2.484016717157898901e-01 3.972312837931938004e+06
2.505020237106415637e-01 4.019721718131696805e+06
2.526201351612644697e-01 4.067463402262534946e+06
2.547561562321400963e-01 4.115533888210248668e+06
2.569102383574614068e-01 4.163927757737718523e+06
2.590825342518678909e-01 4.212640184399951249e+06
2.612731979212724043e-01 4.261664766137893312e+06
2.634823846737798236e-01 4.310995891128548421e+06
2.657102511306973502e-01 4.360621287679151632e+06
2.679569552376384056e-01 4.410538827491354197e+06
2.702226562757203410e-01 4.460741144878502935e+06
2.725075148728565155e-01 4.511221132940075360e+06
2.748116930151443538e-01 4.561961760143457912e+06
2.771353540583491037e-01 4.612963165332120843e+06
2.794786627394854062e-01 4.664216850563953631e+06
2.818417851884960079e-01 4.715701602151913568e+06
2.842248889400300071e-01 4.767418268659812398e+06
2.866281429453199081e-01 4.819353542252963409e+06
2.890517175841598729e-01 4.871489095221531577e+06
2.914957846769845040e-01 4.923826327515110373e+06
2.939605174970504331e-01 4.976333505305076949e+06
2.964460907827204950e-01 5.029018046633587219e+06
2.989526807498519290e-01 5.081847707483552396e+06
3.014804651042890526e-01 5.134826337759544142e+06
3.040296230544621836e-01 5.187919138623128645e+06
3.066003353240923657e-01 5.241130425825811923e+06
3.091927841650041753e-01 5.294428087326651439e+06
3.118071533700461084e-01 5.347806159220316447e+06
3.144436282861212129e-01 5.401249565381560475e+06
3.171023958273267995e-01 5.454725840279072523e+06
3.197836444882061757e-01 5.508234581598021090e+06
3.224875643571120110e-01 5.561756161529484205e+06
3.252143471296824462e-01 5.615255151023518294e+06
3.279641861224321664e-01 5.668729581672233529e+06
3.307372762864560500e-01 5.719270622345306911e+06
3.335338142212525003e-01 5.772162143355876207e+06
3.363539981886600194e-01 1.155063788340013474e+06
3.391980281269133535e-01 1.168672382511818083e+06
3.420661056648183762e-01 1.182371384455491090e+06
3.449584341360464879e-01 1.196158331837398466e+06
3.478752185935501950e-01 1.210032463019093731e+06
3.508166658241002600e-01 1.223991548554249341e+06
3.537829843629461402e-01 1.238033687301010825e+06
3.567743845086000509e-01 1.252156614295755513e+06
3.597910783377462063e-01 1.266358568240458146e+06
3.628332797202761251e-01 1.280636502988763852e+06
3.659012043344509468e-01 1.294988825942095369e+06
3.689950696821922560e-01 1.299929908112250501e+06
3.721150951045016919e-01 1.313056018246417167e+06
3.752615017970113431e-01 1.327530334200732643e+06
3.784345128256657032e-01 1.342068615689259255e+06
3.816343531425357982e-01 1.356668410034372471e+06
3.848612496017672080e-01 1.354791552422050387e+06
3.881154309756633114e-01 1.369378617880422622e+06
3.913971279709038686e-01 1.384019026714167325e+06
3.947065732449013820e-01 1.393011681362014264e+06
3.980440014222951239e-01 1.407706251332540764e+06
4.014096491115852761e-01 1.422444671846104786e+06
4.048037549219071218e-01 1.365447833978232462e+06
4.082265594799475705e-01 1.379745999623203883e+06
4.116783054470043446e-01 1.394083303509648656e+06
4.151592375361896625e-01 1.408455279055340681e+06
4.186696025297791945e-01 1.422858954247440211e+06
4.222096492967079562e-01 1.437289020365342032e+06
4.257796288102136950e-01 1.451742235069397371e+06
4.293797941656302131e-01 1.466215047543378547e+06
4.330104005983306803e-01 1.480700496479758527e+06
4.366717055018209948e-01 1.495196776620234596e+06
4.403639684459907389e-01 1.403079202322010184e+06
4.440874511955134052e-01 1.382554780182077084e+06
4.478424177284048846e-01 1.367481287522336468e+06
4.516291342547383847e-01 1.363553894000793807e+06
4.554478692355173330e-01 1.376920100640144665e+06
4.592988934017083746e-01 1.390290987140566809e+06
4.631824797734345744e-01 1.403663893636455527e+06
4.670989036793314342e-01 1.417033154473901261e+06
4.710484427760667225e-01 1.430394895267432090e+06
4.750313770680245629e-01 1.443743429020491196e+06
4.790479889271569980e-01 1.457074112960568862e+06
4.830985631130024216e-01 1.318091319538294338e+06
4.871833867928740958e-01 1.302320082518684911e+06
4.913027495622187546e-01 1.273565701972215436e+06
4.954569434651477922e-01 1.285665269039322389e+06
4.996462630151417006e-01 1.297757179711755598e+06
5.038710052159298680e-01 1.309836810475340346e+06
5.081314695825468464e-01 1.321899807185060112e+06
5.124279581625661439e-01 1.331909518961539259e+06
5.167607755575148731e-01 1.343914491862551076e+06
5.211302289444676994e-01 1.355289671196070733e+06
5.255366280978250870e-01 1.367223813102013897e+06
5.299802854112743988e-01 1.379112425779353362e+06
5.344615159199370691e-01 1.390953071893293178e+06
5.389806373227038483e-01 1.402736783127822448e+06
5.435379700047576756e-01 1.414459787225037115e+06
5.481338370602873988e-01 1.426112172509614145e+06
5.527685643153942285e-01 1.437690557406810112e+06
5.574424803511909277e-01 1.449186672224737238e+06
5.621559165270972880e-01 1.460593178186901612e+06
5.669092070043300069e-01 1.471904429720802698e+06
5.717026887695964010e-01 1.483113540805102326e+06
5.765367016589828530e-01 1.146110211478339741e+06
5.814115883820486497e-01 1.156275769223586889e+06
5.863276945461218803e-01 1.166406808554672170e+06
5.912853686808022813e-01 1.171462712317998288e+06
5.962849622626693602e-01 1.007006232791197835e+06
6.013268297402014628e-01 9.686135994332875125e+05
6.064113285589038949e-01 9.780285541560468264e+05
6.115388191866506506e-01 9.874440032454059692e+05
6.167096651392396378e-01 9.968568076343262801e+05
6.219242330061641733e-01 1.006109066523527377e+06
6.271828924766030822e-01 1.015506726922336034e+06
6.324860163656292888e-01 1.024891648537115077e+06
6.378339806406414514e-01 9.879187091195727699e+05
6.432271644480175299e-01 9.968481712127035717e+05
6.486659501399951733e-01 1.006146850141275558e+06
6.541507233017785916e-01 1.015431154602981871e+06
6.596818727788744674e-01 1.024697972814897192e+06
6.652597907046600145e-01 1.033943531150886323e+06
6.708848725281826297e-01 1.043164033960978966e+06
6.765575170421962437e-01 1.051772592768276576e+06
6.822781264114331501e-01 1.051364773819540627e+06
6.880471062011163097e-01 1.060479397162505658e+06
6.938648654057117948e-01 1.069554512509171152e+06
6.997318164779243732e-01 1.058593565507173771e+06
7.056483753579392282e-01 1.066971762811914785e+06
7.116149615029094821e-01 1.074186990801680367e+06
7.176319979166942975e-01 1.083072895220233826e+06
7.236999111798476658e-01 1.091902760725432076e+06
7.298191314798612161e-01 1.100672422509209719e+06
7.359900926416623745e-01 1.109376473070827313e+06
7.422132321583716497e-01 1.089652692535875132e+06
7.484889912223153807e-01 1.098257143952739192e+06
7.548178147563091578e-01 1.106789870846147183e+06
7.612001514451979256e-01 1.115246314119853312e+06
7.676364537676660937e-01 1.123621263356088661e+06
7.741271780283163206e-01 1.131908226373077603e+06
7.806727843900198582e-01 1.140102291516342433e+06
7.872737369065393453e-01 1.144258364608453354e+06
7.939305035554284906e-01 1.152255511928444728e+06
8.006435562712094223e-01 1.160143091267310083e+06
8.074133709788311464e-01 1.167913489839962451e+06
8.142404276274095576e-01 1.175560838863433572e+06
8.211252102242546647e-01 1.181700807027976494e+06
8.280682068691838094e-01 1.189086685327122686e+06
8.350699097891258749e-01 1.196329337282300694e+06
8.421308153730180379e-01 1.203421402093902696e+06
8.492514242069977293e-01 1.210355387739494210e+06
8.564322411098913568e-01 1.217123874080718262e+06
8.636737751690041209e-01 1.223718736532223877e+06
8.709765397762118111e-01 1.230132174946951214e+06
8.783410526643579130e-01 1.235432544950220268e+06
8.857678359439585813e-01 1.241463027280572336e+06
8.932574161402180302e-01 1.247288097249986604e+06
9.008103242303566738e-01 1.240638568036928307e+06
9.084270956812549036e-01 1.246083189579819562e+06
9.161082704874151661e-01 1.251299076899304753e+06
9.238543932092455613e-01 1.256279194655146683e+06
9.316660130116664051e-01 1.261013474844667362e+06
9.395436837030435306e-01 1.265492087039843434e+06
9.474879637744506589e-01 1.269705412644290831e+06
9.554994164392641709e-01 1.270405945485852659e+06
9.635786096730933892e-01 1.224824780793018406e+06
9.717261162540429265e-01 1.228522400555604603e+06
9.799425138033267535e-01 1.155909148475617170e+06
9.882283848262146675e-01 1.159568615852270275e+06
9.965843167533299241e-01 1.162973784773308318e+06
1.005010901982295923e+00 1.090356491048319032e+06
1.013508737919734282e+00 1.093759369578936603e+06
1.022078427023617841e+00 1.096936826183911879e+06
1.030720576845983505e+00 1.099865929481140804e+06
1.039435800076002892e+00 1.100433210770737613e+06
1.048224714583421147e+00 1.089894673444430809e+06
1.057087943462360125e+00 1.091995329973930260e+06
1.066026115075493053e+00 1.093999119092061883e+06
1.075039863098592230e+00 1.094657460771468701e+06
1.084129826565455090e+00 1.093590862119017635e+06
1.093296649913207297e+00 1.094745870019342517e+06
1.102540983027990640e+00 1.095587271188902436e+06
1.111863481291038180e+00 1.059251143166497350e+06
1.121264805625136418e+00 1.059806906483757775e+06
1.130745622541482476e+00 1.060040217588637955e+06
1.140306604186936745e+00 1.059942998175895074e+06
1.149948428391674105e+00 1.058660294169282075e+06
1.159671778717240587e+00 7.343914120154902339e+05
1.169477344505013505e+00 7.368202258109454997e+05
1.179365820925073027e+00 7.390930825247331522e+05
1.189337909025486306e+00 7.407441493424088694e+05
1.199394315782009723e+00 7.426966473314600298e+05
1.209535754148208797e+00 7.444778213644196512e+05
1.219762943106004194e+00 7.460809693860997213e+05
1.230076607716643622e+00 7.475012153015340446e+05
1.240477479172106490e+00 7.487313528961787233e+05
1.250966294846941107e+00 7.497647140487908619e+05
1.261543798350541534e+00 7.485867357201798586e+05
1.272210739579867189e+00 7.492342989812794840e+05
1.282967874772602990e+00 7.496669633827492362e+05
1.293815966560778907e+00 6.769863179538194090e+05
1.304755784024833831e+00 6.781284653587526409e+05
1.315788102748140620e+00 6.790912348405169323e+05
1.326913704871990785e+00 6.798693647862236248e+05
1.338133379151045688e+00 6.804565640043125022e+05
1.349447921009255147e+00 6.808478655444477918e+05
1.360858132596249215e+00 6.810372777591580525e+05
1.372364822844207799e+00 6.810197883480869932e+05
1.383968807525208788e+00 6.807884826429986861e+05
1.395670909309064234e+00 6.803387790639312007e+05
1.407471957821643249e+00 6.796649602747190511e+05
1.419372789703687854e+00 6.787600267188989092e+05
1.431374248670128413e+00 6.776190854585064808e+05
1.443477185569898458e+00 6.762350992804405978e+05
1.455682458446255989e+00 6.746022631225113291e+05
1.467990932597615039e+00 6.727138722261256771e+05
1.480403480638891267e+00 6.705624581129038706e+05
1.492920982563366472e+00 6.681404342088742414e+05
1.505544325805075800e+00 6.654413177739480743e+05
1.518274405301724084e+00 6.624578653658191906e+05
1.531112123558130644e+00 5.829191251326143974e+05
1.544058390710214557e+00 5.810273750968038803e+05
1.557114124589518811e+00 5.788993685859270627e+05
1.570280250788279819e+00 5.765298677017260343e+05
1.583557702725048255e+00 5.739137175129781244e+05
1.596947421710863901e+00 5.710455732312605251e+05
1.610450357015990708e+00 5.679207607800345868e+05
1.624067465937214960e+00 5.645336836933698505e+05
1.637799713865714102e+00 5.608796314255968900e+05
1.651648074355500206e+00 5.569532796862757532e+05
1.665613529192432996e+00 5.527491927836955292e+05
1.679697068463835041e+00 5.482619866655134829e+05
1.693899690628677179e+00 5.434861153553217882e+05
1.708222402588366551e+00 5.384163756215260364e+05
1.722666219758131056e+00 5.330482098720467184e+05
1.737232166139008882e+00 4.654725697471163003e+05
1.751921274390443317e+00 4.610539137045652024e+05
1.766734585903495969e+00 4.563772593002089998e+05
1.781673150874675038e+00 4.514360226206991938e+05
1.796738028380390428e+00 4.462256463904631673e+05
1.811930286452036354e+00 3.577791757531407056e+05
1.827251002151711656e+00 3.544737120767228189e+05
1.842701261648576727e+00 3.509684109655963839e+05
1.858282160295859242e+00 3.472604135777050979e+05
1.873994802708509155e+00 3.433467072785724886e+05
1.889840302841511166e+00 3.392247404255149886e+05
1.905819784068858880e+00 3.348917641937346780e+05
1.921934379263196879e+00 3.303456054477916914e+05
1.938185230876136478e+00 3.255843091920793522e+05
1.954573491019250264e+00 3.124319405769722653e+05
1.971100321545751433e+00 3.074903670248604030e+05
1.987766894132864337e+00 3.023370607922511990e+05
2.004574390364890046e+00 2.969705697137619718e+05
2.021524001816977112e+00 2.913893988568410859e+05
2.038616930139596217e+00 2.855926696601317963e+05
2.055854387143734918e+00 2.795803551632165327e+05
2.073237594886806701e+00 2.342805230847117782e+05
2.090767785759290565e+00 2.291347846004005696e+05
2.108446202572102912e+00 2.238179042424486543e+05
2.126274098644705290e+00 2.183311283111392695e+05
2.144252737893959093e+00 2.126757871568190749e+05
2.162383394923734325e+00 2.068523396615407546e+05
2.180667355115271100e+00 2.008597761702809366e+05
2.199105914718302746e+00 1.946944806614515546e+05
2.217700380942964067e+00 1.883497217512516363e+05
2.236452072052459439e+00 1.818180211795503856e+05
2.255362317456524490e+00 0.000000000000000000e+00
2.274432457805672492e+00 0.000000000000000000e+00
2.293663845086242770e+00 0.000000000000000000e+00
2.313057842716250700e+00 0.000000000000000000e+00
2.332615825642045948e+00 0.000000000000000000e+00
2.352339180435790489e+00 0.000000000000000000e+00
2.372229305393761756e+00 0.000000000000000000e+00
2.392287610635484008e+00 0.000000000000000000e+00
2.412515518203699028e+00 0.000000000000000000e+00
2.432914462165184588e+00 0.000000000000000000e+00
2.453485888712421126e+00 0.000000000000000000e+00
2.474231256266120837e+00 0.000000000000000000e+00
2.495152035578624083e+00 0.000000000000000000e+00
2.516249709838167536e+00 0.000000000000000000e+00
2.537525774774036069e+00 0.000000000000000000e+00
2.558981738762604596e+00 0.000000000000000000e+00
2.580619122934272092e+00 0.000000000000000000e+00
2.602439461281305988e+00 0.000000000000000000e+00
2.624444300766592963e+00 0.000000000000000000e+00
2.646635201433312545e+00 0.000000000000000000e+00
2.669013736515537083e+00 0.000000000000000000e+00
2.691581492549767418e+00 0.000000000000000000e+00
2.714340069487409579e+00 0.000000000000000000e+00
2.737291080808205379e+00 0.000000000000000000e+00
2.760436153634620027e+00 0.000000000000000000e+00
2.783776928847199184e+00 0.000000000000000000e+00
2.807315061200897688e+00 0.000000000000000000e+00
2.831052219442399043e+00 0.000000000000000000e+00
2.854990086428408791e+00 0.000000000000000000e+00
2.879130359244980397e+00 0.000000000000000000e+00
2.903474749327818127e+00 0.000000000000000000e+00
2.928024982583613323e+00 0.000000000000000000e+00
2.952782799512403855e+00 0.000000000000000000e+00
2.977749955330966536e+00 0.000000000000000000e+00
3.002928220097254908e+00 0.000000000000000000e+00
3.028319378835888642e+00 0.000000000000000000e+00
3.053925231664702533e+00 0.000000000000000000e+00
3.079747593922367965e+00 0.000000000000000000e+00
3.105788296297090856e+00 0.000000000000000000e+00
3.132049184956399390e+00 0.000000000000000000e+00
3.158532121678030880e+00 0.000000000000000000e+00
3.185238983981919958e+00 0.000000000000000000e+00
3.212171665263309439e+00 0.000000000000000000e+00
3.239332074926981608e+00 0.000000000000000000e+00
3.266722138522625940e+00 0.000000000000000000e+00
3.294343797881353453e+00 0.000000000000000000e+00
3.322199011253363476e+00 0.000000000000000000e+00
3.350289753446773044e+00 0.000000000000000000e+00
3.378618015967623567e+00 0.000000000000000000e+00
3.407185807161068780e+00 0.000000000000000000e+00
3.435995152353756854e+00 0.000000000000000000e+00
3.465048093997418643e+00 0.000000000000000000e+00
3.494346691813666084e+00 0.000000000000000000e+00
3.523893022940018049e+00 0.000000000000000000e+00
3.553689182077160780e+00 0.000000000000000000e+00
3.583737281637450423e+00 0.000000000000000000e+00
3.614039451894676791e+00 0.000000000000000000e+00
3.644597841135086558e+00 0.000000000000000000e+00
3.675414615809689423e+00 0.000000000000000000e+00
3.706491960687848586e+00 0.000000000000000000e+00
3.737832079012174624e+00 0.000000000000000000e+00
3.769437192654712110e+00 0.000000000000000000e+00
3.801309542274479369e+00 0.000000000000000000e+00
3.833451387476309868e+00 0.000000000000000000e+00
3.865865006971049400e+00 0.000000000000000000e+00
3.898552698737105526e+00 0.000000000000000000e+00
3.931516780183367032e+00 0.000000000000000000e+00
3.964759588313494731e+00 0.000000000000000000e+00
3.998283479891604930e+00 0.000000000000000000e+00
4.032090831609354886e+00 0.000000000000000000e+00
4.066184040254437804e+00 0.000000000000000000e+00
4.100565522880504687e+00 0.000000000000000000e+00
4.135237716978522826e+00 0.000000000000000000e+00
4.170203080649582006e+00 0.000000000000000000e+00
4.205464092779163998e+00 0.000000000000000000e+00
4.241023253212882871e+00 0.000000000000000000e+00
4.276883082933713887e+00 0.000000000000000000e+00
4.313046124240718981e+00 0.000000000000000000e+00
4.349514940929283924e+00 0.000000000000000000e+00
4.386292118472880475e+00 0.000000000000000000e+00
4.423380264206365986e+00 0.000000000000000000e+00
4.460782007510828429e+00 0.000000000000000000e+00
4.498499999999999943e+00 0.000000000000000000e+00
