1.000000000000000021e-03 1.786131487441502104e+05
1.008455466423973127e-03 1.817219671756840835e+05
1.016982427760393338e-03 1.849985945187124598e+05
1.025581488532091969e-03 1.883029272742235917e+05
1.034253258373423520e-03 1.916351997044026502e+05
1.042998352073484791e-03 1.949956480522305937e+05
1.051817389619701332e-03 1.983845105582330434e+05
1.060710996241781860e-03 2.018020274773705460e+05
1.069679802456043483e-03 2.052484410960711830e+05
1.078724444110112706e-03 2.087239957494077971e+05
1.087845562428004821e-03 2.122289378384203883e+05
1.097043804055582985e-03 2.157635158475846110e+05
1.106319821106402845e-03 2.193279803624282940e+05
1.115674271207943999e-03 2.229225840872966219e+05
1.125107817548233512e-03 2.265475818632680748e+05
1.134621128922862340e-03 2.302032306862212426e+05
1.144214879782400095e-03 2.338897897250546957e+05
1.153889750280211830e-03 2.377722336278033326e+05
1.163646426320672942e-03 2.419454521813961037e+05
1.173485599607803666e-03 2.461539572443486541e+05
1.183407967694303413e-03 2.503980471805561101e+05
1.193414234031004925e-03 2.546780228767195367e+05
1.203505108016745618e-03 2.589941877636772115e+05
1.213681305048661552e-03 2.633468478379170410e+05
1.223943546572904247e-03 2.677363116832693922e+05
1.234292560135790079e-03 2.721628904927854892e+05
1.244729079435378171e-03 2.766268980907985242e+05
1.255253844373486940e-03 2.813113368179702084e+05
1.265867601108150182e-03 2.862273748740788433e+05
1.276571102106515733e-03 2.911849803249099641e+05
1.287365106198191684e-03 2.961845046421737643e+05
1.298250378629045142e-03 3.012263022694381070e+05
1.309227691115453542e-03 3.063107306472562486e+05
1.320297821899016084e-03 3.114381502385080676e+05
1.331461555801728138e-03 3.166089245539554395e+05
1.342719684281620546e-03 3.218234201780128642e+05
1.354073005488871636e-03 3.272227000627796515e+05
1.365522324322391299e-03 3.329311972120315768e+05
1.377068452486884939e-03 3.386879623672602465e+05
1.388712208550400536e-03 3.444934036569697782e+05
1.400454418002360134e-03 3.503479326605807291e+05
1.412295913312083774e-03 3.562519644376098295e+05
1.424237533987808687e-03 3.622059175570957595e+05
1.436280126636204843e-03 3.682102141272733570e+05
1.448424545022397245e-03 3.742652798254997469e+05
1.460671650130492601e-03 3.807456472345382208e+05
1.473022310224620561e-03 3.873406005077274167e+05
1.485477400910489723e-03 3.939913171868865611e+05
1.498037805197459296e-03 4.006982687776208622e+05
1.510704413561148735e-03 4.074619307723377133e+05
1.523478124006563033e-03 4.142827826839541085e+05
1.536359842131758153e-03 4.211613080798920710e+05
1.549350481192044012e-03 4.280979946163618588e+05
1.562450962164730001e-03 4.355299768819814199e+05
1.575662213814418454e-03 4.430515217669786653e+05
1.588985172758849334e-03 4.506366648222072981e+05
1.602420783535303062e-03 4.582859437998606008e+05
1.615969998667562578e-03 4.659999009990769555e+05
1.629633778733443955e-03 4.737790833043872262e+05
1.643413092432897092e-03 4.816240422244860674e+05
1.657308916656681464e-03 4.897900051802224480e+05
1.671322236555623222e-03 4.982632426970381057e+05
1.685454045610459061e-03 5.068081253891796223e+05
1.699705345702267950e-03 5.154252590500212973e+05
1.714077147183501112e-03 5.241152545952030923e+05
1.728570468949610934e-03 5.328787281059416709e+05
1.743186338511285927e-03 5.417163008727077395e+05
1.757925792067296759e-03 5.509047843394638039e+05
1.772789874577958107e-03 5.604170181375917746e+05
1.787779639839211752e-03 5.700096823092169361e+05
1.802896150557335058e-03 5.796834569306616904e+05
1.818140478424283037e-03 5.894390278286112007e+05
1.833513704193665992e-03 5.992770866287348326e+05
1.849016917757370084e-03 6.091983308047200553e+05
1.864651218222825816e-03 6.197166238108120160e+05
1.880417713990929643e-03 6.303623725948330248e+05
1.896317522834624347e-03 6.410981361502553336e+05
1.912351771978144455e-03 6.519246755939562572e+05
1.928521598176931046e-03 6.628427584784110077e+05
1.944828147798223104e-03 6.738531588461095234e+05
1.961272576902328875e-03 6.853503504465221195e+05
1.977856051324585699e-03 6.971320935563826934e+05
1.994579746758012861e-03 7.090134567995246034e+05
2.011444848836664405e-03 7.209952825106414966e+05
2.028452553219676699e-03 7.330784201467551757e+05
2.045604065676048279e-03 7.452637263474471401e+05
2.062900602170114877e-03 7.580026599694391480e+05
2.080343388947758238e-03 7.710089071209100075e+05
2.097933662623340488e-03 7.841251281584720127e+05
2.115672670267375322e-03 7.973522529626266332e+05
2.133561669494938619e-03 8.106912192764482461e+05
2.151601928554829329e-03 8.241958033852790250e+05
2.169794726419480187e-03 8.384012327425711555e+05
2.188141352875634313e-03 8.527267756308325334e+05
2.206643108615781619e-03 8.671734476659906795e+05
2.225301305330374107e-03 8.817422730514801806e+05
2.244117265800818321e-03 8.964342846508531366e+05
2.263092323993255803e-03 9.117071111118668923e+05
2.282227825153131974e-03 9.273211044268250698e+05
2.301525125900571664e-03 9.430671213380022673e+05
2.320985594326554352e-03 9.589462781664830400e+05
2.340610610089908193e-03 9.749597006723684026e+05
2.360401564515118497e-03 9.914702671736996854e+05
2.380359860690969744e-03 1.008456479017618462e+06
2.400486913570015930e-03 1.025586317205454339e+06
2.420784150068893987e-03 1.042860996164935059e+06
2.441253009169487651e-03 1.060281740592342569e+06
2.461894942020943951e-03 1.078263596827913076e+06
2.482711412042551413e-03 1.096710508486551931e+06
2.503703895027492143e-03 1.115313397387346486e+06
2.524873879247470365e-03 1.134073582390632713e+06
2.546222865558214407e-03 1.152992393508319743e+06
2.567752367505894175e-03 1.172689984835414449e+06
2.589463911434418137e-03 1.192691192654179176e+06
2.611359036593641908e-03 1.212861520014093723e+06
2.633439295248498398e-03 1.233202396899760701e+06
2.655706252789043469e-03 1.253911604891552590e+06
2.678161487841437035e-03 1.275384335754692089e+06
2.700806592379857880e-03 1.297038628572675399e+06
2.723643171839371276e-03 1.318876018536516232e+06
2.746672845229742883e-03 1.340898053817983717e+06
2.769897245250221504e-03 1.363799097006291384e+06
2.793318018405290676e-03 1.387014725998399314e+06
2.816936825121395607e-03 1.410426653961961390e+06
2.840755339864663252e-03 1.434036540696339915e+06
2.864775251259611601e-03 1.458359178986358689e+06
2.888998262208866425e-03 1.483216974498552270e+06
2.913426090013890215e-03 1.508284954266072949e+06
2.938060466496729851e-03 1.533564895494834986e+06
2.962903138122795991e-03 1.559505836872349959e+06
2.987955866124678093e-03 1.586090248925806955e+06
3.013220426627008508e-03 1.612899444582782453e+06
3.038698610772383457e-03 1.639935324493489927e+06
3.064392224848343053e-03 1.667698676676701522e+06
3.090303090415432927e-03 1.696098112383755855e+06
3.116433044436340942e-03 1.724737678565890528e+06
3.142783939406132866e-03 1.753619405638275668e+06
3.169357643483583509e-03 1.783416876201055711e+06
3.196156040623621564e-03 1.813723574432457099e+06
3.223181030710893340e-03 1.844286529933175771e+06
3.250434529694456662e-03 1.875119566780099645e+06
3.277918469723611027e-03 1.907159283877320588e+06
3.305634799284880472e-03 1.939469911726691062e+06
3.333585483340150910e-03 1.972053741004979005e+06
3.361772503465977960e-03 2.005319406981917564e+06
3.390197857994070498e-03 2.039446088476322126e+06
3.418863562152965087e-03 2.073861326980264857e+06
3.447771648210894765e-03 2.108567562377850525e+06
3.476924165619868674e-03 2.144500408853891771e+06
3.506323181160972066e-03 2.180818767417709343e+06
3.535970779090877140e-03 2.217444214642932173e+06
3.565869061289630212e-03 2.254927318524301518e+06
3.596020147409649276e-03 2.293222498382599559e+06
3.626426175026002674e-03 2.331841481848389842e+06
3.657089299787952361e-03 2.371029708408540580e+06
3.688011695571780883e-03 2.411378307941025123e+06
3.719195554634908540e-03 2.452068073702110909e+06
3.750643087771314207e-03 2.493120733173748478e+06
3.782356524468271503e-03 2.535601827023512684e+06
3.814338113064408547e-03 2.578442118335977197e+06
3.846590120909105636e-03 2.621644644293227699e+06
3.879114834523239488e-03 2.666218216480586212e+06
3.911914559761286644e-03 2.711291371583358850e+06
3.944991621974799911e-03 2.756745641235725954e+06
3.978348366177263465e-03 2.803562514462095220e+06
4.011987157210343546e-03 2.850953649786638562e+06
4.045910379911547318e-03 2.898745499264713377e+06
4.080120439283294216e-03 2.947980601292407140e+06
4.114619760663420188e-03 2.997778257982269395e+06
4.149410789897126084e-03 3.047996977086266503e+06
4.184495993510373678e-03 3.099829173943369649e+06
4.219877858884750130e-03 3.152123659320728388e+06
4.255558894433822577e-03 3.205048817683634348e+06
4.291541629780948157e-03 3.259473894636764657e+06
4.327828615938643549e-03 3.314359161000693217e+06
4.364422425489422955e-03 3.370202989690208342e+06
4.401325652768184327e-03 3.427294425198196433e+06
4.438540914046137757e-03 3.484868595422219019e+06
4.476070847716285585e-03 3.543825469397594687e+06
4.513918114480475891e-03 3.603682963641877286e+06
4.552085397538029390e-03 3.664114958051399328e+06
4.590575402775970947e-03 3.726314574447210412e+06
4.629390858960860493e-03 3.789040117611040361e+06
4.668534517932252000e-03 3.852930861079146154e+06
4.708009154797787414e-03 3.918081018078556284e+06
4.747817568129938590e-03 3.983782050042992923e+06
4.787962580164411078e-03 4.051340397619426716e+06
4.828447037000231472e-03 4.119549120131061878e+06
4.869273808801519166e-03 4.188993641187681351e+06
4.910445790000972886e-03 4.259775919311879203e+06
4.951965899505065931e-03 4.331220756665486842e+06
4.993837080900990870e-03 4.404642655804279260e+06
5.036062302665341578e-03 4.478685371346024796e+06
5.078644558374565549e-03 4.554333426235850900e+06
5.121586866917195169e-03 4.631106781837889925e+06
5.164892272707875299e-03 4.709036165178786032e+06
5.208563845903194968e-03 4.788609772391653620e+06
5.252604682619350061e-03 4.868941956320415251e+06
5.297017905151642225e-03 4.951387349025154486e+06
5.341806662195836518e-03 5.034529855979720131e+06
5.386974129071389096e-03 5.119637712404740043e+06
5.432523507946564884e-03 5.205751508358657360e+06
5.478458028065451291e-03 5.293562407092226669e+06
5.524780945976905285e-03 5.382721440328383818e+06
5.571495545765419062e-03 5.473365422958420590e+06
5.618605139283954636e-03 5.565648289056730457e+06
5.666113066388733452e-03 5.659257823152341880e+06
5.714022695176019205e-03 5.754742575320199132e+06
5.762337422220899924e-03 5.851452047675441019e+06
5.811060672818092743e-03 5.950220048453635536e+06
5.860195901224777432e-03 6.050167003400422633e+06
5.909746590905488178e-03 6.152299816240249202e+06
5.959716254779079229e-03 6.255623465332685038e+06
6.010108435467777406e-03 6.361205663353392854e+06
6.060926705548312816e-03 6.468048885174880736e+06
6.112174667805238791e-03 6.577167356307883747e+06
6.163855955486324811e-03 6.687675722292945720e+06
6.215974232560146466e-03 6.800417586734749377e+06
6.268533193975841210e-03 6.914738405915126204e+06
6.321536565925065486e-03 7.031193970760923810e+06
6.374988106106162754e-03 7.149478592044937424e+06
6.428891603990571912e-03 7.269740620766276494e+06
6.483250881091476986e-03 7.392142061072307639e+06
6.538069791234740573e-03 7.516302683979715221e+06
6.593352220832118457e-03 7.642979149162223563e+06
6.649102089156793544e-03 7.771137926925528795e+06
6.705323348621228252e-03 7.902246288375566714e+06
6.762019985057378738e-03 8.034900385028386489e+06
6.819196017999266599e-03 8.170203343326400034e+06
6.876855500967950577e-03 8.307553528492960148e+06
6.935002521758900848e-03 8.447117110669119284e+06
6.993641202731801926e-03 8.589330229041421786e+06
7.052775701102816271e-03 8.733349847357358783e+06
7.112410209239304268e-03 8.880506422719556838e+06
7.172548954957050880e-03 9.029663081068551168e+06
7.233196201819994640e-03 9.181360587880458683e+06
7.294356249442500613e-03 9.335829697794334963e+06
7.356033433794160852e-03 9.492377854784421623e+06
7.418232127507230766e-03 9.652139149410415441e+06
7.480956740186606863e-03 9.814288183476403356e+06
7.544211718722450798e-03 9.978888178271582350e+06
7.608001547605452823e-03 1.014682279596710578e+07
7.672330749244766698e-03 1.031712184963223524e+07
7.737203884288623018e-03 1.049028402338485979e+07
7.802625551947659985e-03 1.066667113216372207e+07
7.868600390320988971e-03 1.084560416340082139e+07
7.935133076725008755e-03 1.102765079874029383e+07
8.002228328025016990e-03 1.121298122222364694e+07
8.069890900969598976e-03 1.140104484434856474e+07
8.138125592527873514e-03 1.159231110733398981e+07
8.206937240229569830e-03 1.178709302883398905e+07
8.276330722507985876e-03 1.198479905516964570e+07
8.346310959045848826e-03 1.218562676966449618e+07
8.416882911124100308e-03 1.239037993033414707e+07
8.488051581973623735e-03 1.259825482947757095e+07
8.559822017129953622e-03 1.280932551480001770e+07
8.632199304790982505e-03 1.302426178440912254e+07
8.705188576177686280e-03 1.324284608336381614e+07
8.778795005897911327e-03 1.346483090643507801e+07
8.853023812313225160e-03 1.369029302464117482e+07
8.927880257908873962e-03 1.392004877205880545e+07
9.003369649666874766e-03 1.415351224781560712e+07
9.079497339442252693e-03 1.439066483955763839e+07
9.156268724342459669e-03 1.463158622150067426e+07
9.233689247110012793e-03 1.487690383461564220e+07
9.311764396508354080e-03 1.512633143309359252e+07
9.390499707710978430e-03 1.537974875005247071e+07
9.469900762693859303e-03 1.563723938460144773e+07
9.549973190631173836e-03 1.589889142806893960e+07
9.630722668294400268e-03 1.616541090534724109e+07
9.712154920454759907e-03 1.643623322750966623e+07
9.794275720289090381e-03 1.671144318623687513e+07
9.877090889789131092e-03 1.699112651748235896e+07
9.960606300174274647e-03 1.727537031114687398e+07
1.004482787230781722e-02 1.756443740793990344e+07
1.012976157711670613e-02 1.787612469061039761e+07
1.021541343601486962e-02 1.819179400350878760e+07
1.030178952133009758e-02 1.851013244768347219e+07
1.038889595673454271e-02 1.883116259188433364e+07
1.047673891767886278e-02 1.915490719569057226e+07
1.056532463183003367e-02 1.948138921112424880e+07
1.065465937951284858e-02 1.981063178427743912e+07
1.074474949415519034e-02 2.014265825695327297e+07
1.083560136273702297e-02 2.047749216832068563e+07
1.092722142624320304e-02 2.081515725658327341e+07
1.101961618012012312e-02 2.115567746066221222e+07
1.111279217473619928e-02 2.149907692189342529e+07
1.120675601584627222e-02 2.184537998573908582e+07
1.130151436505992014e-02 2.219461120351361856e+07
1.139707394031373375e-02 2.254679533412424102e+07
1.149344151634759670e-02 2.290195734582630545e+07
1.159062392518497332e-02 2.329608618054516241e+07
1.168862805661727462e-02 2.369621523884740844e+07
1.178746085869231131e-02 2.409972757496737689e+07
1.188712933820688239e-02 2.450665179609707743e+07
1.198764056120351675e-02 2.491701675131563470e+07
1.208900165347143174e-02 2.533085153363462165e+07
1.219121980105172115e-02 2.574818548206060380e+07
1.229430225074679139e-02 2.616904818367506191e+07
1.239825631063415888e-02 2.659346947573212162e+07
1.250308935058453905e-02 2.702243880634154007e+07
1.260880880278434160e-02 2.748799586107735336e+07
1.271542216226258237e-02 2.795748941785793751e+07
1.282293698742223778e-02 2.843095276164414734e+07
1.293136090057610960e-02 2.890841945883672312e+07
1.304070158848721038e-02 2.938992335965598002e+07
1.315096680291371646e-02 2.987549860054162145e+07
1.326216436115854047e-02 3.036517960657289252e+07
1.337430214662352866e-02 3.085900109390910715e+07
1.348738810936837666e-02 3.135699807225093618e+07
1.360143026667423594e-02 3.189142577694062889e+07
1.371643670361211154e-02 3.243444848700860143e+07
1.383241557361606332e-02 3.298206270736904442e+07
1.394937509906121753e-02 3.353430726138300821e+07
1.406732357184673626e-02 3.409122130068125576e+07
1.418626935398365277e-02 3.465284430793982744e+07
1.430622087818770108e-02 3.521921609967920929e+07
1.442718664847716069e-02 3.579037682908712327e+07
1.454917524077575276e-02 3.638182754727104306e+07
1.467219530352063296e-02 3.700144394873909652e+07
1.479625555827552945e-02 3.762629949588551372e+07
1.492136480034905385e-02 3.825643848813065141e+07
1.504753189941825976e-02 3.889190559946715832e+07
1.517476580015745570e-02 3.953274588162711263e+07
1.530307552287234370e-02 4.017900476727599651e+07
1.543247016413951643e-02 4.083072807323367894e+07
1.556295889745136496e-02 4.150758080822900683e+07
1.569455097386644044e-02 4.221144298113077879e+07
1.582725572266530101e-02 4.292125663700260222e+07
1.596108255201194454e-02 4.363707209840899706e+07
1.609604094962074558e-02 4.435894011341502517e+07
1.623214048342916035e-02 4.508691185918447375e+07
1.636939080227601054e-02 4.582103894560787082e+07
1.650780163658555066e-02 4.623941590214893967e+07
1.664738279905730867e-02 4.115099012494151294e+07
1.678814418536176550e-02 3.601953933442404121e+07
1.693009577484191203e-02 3.084469973404106498e+07
1.707324763122073513e-02 2.562610445116768777e+07
1.721760990331470259e-02 2.036338351109953225e+07
1.736319282575324655e-02 1.505616381082398444e+07
1.751000671970437406e-02 1.007663523296580091e+07
1.765806199360638040e-02 1.024726250272668153e+07
1.780736914390575534e-02 1.041933250563803688e+07
1.795793875580134480e-02 1.059285744068158232e+07
1.810978150399479916e-02 1.076784960998712108e+07
1.826290815344731866e-02 1.094432141970467195e+07
1.841732956014289699e-02 1.112228538088406622e+07
1.857305667185793485e-02 1.130605438406322151e+07
1.873010052893737953e-02 1.149629721686870418e+07
1.888847226507744947e-02 1.168814864155937359e+07
1.904818310811496121e-02 1.188162225952991098e+07
1.920924438082331764e-02 1.207673178718111850e+07
1.937166750171526522e-02 1.227349105689238012e+07
1.953546398585239222e-02 1.226095271433840133e+07
1.970064544566150350e-02 1.147567536482095532e+07
1.986722359175789251e-02 1.068375812904116325e+07
2.003521023377556956e-02 9.885144863663658500e+06
2.020461728120450176e-02 9.079778950635019690e+06
2.037545674423495504e-02 8.267603293169748969e+06
2.054774073460894843e-02 7.710505530889181420e+06
2.072148146647894221e-02 7.839823731815253384e+06
2.089669125727374593e-02 7.970235378447269090e+06
2.107338252857175742e-02 8.101749716378670186e+06
2.125156780698163675e-02 8.234376069378720596e+06
2.143125972503035978e-02 8.368123840053497814e+06
2.161247102205880385e-02 8.506619919341214001e+06
2.179521454512491421e-02 8.648521867755912244e+06
2.197950324991450669e-02 8.791623663330925629e+06
2.216535020165976907e-02 8.935935451333636418e+06
2.235276857606550982e-02 9.081467462814386934e+06
2.254177166024327189e-02 9.229560345240345225e+06
2.273237285365332927e-02 9.383648613595161587e+06
2.292458566905463541e-02 9.539039770129382610e+06
2.311842373346282078e-02 9.695744831370256841e+06
2.331390078911630206e-02 9.853774906994923949e+06
2.351103069445051319e-02 1.001348687681893259e+07
2.370982742508045624e-02 1.018048750588252395e+07
2.391030507479141934e-02 1.034890020315792784e+07
2.411247785653827455e-02 1.051873690834051929e+07
2.431636010345302953e-02 1.069000966208134033e+07
2.452196626986101816e-02 1.086341625996911153e+07
2.472931093230562941e-02 1.104409927638093010e+07
2.493840879058173074e-02 1.122631005197140016e+07
2.514927466877781362e-02 1.141006150465696491e+07
2.536192351632694103e-02 1.159536666158106551e+07
2.557637040906661843e-02 1.178460679678033292e+07
2.579263055030758117e-02 1.197977359393890202e+07
2.601071927191165103e-02 1.217659061739791930e+07
2.623065203537869317e-02 1.237507182059046067e+07
2.645244443294276007e-02 1.257523127493238635e+07
2.667611218867752335e-02 1.278249965170673653e+07
2.690167115961102778e-02 1.299299949981153384e+07
2.712913733684988241e-02 1.320527922231422737e+07
2.735852684671298898e-02 1.341935386888305098e+07
2.758985595187473869e-02 1.363797455999579467e+07
2.782314105251806891e-02 1.386279571706550755e+07
2.805839868749710614e-02 1.408951784188022651e+07
2.829564553550968989e-02 1.431815700800888799e+07
2.853489841627983650e-02 1.454978028259984404e+07
2.877617429175017769e-02 1.478958845040008239e+07
2.901949026728447081e-02 1.503142430811134912e+07
2.926486359288030942e-02 1.527530500079760328e+07
2.951231166439206161e-02 1.552161302843614295e+07
2.976185202476416131e-02 1.577709832299260050e+07
3.001350236527481133e-02 1.603474386487899534e+07
3.026728052679023007e-02 1.629456791999409720e+07
3.052320450102948349e-02 1.655727352376077138e+07
3.078129243184000302e-02 1.682915748823735118e+07
3.104156261648394199e-02 1.710334035844680294e+07
3.130403350693528042e-02 1.737984157270931453e+07
3.156872371118810139e-02 1.766069358745125309e+07
3.183565199457574074e-02 1.794971993808585033e+07
3.210483728110116730e-02 1.824119014132387191e+07
3.237629865477863883e-02 1.853512486107896268e+07
3.265005536098664757e-02 1.883590331937941164e+07
3.292612680783233575e-02 1.914285365352790803e+07
3.320453256752744359e-02 1.945239939592061937e+07
3.348529237777589374e-02 1.976456249194481969e+07
3.376842614317310254e-02 2.008708335650206357e+07
3.405395393661712206e-02 2.041276082164383307e+07
3.434189600073171700e-02 2.074119204165715352e+07
3.463227274930148064e-02 1.952915002398899570e+07
3.492510476871907993e-02 1.644404936207150668e+07
3.522041281944472690e-02 1.333286273509261757e+07
3.551821783747801525e-02 1.039645507138655707e+07
3.581854093584219134e-02 1.056564639389005303e+07
3.612140340608091527e-02 1.073626830794019811e+07
3.642682671976782416e-02 1.090833290985578857e+07
3.673483253002870347e-02 1.108494451022135280e+07
3.704544267307664090e-02 1.126402282824494503e+07
3.735867916976005898e-02 1.144461533697384223e+07
3.767456422712395225e-02 1.162900990813311934e+07
3.799312023998421828e-02 1.181682338695517741e+07
3.831436979251538061e-02 1.200622491634138487e+07
3.863833565985168306e-02 1.219901336264048330e+07
3.896504080970176337e-02 1.239585108247265778e+07
3.929450840397694100e-02 1.259435315703584440e+07
3.962676180043329943e-02 1.279615554956556298e+07
3.996182455432764624e-02 1.300231911276069097e+07
4.029972042008746896e-02 1.321022588504226133e+07
4.064047335299504626e-02 1.342166585906785913e+07
4.098410751088566589e-02 1.363744921486297809e+07
4.133064725586046984e-02 1.385505711957787909e+07
4.168011715601347561e-02 1.407676151030636393e+07
4.203254198717341211e-02 1.430248256029080972e+07
4.238794673466020346e-02 1.453011218703458831e+07
4.274635659505628127e-02 1.476271879659439623e+07
4.310779697799296123e-02 1.499869405971495435e+07
4.347229350795183550e-02 1.523666460374972038e+07
4.383987202608142369e-02 1.548081377175430208e+07
4.421055859202923516e-02 1.572737119652945548e+07
4.458437948578923560e-02 1.474346163036661595e+07
4.496136120956500948e-02 9.481008311832848936e+06
4.534153048964861127e-02 4.174058495956629515e+06
4.572491427831539001e-02 1.978912190116479294e+06
4.611153975573473868e-02 2.010547214771966217e+06
4.650143433189705272e-02 2.042451645988043863e+06
4.689462564855702981e-02 2.075188995882435702e+06
4.729114158119319261e-02 2.108203155339666642e+06
4.769101024098432867e-02 2.141768052031611092e+06
4.809425997680233378e-02 2.175916531358208042e+06
4.850091937722202096e-02 2.210354906489574816e+06
4.891101727254795056e-02 2.245661128769244999e+06
4.932458273685835087e-02 2.281265881625958253e+06
4.974164509006634427e-02 2.317508535967149772e+06
5.016223389999858312e-02 2.354304476069106720e+06
5.058637898449151044e-02 2.391530675155020319e+06
5.101411041350525921e-02 2.429542101918884553e+06
5.144545851125551655e-02 2.467874933025478385e+06
5.188045385836333873e-02 2.507051798209963366e+06
5.231912729402321549e-02 2.546635243978183251e+06
5.276150991818941149e-02 2.586907068934679963e+06
5.320763309378081368e-02 2.627766333958159201e+06
5.365752844890436107e-02 2.669181822797591798e+06
5.411122787909745241e-02 2.711342316544603556e+06
5.456876354958912351e-02 2.753950255324502476e+06
5.503016789758040372e-02 2.797437957535852678e+06
5.549547363454399723e-02 2.841293368553106207e+06
5.596471374854337238e-02 2.886129726730505936e+06
5.643792150657144652e-02 2.931351323926260229e+06
5.691513045690909517e-02 2.977492770228152163e+06
5.739637443150354124e-02 3.024105568234238774e+06
5.788168754836690855e-02 3.071602526965164114e+06
5.837110421399503007e-02 3.119635423410007730e+06
5.886465912580670506e-02 3.168537775699440390e+06
5.936238727460358550e-02 3.218018946094810031e+06
5.986432394705089310e-02 3.268381816107458435e+06
6.037050472817902941e-02 3.319347187183705159e+06
6.088096550390646039e-02 3.371218277041449212e+06
6.139574246358384113e-02 3.423690879213151988e+06
6.191487210255957468e-02 3.477116712575425394e+06
6.243839122476736031e-02 3.531123574376119301e+06
6.296633694533528003e-02 2.677539457612536382e+06
6.349874669321714515e-02 1.695537058253612602e+06
6.403565821384601953e-02 1.719620758869588608e+06
6.457710957181021783e-02 1.746538034501808230e+06
6.512313915355188998e-02 1.773956553392949514e+06
6.567378567008848311e-02 1.801707472399467835e+06
6.622908815975711572e-02 1.829913143638062757e+06
6.678908599098230814e-02 1.858522877353925491e+06
6.735381886506690285e-02 1.887531104952420574e+06
6.792332681900685454e-02 1.917024902873551007e+06
6.849765022832951522e-02 1.946851839776054025e+06
6.907682980995621946e-02 1.977255161202493357e+06
6.966090662508885034e-02 2.008006360317568760e+06
7.024992208212081646e-02 2.039254919912583660e+06
7.084391793957291183e-02 2.070957210956281517e+06
7.144293630905368397e-02 2.103066622143506072e+06
7.204701965824493459e-02 2.135745542958304286e+06
7.265621081391256120e-02 2.168816433209541254e+06
7.327055296494271175e-02 2.202413518387062941e+06
7.389008966540373813e-02 2.236502926958937198e+06
7.451486483763392066e-02 2.271011992433199193e+06
7.514492277535543552e-02 2.306138100686358754e+06
7.578030814681449567e-02 2.341707715669929516e+06
7.642106599794823429e-02 2.377765353089482524e+06
7.706724175557812251e-02 2.414421362007446587e+06
7.771888123063062925e-02 2.451540555429690983e+06
7.837603062138498444e-02 2.489197066652985290e+06
7.903873651674839240e-02 2.527454461065310985e+06
7.970704589955902863e-02 2.566205525890213437e+06
8.038100614991687543e-02 2.605519347318828106e+06
8.106066504854267385e-02 2.645443345197665971e+06
8.174607078016556116e-02 2.685884916403322946e+06
8.243727193693897726e-02 2.726885514740280807e+06
8.313431752188571444e-02 2.768539970958606340e+06
8.383725695237194409e-02 2.810738879704914987e+06
8.454614006361073353e-02 2.853493141352777369e+06
8.526101711219512269e-02 2.896925213767214213e+06
8.598193877966109344e-02 2.816711933503587265e+06
8.670895617608062600e-02 2.726616318306060508e+06
8.744212084368523097e-02 2.767985219542521983e+06
8.818148476052002638e-02 2.809990984162684530e+06
8.892710034412869280e-02 2.852554492481734138e+06
8.967902045526976451e-02 2.895685416332311463e+06
9.043729840166410405e-02 2.939418832006500568e+06
9.120198794177425405e-02 2.983807651408202015e+06
9.197314328861554145e-02 3.028787770515416283e+06
9.275081911359969733e-02 3.074368728406146169e+06
9.353507055041074270e-02 3.120559972410172690e+06
9.432595319891370900e-02 3.167437794320072979e+06
9.512352312909638785e-02 3.214953982235970441e+06
9.592783688504448458e-02 3.263104083018054720e+06
9.673895148895035601e-02 3.311896640165817458e+06
9.755692444515554063e-02 3.361340609038069844e+06
9.838181374422763636e-02 3.411499980678979307e+06
9.921367786707153968e-02 3.462348889955884777e+06
1.000525757890754486e-01 3.513872699159952812e+06
1.008985669842920041e-01 3.566079124617434572e+06
1.017517114296546954e-01 3.618977638166554738e+06
1.026120696092299445e-01 3.672578683264216874e+06
1.034797025185051761e-01 3.726895365455788095e+06
1.043546716687131365e-01 3.781967776319923811e+06
1.052370390911926828e-01 3.837762078736525495e+06
1.061268673417866126e-01 3.555501078360840213e+06
1.070242195052765327e-01 2.687214925168692134e+06
1.079291591998553373e-01 2.074973522683866555e+06
1.088417505816373643e-01 2.105908632357168477e+06
1.097620583492068536e-01 2.137259973789107986e+06
1.106901477482047508e-01 2.169033109880530275e+06
1.116260845759544373e-01 2.201232783362585120e+06
1.125699351861260133e-01 2.233862826720163692e+06
1.135217664934411314e-01 2.266929577241884079e+06
1.144816459784165491e-01 2.300439431665347423e+06
1.154496416921482332e-01 2.334396694924768060e+06
1.164258222611359167e-01 2.368801651343939360e+06
1.174102568921484152e-01 2.403660711063030642e+06
1.184030153771300359e-01 2.438997694237443618e+06
1.194041680981485359e-01 2.474804291068495251e+06
1.204137860323848813e-01 2.511078693621327169e+06
1.214319407571651938e-01 2.547824255990030710e+06
1.224587044550353027e-01 2.585045485004337970e+06
1.234941499188781100e-01 2.622747169895994477e+06
1.245383505570742816e-01 2.660938813729734626e+06
1.255913803987066257e-01 2.699621517012875061e+06
1.266533140988083395e-01 2.738797754353555851e+06
1.277242269436557331e-01 2.778473415108613204e+06
1.288041948561057248e-01 2.818650995432361029e+06
1.298932944009784374e-01 2.859335400518615264e+06
1.309916027904851621e-01 2.900530715806439985e+06
1.320991978897025354e-01 2.942241132383493707e+06
1.332161582220927065e-01 2.984470252629864495e+06
1.343425629750703010e-01 3.027221595105616841e+06
1.354784920056165132e-01 3.070500140213287901e+06
1.366240258459405221e-01 3.114326912904705387e+06
1.377792457091888967e-01 3.158712565771421418e+06
1.389442334952032954e-01 3.203641423122334760e+06
1.401190717963266830e-01 3.249112230976904742e+06
1.413038439032587856e-01 3.295129524331743363e+06
1.424986338109611450e-01 3.131440429340891074e+06
1.437035262246117717e-01 3.175420762099412736e+06
1.449186065656105360e-01 3.220232983649497386e+06
1.461439609776350179e-01 3.265574084909155034e+06
1.473796763327480108e-01 3.311448672050336841e+06
1.486258402375555954e-01 3.357870022971608210e+06
1.498825410394190316e-01 3.404842828341057990e+06
1.511498678327176104e-01 3.452357163516402710e+06
1.524279104651651284e-01 3.500417121080993209e+06
1.537167595441797374e-01 3.549043160068829078e+06
1.550165064433075002e-01 3.598226563328566961e+06
1.563272433087004865e-01 3.647972486852778587e+06
1.576490630656494918e-01 3.698295886075616814e+06
1.589820594251719343e-01 3.749192185260357335e+06
1.603263268906555683e-01 3.800649494051665068e+06
1.616819607645584578e-01 3.852682705075163394e+06
1.630490571551653223e-01 3.905259441953353584e+06
1.644277129834013085e-01 3.958409894604925066e+06
1.658180259897031328e-01 4.012178515758791938e+06
1.672200947409485938e-01 4.066523800074832980e+06
1.686340186374442884e-01 4.121449863793464843e+06
1.700598979199728633e-01 4.176968145960732829e+06
1.714978336768994971e-01 4.233062155596517958e+06
1.729479278513386398e-01 4.289758588225003332e+06
1.744102832483813703e-01 4.347033547154740430e+06
1.758850035423837055e-01 4.404918093954110518e+06
1.773721932843167204e-01 4.463424806287196465e+06
1.788719579091787304e-01 4.522534491229261272e+06
1.803844037434701453e-01 4.582233090583543293e+06
1.819096380127314672e-01 4.642530331294479780e+06
1.834477688491452374e-01 4.703415990546092391e+06
1.849989052992019600e-01 4.673329603900543414e+06
1.865631573314311398e-01 4.734280621530378237e+06
1.881406358441974902e-01 4.795819284375271760e+06
1.897314526735630613e-01 4.857939978920796886e+06
1.913357206012162026e-01 4.920646614247978665e+06
1.929535533624665011e-01 4.983934767807270400e+06
1.945850656543091639e-01 5.047802820331801660e+06
1.962303731435557641e-01 5.112271039073945023e+06
1.978895924750348201e-01 5.177320133420672268e+06
1.995628412798612084e-01 2.732505066540620755e+06
2.012502381837757703e-01 2.768081918291271664e+06
2.029519028155552796e-01 2.803997303101561964e+06
2.046679558154936851e-01 2.840249600834734738e+06
2.063985188439547980e-01 2.283349754566790536e+06
2.081437145899976415e-01 2.245691982923824340e+06
2.099036667800744105e-01 2.274954192077204585e+06
2.116785001868021765e-01 2.304494271334425081e+06
2.134683406378087012e-01 2.334312547245518770e+06
2.152733150246529392e-01 2.315225102303944062e+06
2.170935513118212867e-01 2.330553020400952082e+06
2.189291785457994910e-01 2.360525226905961055e+06
2.207803268642215266e-01 2.390768704277020413e+06
2.226471275050957710e-01 2.421283063650682103e+06
2.245297128161091726e-01 2.452066072959862184e+06
2.264282162640101070e-01 2.483118118874056730e+06
2.283427724440705853e-01 2.514436017122656107e+06
2.302735170896283712e-01 2.546019282913243398e+06
2.322205870817099227e-01 2.577866281167464331e+06
2.341841204587346570e-01 2.609985618699323386e+06
2.361642564263011501e-01 2.642394419943389948e+06
2.381611353670563258e-01 2.675061361234716605e+06
2.401748988506478000e-01 2.707984179804493673e+06
2.422056896437606022e-01 2.741159042134060524e+06
2.442536517202386903e-01 2.774583538414971437e+06
2.463189302712919804e-01 2.808254906084303744e+06
2.484016717157898901e-01 2.842169280676230788e+06
2.505020237106415637e-01 2.876324270382914227e+06
2.526201351612644697e-01 2.910715137466668617e+06
2.547561562321400963e-01 2.945362755211397540e+06
2.569102383574614068e-01 2.979268455899373163e+06
2.590825342518678909e-01 3.012954320808284450e+06
2.612731979212724043e-01 3.048251900974031072e+06
2.634823846737798236e-01 3.083765307533843908e+06
2.657102511306973502e-01 3.086793952399034053e+06
2.679569552376384056e-01 3.122384372499311343e+06
2.702226562757203410e-01 3.158174334769465495e+06
2.725075148728565155e-01 3.194157966675066855e+06
2.748116930151443538e-01 3.230387059936973266e+06
2.771353540583491037e-01 3.266804319553905632e+06
2.794786627394854062e-01 3.303399321433961391e+06
2.818417851884960079e-01 3.340156112639536150e+06
2.842248889400300071e-01 3.377076078202103730e+06
2.866281429453199081e-01 3.360283639795121737e+06
2.890517175841598729e-01 1.731708717454269063e+06
2.914957846769845040e-01 1.751791234398217406e+06
2.939605174970504331e-01 1.772081263632012066e+06
2.964460907827204950e-01 1.792493993944349466e+06
2.989526807498519290e-01 1.813012552175097633e+06
3.014804651042890526e-01 1.833637890544093447e+06
3.040296230544621836e-01 1.854362720366222085e+06
3.066003353240923657e-01 7.294226762649153825e+05
3.091927841650041753e-01 7.393160051401564851e+05
3.118071533700461084e-01 7.493018474242561497e+05
3.144436282861212129e-01 7.593780799158542650e+05
3.171023958273267995e-01 7.695533056771010160e+05
3.197836444882061757e-01 7.798268339281855151e+05
3.224875643571120110e-01 7.901987132264625980e+05
3.252143471296824462e-01 8.004574903788606171e+05
3.279641861224321664e-01 8.110249983813186409e+05
3.307372762864560500e-01 8.214881252461241093e+05
3.335338142212525003e-01 8.316914164218823425e+05
3.363539981886600194e-01 8.426813912796118530e+05
3.391980281269133535e-01 8.537708216595859267e+05
3.420661056648183762e-01 8.649597817978651728e+05
3.449584341360464879e-01 8.762478336910288781e+05
3.478752185935501950e-01 8.876349604513169033e+05
3.508166658241002600e-01 8.991525841991414782e+05
3.537829843629461402e-01 9.108210607953969156e+05
3.567743845086000509e-01 9.225881693716677837e+05
3.597910783377462063e-01 9.344538601445036475e+05
3.628332797202761251e-01 9.464172172476223204e+05
3.659012043344509468e-01 9.584780500544579700e+05
3.689950696821922560e-01 9.706376465267618187e+05
3.721150951045016919e-01 9.829064106462158961e+05
3.752615017970113431e-01 9.952712979624426225e+05
3.784345128256657032e-01 1.007731081087819068e+06
3.816343531425357982e-01 1.020285085415721405e+06
3.848612496017672080e-01 1.032917527140888502e+06
3.881154309756633114e-01 1.045630822461868986e+06
3.913971279709038686e-01 1.058601573419655673e+06
3.947065732449013820e-01 1.071694142611335265e+06
3.980440014222951239e-01 1.084877378775423160e+06
4.014096491115852761e-01 1.098150371565999230e+06
4.048037549219071218e-01 1.111511497098005377e+06
4.082265594799475705e-01 1.124967722703841282e+06
4.116783054470043446e-01 1.138148440410793759e+06
4.151592375361896625e-01 1.151621238325640559e+06
4.186696025297791945e-01 1.165367526317194104e+06
4.222096492967079562e-01 1.179195105405498762e+06
4.257796288102136950e-01 1.193102445058266399e+06
4.293797941656302131e-01 1.207055451653677737e+06
4.330104005983306803e-01 1.221072781951235607e+06
4.366717055018209948e-01 1.235100829411813524e+06
4.403639684459907389e-01 1.249263077855195617e+06
4.440874511955134052e-01 1.263494539303792175e+06
4.478424177284048846e-01 1.277561779713795288e+06
4.516291342547383847e-01 1.292184846325030783e+06
4.554478692355173330e-01 1.306872433129967190e+06
4.592988934017083746e-01 1.321608276991625782e+06
4.631824797734345744e-01 1.336389442895262735e+06
4.670989036793314342e-01 1.351214349485453684e+06
4.710484427760667225e-01 1.366020571855488000e+06
4.750313770680245629e-01 1.379956866706431145e+06
4.790479889271569980e-01 1.394853663981828839e+06
4.830985631130024216e-01 1.409794004826653050e+06
4.871833867928740958e-01 1.424507605873858789e+06
4.913027495622187546e-01 1.427468264280603034e+06
4.954569434651477922e-01 1.442755172382081626e+06
4.996462630151417006e-01 1.458075083140901523e+06
5.038710052159298680e-01 1.472280957380687585e+06
5.081314695825468464e-01 1.487651823068410857e+06
5.124279581625661439e-01 1.503045048553077504e+06
5.167607755575148731e-01 1.518455169772925321e+06
5.211302289444676994e-01 1.533878771145735169e+06
5.255366280978250870e-01 1.549305627594318707e+06
5.299802854112743988e-01 1.564726077035906492e+06
5.344615159199370691e-01 1.580147642989389598e+06
5.389806373227038483e-01 1.595562298948978074e+06
5.435379700047576756e-01 1.506480064650315791e+06
5.481338370602873988e-01 1.521722654384640744e+06
5.527685643153942285e-01 1.536262045206849230e+06
5.574424803511909277e-01 1.549530484149730997e+06
5.621559165270972880e-01 1.564790325190427247e+06
5.669092070043300069e-01 1.580101639707437251e+06
5.717026887695964010e-01 1.595407767839142587e+06
5.765367016589828530e-01 1.609494043803899782e+06
5.814115883820486497e-01 1.623097334705062676e+06
5.863276945461218803e-01 1.638232185674774926e+06
5.912853686808022813e-01 1.653325379602065543e+06
5.962849622626693602e-01 1.668377205507139675e+06
6.013268297402014628e-01 1.683380799665721133e+06
6.064113285589038949e-01 1.698557817637375090e+06
6.115388191866506506e-01 1.712542446873217588e+06
6.167096651392396378e-01 1.727609101629230659e+06
6.219242330061641733e-01 1.742619998966012849e+06
6.271828924766030822e-01 1.757607785368872806e+06
6.324860163656292888e-01 1.772507746418672847e+06
6.378339806406414514e-01 1.787309903978165472e+06
6.432271644480175299e-01 1.801626918337516254e+06
6.486659501399951733e-01 1.815757434476315975e+06
6.541507233017785916e-01 1.830025692841520766e+06
6.596818727788744674e-01 1.844172647669392638e+06
6.652597907046600145e-01 1.858516804956610315e+06
6.708848725281826297e-01 1.735525757924729260e+06
6.765575170421962437e-01 1.531030910214428557e+06
6.822781264114331501e-01 1.545019008625161368e+06
6.880471062011163097e-01 1.558954397789194249e+06
6.938648654057117948e-01 1.572830784634563606e+06
6.997318164779243732e-01 1.586511151128628524e+06
7.056483753579392282e-01 1.599870690454891417e+06
7.116149615029094821e-01 1.613147726800952572e+06
7.176319979166942975e-01 1.626339762209295761e+06
7.236999111798476658e-01 1.639642454838555772e+06
7.298191314798612161e-01 1.373794396568844561e+06
7.359900926416623745e-01 1.387316498532470549e+06
7.422132321583716497e-01 1.401378613872932037e+06
7.484889912223153807e-01 1.415503474662028952e+06
7.548178147563091578e-01 1.429615324108927045e+06
7.612001514451979256e-01 1.443262327002670383e+06
7.676364537676660937e-01 1.454607712452120148e+06
7.741271780283163206e-01 1.468012247680090601e+06
7.806727843900198582e-01 1.481173495939107845e+06
7.872737369065393453e-01 1.494499524241943378e+06
7.939305035554284906e-01 1.498885783402767032e+06
8.006435562712094223e-01 1.512730306834951742e+06
8.074133709788311464e-01 1.526601974922234425e+06
8.142404276274095576e-01 1.540418557635836536e+06
8.211252102242546647e-01 1.553534802340080729e+06
8.280682068691838094e-01 1.550755794290118385e+06
8.350699097891258749e-01 1.563736743419356178e+06
8.421308153730180379e-01 1.576639455442101695e+06
8.492514242069977293e-01 1.589208825377733912e+06
8.564322411098913568e-01 1.601722895621221047e+06
8.636737751690041209e-01 1.614095790915242862e+06
8.709765397762118111e-01 1.626363217342817457e+06
8.783410526643579130e-01 1.639518935018609744e+06
8.857678359439585813e-01 1.652870882024982013e+06
8.932574161402180302e-01 1.665884675159520470e+06
9.008103242303566738e-01 1.677921970855373889e+06
9.084270956812549036e-01 1.689818151013553143e+06
9.161082704874151661e-01 1.700321971328217071e+06
9.238543932092455613e-01 1.711641995639468078e+06
9.316660130116664051e-01 1.722829719547627261e+06
9.395436837030435306e-01 1.734087924702750286e+06
9.474879637744506589e-01 1.745163408593653236e+06
9.554994164392641709e-01 1.755224060945386766e+06
9.635786096730933892e-01 1.764761700180131709e+06
9.717261162540429265e-01 1.763999968509479193e+06
9.799425138033267535e-01 1.771509083399906754e+06
9.882283848262146675e-01 1.781351044168522349e+06
9.965843167533299241e-01 1.791241118120275903e+06
1.005010901982295923e+00 1.800440646384370280e+06
1.013508737919734282e+00 1.808435379471250810e+06
1.022078427023617841e+00 1.816139113860353595e+06
1.030720576845983505e+00 1.785863768517981051e+06
1.039435800076002892e+00 1.794841476022474933e+06
1.048224714583421147e+00 1.803335887367493240e+06
1.057087943462360125e+00 1.810510910378033761e+06
1.066026115075493053e+00 1.816557352842030581e+06
1.075039863098592230e+00 1.800321130246169399e+06
1.084129826565455090e+00 1.803397917285853997e+06
1.093296649913207297e+00 1.809570114643933717e+06
1.102540983027990640e+00 1.810881457400085405e+06
1.111863481291038180e+00 1.815467600901018130e+06
1.121264805625136418e+00 1.819337774703947362e+06
1.130745622541482476e+00 1.821722493070441298e+06
1.140306604186936745e+00 1.826041286597718950e+06
1.149948428391674105e+00 1.825663686831705971e+06
1.159671778717240587e+00 1.808441536870994605e+06
1.169477344505013505e+00 1.233485334369536489e+06
1.179365820925073027e+00 1.231090489653125638e+06
1.189337909025486306e+00 1.227879152337952750e+06
1.199394315782009723e+00 1.224612395841998747e+06
1.209535754148208797e+00 1.220854647696960717e+06
1.219762943106004194e+00 1.216649025493356399e+06
1.230076607716643622e+00 1.208667064877489815e+06
1.240477479172106490e+00 1.203524160679678433e+06
1.250966294846941107e+00 1.197878347120122518e+06
1.261543798350541534e+00 1.178130800969642121e+06
1.272210739579867189e+00 1.171654879074153258e+06
1.282967874772602990e+00 1.160658320421839831e+06
1.293815966560778907e+00 1.153192157262914814e+06
1.304755784024833831e+00 1.145185782572632888e+06
1.315788102748140620e+00 1.136626079764748923e+06
1.326913704871990785e+00 1.127500063196777366e+06
1.338133379151045688e+00 1.117791949791112682e+06
1.349447921009255147e+00 1.107486083897605771e+06
1.360858132596249215e+00 1.096567157000879059e+06
1.372364822844207799e+00 1.085026229644000297e+06
1.383968807525208788e+00 7.214485379974774551e+05
1.395670909309064234e+00 7.151502766876072856e+05
1.407471957821643249e+00 7.084612988665617304e+05
1.419372789703687854e+00 7.013768121032955823e+05
1.431374248670128413e+00 3.179529301997624571e+05
1.443477185569898458e+00 3.175151425031294930e+05
1.455682458446255989e+00 3.169687257287403918e+05
1.467990932597615039e+00 3.146188864401509636e+05
1.480403480638891267e+00 3.138757963614764158e+05
1.492920982563366472e+00 3.130148496427754289e+05
1.505544325805075800e+00 3.120335417630766169e+05
1.518274405301724084e+00 2.741784784615125391e+05
1.531112123558130644e+00 2.732734860786410864e+05
1.544058390710214557e+00 2.356158406674239377e+05
1.557114124589518811e+00 2.358044116271116072e+05
1.570280250788279819e+00 2.359221079231002077e+05
1.583557702725048255e+00 2.359667628984382318e+05
1.596947421710863901e+00 2.359361430097200500e+05
1.610450357015990708e+00 2.358253847920833214e+05
1.624067465937214960e+00 2.344031005604472884e+05
1.637799713865714102e+00 2.341642150670902338e+05
1.651648074355500206e+00 2.338423444072533748e+05
1.665613529192432996e+00 2.334351544386005262e+05
1.679697068463835041e+00 2.329402993595921434e+05
1.693899690628677179e+00 2.323554069544821978e+05
1.708222402588366551e+00 2.316781058459827327e+05
1.722666219758131056e+00 2.309061555737953167e+05
1.737232166139008882e+00 2.247991343070337025e+05
1.751921274390443317e+00 2.239733769571202865e+05
1.766734585903495969e+00 2.230510786588233605e+05
1.781673150874675038e+00 2.220299433352153574e+05
1.796738028380390428e+00 2.209077115763410984e+05
1.811930286452036354e+00 2.196820713666177180e+05
1.827251002151711656e+00 2.183506292374259501e+05
1.842701261648576727e+00 2.169109590418178414e+05
1.858282160295859242e+00 2.140289399636591552e+05
1.873994802708509155e+00 2.123974840041917050e+05
1.889840302841511166e+00 2.106595077579015633e+05
1.905819784068858880e+00 1.984046359278154559e+05
1.921934379263196879e+00 1.967624249703705427e+05
1.938185230876136478e+00 1.950105698515775148e+05
1.954573491019250264e+00 1.931472326808145444e+05
1.971100321545751433e+00 1.911705659752148786e+05
1.987766894132864337e+00 1.890789563177756208e+05
2.004574390364890046e+00 1.868707744737408066e+05
2.021524001816977112e+00 1.845445164594253583e+05
2.038616930139596217e+00 1.820961537746234098e+05
2.055854387143734918e+00 1.795296636331981572e+05
2.073237594886806701e+00 1.768412407678161107e+05
2.090767785759290565e+00 1.740297157315829245e+05
2.108446202572102912e+00 1.710940868237793329e+05
2.126274098644705290e+00 1.680332631442182465e+05
2.144252737893959093e+00 1.648461596931174281e+05
2.162383394923734325e+00 1.615314760489564796e+05
2.180667355115271100e+00 1.580874913475064386e+05
2.199105914718302746e+00 1.545119412027060753e+05
2.217700380942964067e+00 1.508019580015535175e+05
2.236452072052459439e+00 1.469544666513373668e+05
2.255362317456524490e+00 1.429685379750894499e+05
2.274432457805672492e+00 2.638791055203348878e+04
2.293663845086242770e+00 2.630042212590502459e+04
2.313057842716250700e+00 2.620189155019076134e+04
2.332615825642045948e+00 2.609205729574124052e+04
2.352339180435790489e+00 2.597063499332741048e+04
2.372229305393761756e+00 2.583737160632161613e+04
2.392287610635484008e+00 2.569202545286223904e+04
2.412515518203699028e+00 2.553431793534105964e+04
2.432914462165184588e+00 2.536214401085878126e+04
2.453485888712421126e+00 2.517904947631756659e+04
2.474231256266120837e+00 2.498282551058673562e+04
2.495152035578624083e+00 2.477324785681261710e+04
2.516249709838167536e+00 2.455007873410328102e+04
2.537525774774036069e+00 2.431309549998492002e+04
2.558981738762604596e+00 2.406206496555265403e+04
2.580619122934272092e+00 2.379678846562624676e+04
2.602439461281305988e+00 2.351706099691666168e+04
2.624444300766592963e+00 2.322269788956133198e+04
2.646635201433312545e+00 2.291352247407352115e+04
2.669013736515537083e+00 2.258937503746397488e+04
2.691581492549767418e+00 2.225012494285232242e+04
2.714340069487409579e+00 2.189564038437052295e+04
2.737291080808205379e+00 2.152582503414706298e+04
2.760436153634620027e+00 2.114060286903480301e+04
2.783776928847199184e+00 2.073992222163548649e+04
2.807315061200897688e+00 2.032376752545381532e+04
2.831052219442399043e+00 1.989214473904020997e+04
2.854990086428408791e+00 1.944510845371379401e+04
2.879130359244980397e+00 1.898274287721126166e+04
2.903474749327818127e+00 1.850518624636605091e+04
2.928024982583613323e+00 1.801261279903803370e+04
2.952782799512403855e+00 1.750527014530806991e+04
2.977749955330966536e+00 1.698345008944745859e+04
3.002928220097254908e+00 1.644752152405404922e+04
3.028319378835888642e+00 1.589792148096941673e+04
3.053925231664702533e+00 1.533516429201107712e+04
3.079747593922367965e+00 1.475984983217169611e+04
3.105788296297090856e+00 1.417264374721320019e+04
3.132049184956399390e+00 1.357427402390372299e+04
3.158532121678030880e+00 1.296545428047803580e+04
3.185238983981919958e+00 1.234675958336163239e+04
3.212171665263309439e+00 1.171836493284632343e+04
3.239332074926981608e+00 1.107969031850441570e+04
3.266722138522625940e+00 1.043005418211263350e+04
3.294343797881353453e+00 8.817330860209537491e+00
3.322199011253363476e+00 8.700137275279976379e+00
3.350289753446773044e+00 8.577307385659697303e+00
3.378618015967623567e+00 8.448787137054068808e+00
3.407185807161068780e+00 8.314531085259501353e+00
3.435995152353756854e+00 8.174501699975502689e+00
3.465048093997418643e+00 8.028668548397551064e+00
3.494346691813666084e+00 7.877009096028511514e+00
3.523893022940018049e+00 7.719514052858531983e+00
3.553689182077160780e+00 7.556182825703796624e+00
3.583737281637450423e+00 7.387030471830156486e+00
3.614039451894676791e+00 7.212083194299656164e+00
3.644597841135086558e+00 7.031383886604262834e+00
3.675414615809689423e+00 6.844990254280052255e+00
3.706491960687848586e+00 6.652979909424057148e+00
3.737832079012174624e+00 6.455449221405030968e+00
3.769437192654712110e+00 6.252524182794688024e+00
3.801309542274479369e+00 6.044346118660341993e+00
3.833451387476309868e+00 5.831092103109314806e+00
3.865865006971049400e+00 5.612968633956147535e+00
3.898552698737105526e+00 5.390217724852191417e+00
3.931516780183367032e+00 5.163120895747047356e+00
3.964759588313494731e+00 4.932005824708029174e+00
3.998283479891604930e+00 4.697246624655117664e+00
4.032090831609354886e+00 4.459275304253825567e+00
4.066184040254437804e+00 4.218562037462991299e+00
4.100565522880504687e+00 3.975600074161347752e+00
4.135237716978522826e+00 3.730805051711913567e+00
4.170203080649582006e+00 3.484302942061631381e+00
4.205464092779163998e+00 1.459051311580840560e+00
4.241023253212882871e+00 1.305741671912052482e+00
4.276883082933713887e+00 1.218387866210004500e+00
4.313046124240718981e+00 1.130818946951455128e+00
4.349514940929283924e+00 1.043037823134504993e+00
4.386292118472880475e+00 1.988894599377988293e-01
4.423380264206365986e+00 0.000000000000000000e+00
4.460782007510828429e+00 0.000000000000000000e+00
4.498499999999999943e+00 0.000000000000000000e+00
